#date,problem,instance,method,rand_seed,target,use_target,objective,time_limit,nb_max_iterations,initialization,nb_iter_local_search,max_time_local_search,local_search,adaptive,window_size,coeff_exploi_explo,simulation,O_time,P_time
#2022-10-11 20:29:52,wvcp,C2000.9,local_search,5,0,false,reached,3600,9223372036854775807,constrained,9000000000000000000,3600,ilsts,pursuit,50,1,always_ls,0,0.02
turn,time,nb_colors,penalty,score,solution
0,0,608,0,6645,0:1:2:3:2:4:5:6:7:4:8:5:1:9:10:11:10:12:11:13:12:14:9:8:15:16:17:15:18:19:20:19:21:22:0:7:23:18:14:20:24:4:16:6:25:12:13:26:27:28:3:25:29:29:20:30:27:24:26:31:32:7:33:17:28:33:32:30:23:4:34:21:16:34:35:32:36:35:22:0:37:38:31:30:38:23:39:39:37:40:41:40:42:43:2:38:11:41:33:44:45:19:43:46:47:45:48:49:31:50:10:50:49:44:51:13:34:47:52:51:53:54:55:36:53:56:57:28:48:58:59:42:60:49:61:61:62:63:55:64:65:54:52:62:43:64:59:66:67:1:58:67:68:60:46:69:57:65:70:35:69:22:71:8:60:71:72:56:73:68:29:63:42:74:66:74:65:75:37:46:76:75:77:78:45:78:77:76:72:79:61:80:79:81:82:83:84:84:64:79:70:85:86:85:80:81:86:80:73:87:83:63:69:55:88:89:90:90:88:91:67:91:89:14:70:92:93:88:94:93:95:92:82:5:52:44:94:96:87:95:97:96:66:97:72:50:98:17:48:99:100:101:102:103:82:104:25:103:101:105:106:103:106:107:105:104:108:98:109:108:51:109:39:100:92:15:110:71:107:111:112:113:114:54:115:116:102:110:83:116:94:114:36:107:117:118:68:119:77:120:113:112:73:120:115:121:122:122:119:111:62:90:117:123:121:115:99:124:125:126:118:41:47:124:127:126:128:129:130:29:130:131:122:132:125:133:123:117:133:127:18:126:129:128:34:132:109:131:134:97:135:136:134:137:135:138:109:96:139:127:78:140:141:31:142:140:143:137:130:101:141:142:144:145:136:146:129:91:146:139:40:84:119:147:144:138:148:149:150:147:148:95:151:53:151:123:127:120:125:87:152:153:41:153:145:152:149:100:149:39:154:155:150:156:157:107:156:133:155:128:136:158:154:157:75:158:59:159:142:160:143:146:161:162:163:164:162:161:27:160:165:166:150:163:159:112:167:153:168:169:58:124:169:168:170:89:6:84:9:56:171:172:172:137:156:89:167:171:173:170:174:173:175:174:165:159:176:166:140:177:175:164:178:176:121:177:178:179:180:180:181:181:182:158:183:26:134:184:179:175:185:116:186:186:180:95:187:173:185:184:17:188:139:187:189:190:191:150:24:113:192:182:191:179:193:191:134:105:194:110:138:189:183:67:186:195:194:196:197:190:131:132:197:198:195:199:143:74:184:106:177:155:196:200:193:152:192:181:144:57:183:201:141:138:202:200:51:203:204:199:189:205:205:104:206:160:207:207:208:201:168:203:198:171:209:210:204:211:2:111:172:208:211:200:209:164:212:202:213:194:212:214:214:3:193:167:210:206:170:114:201:137:135:168:215:147:122:161:188:169:213:216:217:217:85:153:55:218:219:220:151:216:192:22:221:220:219:221:165:195:222:223:224:223:224:221:163:222:215:174:216:182:184:225:226:227:218:228:229:228:226:188:218:210:230:217:225:81:231:50:74:224:232:231:212:230:197:102:233:77:98:234:234:235:234:236:221:237:238:154:198:236:199:239:118:208:240:237:232:241:240:241:242:232:239:235:233:238:223:219:5:243:133:243:215:230:242:76:108:227:244:226:245:244:246:222:228:247:248:246:145:235:249:250:247:251:249:252:135:225:253:251:248:229:236:250:252:110:249:209:166:97:176:253:231:240:242:254:255:245:256:257:255:258:185:259:256:254:258:257:260:21:261:262:162:263:264:178:265:259:213:263:261:238:266:259:267:211:254:260:248:265:268:252:268:269:270:264:271:272:243:262:57:193:196:273:269:271:267:227:274:275:276:277:276:275:278:279:272:270:273:274:280:281:282:86:280:283:277:268:284:278:285:239:282:116:286:246:247:149:287:274:286:284:270:278:220:267:266:202:288:289:287:290:260:180:291:281:285:169:292:289:290:291:279:293:108:294:284:206:245:283:295:294:296:121:91:190:292:297:273:298:162:299:300:286:301:288:157:295:302:231:303:300:69:283:297:301:271:293:260:219:277:265:304:305:304:261:205:298:306:292:307:308:302:309:291:305:205:237:295:308:287:296:191:310:311:24:312:311:313:309:314:315:142:316:266:250:313:314:317:306:314:312:298:230:299:253:14:303:307:303:318:289:309:257:319:317:320:321:320:113:299:316:317:315:321:318:322:267:60:323:323:323:203:157:324:325:326:251:68:310:327:319:324:328:104:305:325:288:328:329:285:330:322:294:331:331:332:333:332:334:335:336:337:338:334:339:222:339:321:340:335:333:341:340:338:330:329:342:214:229:342:343:335:282:336:307:235:337:72:326:327:344:345:346:347:269:345:341:348:349:349:85:346:350:348:351:351:343:352:241:255:299:342:310:353:344:1:93:354:349:301:23:350:339:264:352:315:355:355:353:279:356:328:335:65:347:357:356:318:358:357:359:354:354:337:83:327:360:199:361:362:363:311:364:365:361:363:359:355:364:366:367:368:332:360:102:369:365:358:366:252:338:370:371:272:206:368:372:369:373:370:374:25:374:297:375:343:376:262:100:263:6:362:371:8:377:378:245:376:375:377:363:373:333:367:368:378:126:372:52:276:376:311:345:379:380:370:284:381:382:225:313:383:344:377:383:360:384:385:381:296:386:362:360:129:384:359:381:379:322:387:319:233:244:258:388:342:389:213:380:329:387:356:389:382:325:390:310:366:388:390:347:176:274:346:391:385:306:392:393:386:391:394:304:371:395:395:367:280:396:396:229:357:392:256:397:397:320:376:54:316:398:399:400:393:401:163:402:400:403:350:365:391:399:404:398:290:394:405:405:406:326:404:375:406:402:361:28:403:401:407:385:341:408:124:336:409:410:411:379:372:281:297:398:408:351:18:412:407:413:409:412:399:118:401:380:218:331:377:348:312:386:414:400:415:414:356:416:415:416:99:417:353:418:373:351:418:419:330:420:350:410:411:421:417:419:422:212:382:423:424:413:275:402:425:420:426:308:425:427:161:112:410:406:426:423:428:429:254:302:429:329:393:421:10:265:430:194:99:387:424:397:352:428:358:431:427:432:204:420:258:430:433:434:241:434:422:431:234:433:435:277:432:383:436:437:384:438:383:435:439:198:440:440:425:417:441:415:442:15:443:423:444:445:437:443:441:443:399:185:435:446:438:447:447:448:427:265:441:447:445:444:389:413:446:449:450:408:451:452:247:407:300:364:434:436:439:453:411:454:454:275:340:453:455:456:179:427:422:451:452:293:450:455:456:442:457:458:449:187:403:459:448:448:416:454:459:421:460:392:460:461:462:457:463:419:464:462:464:465:466:463:409:421:442:458:461:465:466:93:467:227:437:424:468:469:470:405:436:469:471:418:439:203:472:455:103:370:414:353:452:168:429:472:440:473:378:470:474:475:468:473:474:476:477:449:314:478:450:479:480:481:324:304:482:478:483:475:476:479:481:484:485:444:480:201:432:486:388:485:446:471:458:480:482:487:119:488:467:489:483:477:445:490:182:433:489:348:490:491:491:484:492:426:493:454:477:493:492:487:494:495:347:495:468:491:170:460:328:446:488:496:494:497:369:306:226:486:209:496:486:164:396:482:498:499:500:501:502:503:207:488:438:497:501:476:500:504:505:390:471:504:506:462:502:507:507:508:509:506:154:412:505:510:510:503:475:368:481:508:511:512:498:181:509:466:428:513:512:514:105:484:514:515:431:513:470:59:64:515:47:397:516:517:518:512:459:506:53:517:216:516:502:507:499:519:451:520:499:521:12:334:522:495:520:523:490:524:524:518:493:525:526:511:515:525:527:526:467:463:519:528:521:520:529:530:527:531:532:485:373:529:464:533:532:500:144:533:374:487:276:534:529:524:531:479:535:530:523:528:80:536:322:516:355:95:537:538:534:467:537:522:539:540:539:535:541:249:96:541:540:538:521:518:532:542:543:544:536:542:543:522:425:148:533:496:531:545:388:513:490:544:546:141:545:546:547:465:548:539:499:401:549:152:293:29:549:550:302:394:551:404:552:552:553:554:483:552:175:437:549:550:379:472:555:554:555:544:556:319:547:557:553:480:489:558:548:550:555:197:556:272:559:559:560:561:562:560:546:492:503:563:562:557:560:558:561:564:551:565:537:559:510:535:563:464:566:540:567:30:564:239:568:9:390:568:567:569:498:570:571:494:504:572:440:389:536:566:519:572:573:571:565:574:145:501:566:474:478:574:575:571:576:575:577:498:563:469:577:578:448:573:551:395:508:569:576:579:580:580:509:573:581:579:582:420:583:211:584:570:585:430:456:581:453:586:587:561:554:588:582:120:525:589:528:572:341:590:578:556:589:578:511:591:577:592:588:591:593:593:497:565:586:457:592:343:594:66:538:595:584:80:167:595:505:594:585:526:541:596:576:594:596:597:320:598:597:584:586:583:590:599:585:522:600:542:600:601:602:36:479:603:574:602:604:491:543:604:586:530:599:587:605:271:603:606:598:38:557:311:607:49:588:575:406:604:433:607
1,0,607,0,6639,0:1:2:3:2:4:5:6:7:4:8:5:1:9:10:11:10:12:11:13:12:14:9:8:15:16:17:15:18:19:20:19:21:22:0:7:23:18:14:20:24:4:16:6:25:12:13:26:27:28:3:25:29:29:20:30:27:24:26:31:32:7:33:17:28:33:32:30:23:4:34:21:16:34:35:32:36:35:22:0:37:38:31:30:38:23:39:39:37:40:41:40:42:43:2:38:11:41:33:44:45:19:43:46:47:45:48:49:31:50:10:50:49:44:51:13:34:47:52:51:53:54:55:36:53:56:57:28:48:58:59:42:60:49:61:61:62:63:55:64:65:54:52:62:43:64:59:66:67:1:58:67:68:60:46:69:57:65:70:35:69:22:71:8:60:71:72:56:73:68:29:63:42:74:66:74:65:75:37:46:76:75:77:78:45:78:77:76:72:79:61:80:79:81:82:83:84:84:64:79:70:85:86:85:80:81:86:80:73:87:83:63:69:55:88:89:90:90:88:91:67:91:89:14:70:92:93:88:94:93:95:92:82:5:52:44:94:96:87:95:97:96:66:97:72:50:98:17:48:99:100:101:102:103:82:104:25:103:101:105:106:103:106:107:105:104:108:98:109:108:51:109:39:100:92:15:110:71:107:111:112:113:114:54:115:116:102:110:83:116:94:114:36:107:117:118:68:119:77:120:113:112:73:120:115:121:122:122:119:111:62:90:117:123:121:115:99:124:125:126:118:41:47:124:127:126:128:129:130:29:130:131:122:132:125:133:123:117:133:127:18:126:129:128:34:132:109:131:134:97:135:136:134:137:135:138:109:96:139:127:78:140:141:31:142:140:143:137:130:101:141:142:144:145:136:146:129:91:146:139:40:84:119:147:144:138:148:149:150:147:148:95:151:53:151:123:127:120:125:87:152:153:41:153:145:152:149:100:149:39:154:155:150:156:157:107:156:133:155:128:136:158:154:157:75:158:59:159:142:160:143:146:161:162:163:164:162:161:27:160:165:166:150:163:159:112:167:153:168:169:58:124:169:168:170:89:6:84:9:56:171:172:172:137:156:89:167:171:173:170:174:173:175:174:165:159:176:166:140:177:175:164:178:176:121:177:178:179:180:180:181:181:182:158:183:26:134:184:179:175:185:116:186:186:180:95:187:173:185:184:17:188:139:187:189:190:191:150:24:113:192:182:191:179:193:191:134:105:194:110:138:189:183:67:186:195:194:196:197:190:131:132:197:198:195:199:143:74:184:106:177:155:196:200:193:152:192:181:144:57:183:201:141:138:202:200:51:203:204:199:189:205:205:104:206:160:207:207:208:201:168:203:198:171:209:210:204:211:2:111:172:208:211:200:209:164:212:202:213:194:212:214:214:3:193:167:210:206:170:114:201:137:135:168:215:147:122:161:188:169:213:216:217:217:85:153:55:218:219:220:151:216:192:22:221:220:219:221:165:195:222:223:224:223:224:221:163:222:215:174:216:182:184:225:226:227:218:228:229:228:226:188:218:210:230:217:225:81:231:50:74:224:232:231:212:230:197:102:233:77:98:234:234:235:234:236:221:237:238:154:198:236:199:239:118:208:240:237:232:241:240:241:242:232:239:235:233:238:223:219:5:243:133:243:215:230:242:76:108:227:244:226:245:244:246:222:228:247:248:246:145:235:249:250:247:251:249:252:135:225:253:251:248:229:236:250:252:110:249:209:166:97:176:253:231:240:242:254:255:245:256:257:255:258:185:259:256:254:258:257:260:21:261:262:162:263:264:178:265:259:213:263:261:238:266:259:267:211:254:260:248:265:268:252:268:269:270:264:271:272:243:262:57:193:196:273:269:271:267:227:274:275:276:277:276:275:278:279:272:270:273:274:280:281:282:86:280:283:277:268:284:278:285:239:282:116:286:246:247:149:287:274:286:284:270:278:220:267:266:202:288:289:287:290:260:180:291:281:285:169:292:289:290:291:279:293:108:294:284:206:245:283:295:294:296:121:91:190:292:297:273:298:162:299:300:286:301:288:157:295:302:231:303:300:69:283:297:301:271:293:260:219:277:265:304:305:304:261:205:298:306:292:307:308:302:309:291:305:205:237:295:308:287:296:191:310:311:24:312:311:313:309:314:315:142:316:266:250:313:314:317:306:314:312:298:230:299:253:14:303:307:303:318:289:309:257:319:317:320:321:320:113:299:316:317:315:321:318:322:267:60:323:323:323:203:157:324:325:326:251:68:310:327:319:324:328:104:305:325:288:328:329:285:330:322:294:331:331:332:333:332:334:335:336:337:338:334:339:222:339:321:340:335:333:341:340:338:330:329:342:214:229:342:343:335:282:336:307:235:337:72:326:327:344:345:346:347:269:345:341:348:349:349:85:346:350:348:351:351:343:352:241:255:299:342:310:353:344:1:93:354:349:301:23:350:339:264:352:315:355:355:353:279:356:328:335:65:347:357:356:318:358:357:359:354:354:337:83:327:360:199:361:362:363:311:364:365:361:363:359:355:364:366:367:368:332:360:102:369:365:358:366:252:338:370:371:272:206:368:372:369:373:370:374:25:374:297:375:343:376:262:100:263:6:362:371:8:377:378:245:376:375:377:363:373:333:367:368:378:126:372:52:276:376:311:345:379:380:370:284:381:382:225:313:383:344:377:383:360:384:385:381:296:386:362:360:129:207:359:381:379:322:387:319:233:244:258:388:342:389:213:380:329:387:356:389:382:325:390:310:366:388:390:347:176:274:346:391:385:306:392:393:386:391:394:304:371:395:395:367:280:396:396:229:357:392:256:397:397:320:376:54:316:398:399:400:393:401:163:402:400:403:350:365:391:399:404:398:290:394:405:405:406:326:404:375:406:402:361:28:403:401:407:385:341:408:124:336:409:410:411:379:372:281:297:398:408:351:18:412:407:413:409:412:399:118:401:380:218:331:377:348:312:386:414:400:415:414:356:416:415:416:99:417:353:418:373:351:418:419:330:420:350:410:411:421:417:419:422:212:382:423:424:413:275:402:425:420:426:308:425:427:161:112:410:406:426:423:428:429:254:302:429:329:393:421:10:265:430:194:99:387:424:397:352:428:358:431:427:432:204:420:258:430:433:434:241:434:422:431:234:433:468:277:432:383:436:437:384:438:383:384:439:198:440:440:425:417:441:415:442:15:443:423:444:445:437:443:441:443:399:185:321:446:438:447:447:448:427:265:441:447:445:444:389:413:446:449:450:408:451:452:247:407:300:364:434:436:439:453:411:454:454:275:340:453:455:456:179:427:422:451:452:293:450:455:456:442:457:458:449:187:403:459:448:448:416:454:459:421:460:392:460:461:462:457:463:419:464:462:464:465:466:463:409:421:442:458:461:465:466:93:467:227:437:424:468:469:470:405:436:469:471:418:439:203:472:455:103:370:414:353:452:168:429:472:440:473:378:470:474:475:468:473:474:476:477:449:314:478:450:479:480:481:324:304:482:478:483:475:476:479:481:484:485:444:480:201:432:486:388:485:446:471:458:480:482:487:119:488:467:489:483:477:445:490:182:433:489:348:490:491:491:484:492:426:493:454:477:493:492:487:494:495:347:495:209:491:170:460:328:446:488:496:494:497:369:306:226:486:209:496:486:164:396:482:498:499:500:501:502:503:207:488:438:497:501:476:500:504:505:390:471:504:506:462:502:507:507:508:509:506:154:412:505:510:510:503:475:368:481:508:511:512:498:181:509:466:428:513:512:514:105:484:514:515:431:513:470:59:64:515:47:397:516:517:518:512:459:506:53:517:216:516:502:507:499:519:451:520:499:521:12:334:522:495:520:523:490:524:524:518:493:525:526:511:515:525:527:526:467:463:519:528:521:520:529:530:527:531:532:485:373:529:464:533:532:500:144:533:374:487:276:534:529:524:531:479:535:530:523:528:80:536:322:516:355:95:537:538:534:467:537:522:539:540:539:535:541:249:96:541:540:538:521:518:532:542:543:544:536:542:543:522:425:148:533:496:531:545:388:513:490:544:546:141:545:546:547:465:548:539:499:401:549:152:293:29:549:550:302:394:551:404:552:552:553:554:483:552:175:437:549:550:379:472:555:554:555:544:556:319:547:557:553:480:489:558:548:550:555:197:556:272:559:559:560:561:562:560:546:492:503:563:562:557:560:558:561:564:551:565:537:559:510:535:563:464:566:540:567:30:564:239:568:9:390:568:567:569:498:570:571:494:504:572:440:389:536:566:519:572:573:571:565:574:145:501:566:474:478:574:575:571:576:575:577:498:563:469:577:578:448:573:551:395:508:569:576:579:580:580:509:573:581:579:582:420:583:211:584:570:585:430:456:581:453:586:587:561:554:588:582:120:525:589:528:572:341:590:578:556:589:578:511:591:577:592:588:591:593:593:497:565:586:457:592:343:594:66:538:595:584:80:167:595:505:594:585:526:541:596:576:594:596:597:320:598:597:584:586:583:590:599:585:522:600:542:600:601:602:36:479:603:574:602:604:491:543:604:586:530:599:587:605:271:603:606:598:38:557:311:607:49:588:575:406:604:433:607
3,1,607,0,6637,131:1:2:3:2:4:5:6:7:4:8:5:1:9:10:11:10:12:11:13:12:14:9:8:15:16:17:15:18:19:20:19:21:22:48:7:23:18:14:20:24:4:16:6:25:12:13:26:0:28:131:25:29:29:20:30:27:24:26:31:32:7:33:17:28:33:32:30:23:4:34:21:16:34:35:32:36:35:22:0:37:38:31:30:38:23:39:39:37:40:41:40:42:43:2:38:11:41:33:44:45:19:43:46:47:45:48:49:31:50:10:50:49:44:51:13:34:47:52:51:53:54:55:36:53:56:57:28:48:94:59:42:60:49:61:61:62:63:55:64:65:54:52:62:43:64:59:66:67:1:73:67:68:60:46:69:57:65:70:35:69:22:71:8:60:71:72:56:92:68:29:63:42:74:66:74:65:75:37:46:76:75:77:0:45:78:77:76:72:79:61:80:79:81:82:83:84:84:64:79:70:85:86:85:80:81:86:80:73:87:83:63:69:55:88:89:78:90:88:91:67:91:89:14:70:78:93:88:94:93:95:92:82:5:52:44:55:96:87:95:97:96:66:97:72:50:98:17:136:99:100:101:102:103:82:104:25:103:101:105:106:103:106:107:105:104:108:98:109:108:51:109:39:100:27:15:110:71:107:111:112:113:114:54:115:116:102:110:83:116:94:114:36:107:117:118:68:119:77:120:113:112:58:120:115:121:122:122:119:111:62:90:117:123:121:115:99:124:125:126:118:41:47:124:127:126:128:129:130:29:130:131:122:132:125:133:123:117:133:127:18:126:129:128:34:132:109:19:134:97:135:58:134:137:135:138:109:96:139:127:78:140:141:31:142:140:143:137:130:101:141:142:144:145:136:146:129:91:146:139:40:84:119:147:144:138:148:149:150:147:148:95:151:53:151:123:127:120:125:87:152:153:41:153:145:152:149:100:149:39:154:155:150:156:157:107:156:133:155:128:136:158:154:157:75:158:59:159:142:160:143:146:161:162:163:164:162:161:3:160:165:166:150:163:159:112:167:153:168:169:58:124:169:168:170:89:6:84:9:56:171:172:172:137:156:89:167:171:173:170:174:173:175:174:165:159:176:166:140:177:175:164:178:176:121:177:178:179:180:180:181:181:182:158:183:26:134:184:179:175:185:116:186:186:180:95:187:173:185:184:17:188:139:187:189:190:191:150:24:113:192:182:191:179:193:191:134:105:194:110:138:189:183:67:186:195:194:196:197:190:27:132:197:198:195:199:143:74:184:106:177:155:196:200:193:152:192:181:144:57:183:201:141:138:202:200:51:203:204:199:189:205:205:104:206:160:207:207:208:201:168:203:198:171:209:210:204:211:2:111:172:208:211:200:209:164:212:202:213:194:212:214:214:3:193:167:210:206:170:114:201:137:135:168:215:147:122:161:188:169:213:216:217:217:85:153:55:218:219:220:151:216:192:22:221:220:219:221:165:195:222:223:224:223:224:221:163:222:215:174:216:182:184:225:226:227:218:228:229:228:226:188:218:210:230:123:225:81:231:50:74:224:232:231:212:230:197:102:233:77:98:234:234:235:234:236:221:237:238:154:198:236:199:239:118:208:240:237:232:241:240:241:242:232:239:235:233:238:223:219:5:243:133:243:215:230:242:76:108:227:244:226:245:244:246:222:228:247:248:246:145:235:249:250:247:251:249:252:135:225:253:251:248:229:236:250:252:110:249:209:166:97:176:253:231:240:242:254:255:245:256:257:255:258:185:259:256:254:258:257:260:21:261:262:162:263:264:178:265:259:213:263:261:238:266:259:267:211:254:260:248:265:268:252:268:269:270:264:271:272:243:262:57:193:196:273:269:271:267:227:274:275:276:277:276:275:278:279:272:270:273:274:280:281:282:86:280:283:277:268:284:278:285:239:282:116:286:246:247:149:287:274:286:284:270:278:220:267:266:202:288:289:287:290:260:180:291:281:285:169:292:289:290:291:279:293:108:294:284:206:245:283:295:294:296:121:91:190:292:297:273:298:162:299:300:286:301:288:157:295:302:231:303:300:69:283:297:301:271:293:260:219:277:265:304:305:304:261:205:298:306:292:307:308:302:309:291:305:205:237:295:308:287:296:191:310:311:24:312:311:313:309:314:315:142:316:266:250:313:314:317:306:314:312:298:230:299:253:14:303:307:303:318:289:309:257:319:317:320:321:320:113:299:316:317:315:321:318:322:267:60:323:323:323:203:157:324:325:326:251:68:310:327:319:324:328:104:305:325:288:328:329:285:330:322:294:331:331:332:333:332:334:335:336:337:338:334:339:222:339:321:340:335:333:341:340:338:330:329:342:214:229:342:343:335:282:336:307:235:337:72:326:327:344:345:346:347:269:345:341:348:349:349:85:346:350:348:351:351:343:352:241:255:299:342:310:353:344:1:93:354:349:301:23:350:339:264:352:315:355:355:353:279:356:328:335:65:347:357:356:318:358:357:359:354:354:337:83:327:360:199:361:362:363:311:364:365:361:363:359:355:364:366:367:368:332:360:102:369:365:358:366:252:338:370:371:272:206:368:372:369:373:370:374:25:374:297:375:343:376:262:100:263:6:362:371:8:377:378:245:376:375:377:363:373:333:367:368:378:126:372:52:276:376:311:345:379:380:370:284:381:382:225:313:383:344:377:383:360:384:385:381:296:386:362:360:129:207:359:381:379:322:387:319:233:244:258:388:342:389:213:380:329:387:356:389:382:325:390:310:366:388:390:347:176:274:346:391:385:306:392:393:386:391:394:304:371:395:395:367:280:396:396:229:357:392:256:397:397:320:376:54:316:398:399:400:393:401:163:402:400:403:350:365:391:399:404:398:290:394:405:405:406:326:404:375:406:402:361:28:403:401:407:385:341:408:124:336:409:410:411:379:372:281:297:398:408:351:18:412:407:413:409:412:399:118:401:380:218:331:377:348:312:386:414:400:415:414:356:416:415:416:99:417:353:418:373:351:418:419:330:420:350:410:411:421:417:419:422:212:382:423:424:413:275:402:425:420:426:308:425:427:161:112:410:406:426:423:428:429:254:302:429:329:393:421:10:265:430:194:99:387:424:397:352:428:358:431:427:432:204:420:258:430:433:434:241:434:422:431:234:433:468:277:432:383:436:437:384:438:383:384:439:198:440:440:425:417:441:415:442:15:443:423:444:445:437:443:441:443:399:185:321:446:438:447:447:448:427:265:441:447:445:444:389:413:446:449:450:408:451:452:247:407:300:364:434:436:439:453:411:454:454:275:340:453:455:456:179:427:422:451:452:293:450:455:456:442:457:458:449:187:403:459:448:448:416:454:459:421:460:392:460:461:462:457:463:419:464:462:464:465:466:463:409:421:442:458:461:465:466:93:467:227:437:424:468:469:470:405:436:469:471:418:439:203:472:455:103:370:414:353:452:168:429:472:440:473:378:470:474:475:468:473:474:476:477:449:314:478:450:479:480:481:324:304:482:478:483:475:476:479:481:484:485:444:480:201:432:486:388:485:446:471:458:480:482:487:119:488:467:489:483:477:445:490:182:433:489:348:490:491:491:484:492:426:493:454:477:493:492:487:494:495:347:495:209:491:170:460:328:446:488:496:494:497:369:306:226:486:209:496:486:164:396:482:498:499:500:501:502:503:207:488:438:497:501:476:500:504:505:390:471:504:506:462:502:507:507:508:509:506:154:412:505:510:510:503:475:368:481:508:511:512:498:181:509:466:428:513:512:514:105:484:514:515:431:513:470:59:64:515:47:397:516:517:518:512:459:506:53:517:216:516:502:507:499:519:451:520:499:521:12:334:522:495:520:523:490:524:524:518:493:525:217:511:515:525:527:90:467:463:519:528:521:520:529:530:527:531:532:485:373:529:464:533:532:500:144:533:374:487:276:534:529:524:531:479:535:530:523:528:80:536:322:516:355:95:537:538:534:467:537:522:539:540:539:535:541:249:96:541:540:538:521:518:532:542:543:544:536:542:543:522:425:148:533:496:531:545:388:513:490:544:546:141:545:546:547:465:548:539:499:401:549:152:293:29:549:550:302:394:551:404:552:552:553:554:483:552:175:437:549:550:379:472:555:554:555:544:556:319:547:557:553:480:489:558:548:550:555:197:556:272:559:559:560:561:562:560:546:492:503:563:562:557:560:558:561:564:551:565:537:559:510:535:563:464:566:540:567:30:564:239:568:9:390:568:567:569:498:570:571:494:504:572:440:389:536:566:519:572:573:571:565:574:145:501:566:474:478:574:575:571:576:575:577:498:563:469:577:578:448:573:551:395:508:569:576:579:580:580:509:573:581:579:582:420:583:211:584:570:585:430:456:581:453:586:587:561:554:588:582:120:525:589:528:572:341:590:578:556:589:578:511:591:577:592:588:591:593:593:497:565:586:457:592:343:594:66:538:595:584:80:167:595:505:594:585:526:541:596:576:594:596:597:320:598:597:584:586:583:590:599:585:522:600:542:600:601:602:36:479:603:574:602:604:491:543:604:586:530:599:587:605:271:603:606:598:38:557:311:607:49:588:575:406:604:433:607
5,2,607,0,6636,131:1:2:3:2:4:5:6:7:4:8:5:1:9:10:11:10:12:11:13:12:14:9:8:15:16:17:15:18:19:20:19:21:22:48:7:23:18:14:20:24:4:16:6:25:12:13:26:0:28:131:25:29:29:20:30:27:24:26:31:32:7:33:17:28:33:32:30:23:4:34:21:16:34:35:32:36:35:22:0:37:38:31:30:38:23:39:39:37:40:41:40:42:43:2:38:11:41:33:44:45:19:43:46:47:45:48:49:31:50:10:50:49:44:51:13:34:47:52:51:53:54:55:36:53:56:57:28:48:94:59:42:60:49:61:61:62:63:55:64:65:54:52:62:43:64:59:66:67:1:73:67:68:60:46:69:57:65:70:35:69:22:71:8:60:71:72:56:92:68:29:63:42:74:66:74:65:75:37:46:76:75:77:0:45:78:77:76:72:79:61:80:79:81:82:83:84:84:64:79:70:85:86:85:80:81:86:80:73:87:83:63:69:55:88:89:78:90:88:91:67:91:89:14:70:78:93:88:94:93:95:92:82:5:52:44:55:96:87:95:97:96:66:97:72:50:98:17:136:99:100:101:102:103:82:104:25:103:101:105:106:103:106:107:105:104:108:98:109:108:51:109:39:100:27:15:110:71:107:111:112:113:114:54:115:116:102:110:83:116:94:114:36:107:117:118:68:119:77:120:113:112:58:120:115:121:122:122:119:111:62:90:117:123:121:115:99:124:125:126:118:41:47:124:127:126:128:129:130:29:130:131:122:132:125:133:123:117:133:127:18:126:129:128:34:132:109:19:134:97:135:58:134:137:135:138:109:96:139:127:78:140:141:31:142:140:143:137:130:101:141:142:144:145:136:146:129:91:146:139:40:84:119:147:144:138:148:149:150:147:148:95:151:53:151:123:127:120:125:87:152:153:41:153:145:152:149:100:149:39:154:155:150:156:157:107:156:133:155:128:136:158:154:157:75:158:59:159:142:160:143:146:161:162:163:164:162:161:3:160:165:166:150:163:159:112:167:153:168:169:58:124:169:168:170:89:6:84:9:56:171:172:172:137:156:89:167:171:173:170:174:173:175:174:165:159:176:166:140:177:175:164:178:176:121:177:178:179:180:180:181:181:182:158:183:26:134:184:179:175:185:116:186:186:180:95:187:173:185:184:17:188:139:187:189:190:191:150:24:113:192:182:191:179:193:191:134:105:194:110:138:189:183:67:186:195:194:196:197:190:27:132:197:198:195:199:143:74:184:106:177:155:196:200:193:152:192:181:144:57:183:201:141:138:202:200:51:203:204:199:189:205:205:104:206:160:207:207:208:201:168:203:198:171:209:210:204:211:2:111:172:208:211:200:209:164:212:202:213:194:212:214:214:3:193:167:210:206:170:114:201:137:135:168:215:147:122:161:188:169:213:216:217:217:85:153:55:218:219:220:151:216:192:22:221:220:219:221:165:195:222:223:224:223:224:221:163:222:215:174:216:182:184:225:226:227:218:228:229:228:226:188:218:210:230:123:225:81:231:50:74:224:232:231:212:230:197:102:233:77:98:234:234:235:234:236:221:237:238:154:198:236:199:239:118:208:240:237:232:241:240:241:242:232:239:235:233:238:223:219:5:243:133:243:215:230:242:76:108:227:244:226:245:244:246:222:228:247:248:246:145:235:249:250:247:251:249:252:135:225:253:251:248:229:236:250:252:110:249:209:166:97:176:253:231:240:242:254:255:245:256:257:255:258:185:259:256:254:258:257:260:21:261:262:162:263:264:178:265:259:213:263:261:238:266:259:267:211:254:260:248:265:268:252:268:269:270:264:271:272:243:262:57:193:196:273:269:271:267:227:274:275:276:277:276:275:278:279:272:270:273:274:280:281:282:86:280:283:277:268:284:278:285:239:282:116:286:246:247:149:287:274:286:284:270:278:220:267:266:202:288:289:287:290:260:180:92:281:285:169:292:289:290:291:279:293:108:294:284:206:245:283:295:294:296:121:91:190:292:297:273:298:162:299:300:286:301:288:157:295:302:231:303:300:69:283:297:301:271:293:260:219:277:265:304:305:304:261:205:298:306:292:307:308:302:309:291:305:205:237:295:308:287:296:191:310:311:24:312:311:313:309:314:315:142:316:266:250:313:314:317:306:314:312:298:230:299:253:14:303:307:303:318:289:309:257:319:317:320:321:320:113:299:316:317:315:321:318:322:267:60:323:323:323:203:157:324:325:326:251:68:310:327:319:324:328:104:305:325:288:328:329:285:330:322:294:331:331:332:333:332:334:335:336:337:338:334:339:222:339:321:340:335:333:341:340:338:330:329:342:214:229:342:343:335:282:336:307:235:337:72:326:327:344:345:346:347:269:345:341:348:349:349:85:346:350:348:351:351:343:352:241:255:299:342:310:353:344:1:93:354:349:301:23:350:339:264:352:315:355:355:353:279:356:328:335:65:347:357:356:318:358:357:359:354:354:337:83:327:360:199:361:362:363:311:364:365:361:363:359:355:364:366:367:368:332:360:102:369:365:358:366:252:338:370:371:272:206:368:372:369:373:370:374:25:374:297:375:343:376:262:100:263:6:362:371:8:377:378:245:376:375:377:363:373:333:367:368:378:126:372:52:276:376:311:345:379:380:370:284:381:382:225:313:383:344:377:383:360:384:385:381:296:386:362:360:129:207:359:381:379:322:387:319:233:244:258:388:342:389:213:380:329:387:356:389:382:325:390:310:366:388:390:347:176:274:346:391:385:306:392:393:386:391:394:304:371:395:395:367:280:396:396:229:357:392:256:397:397:320:376:54:316:398:399:400:393:401:163:402:400:403:350:365:391:399:404:398:290:394:405:405:406:326:404:375:406:402:361:28:403:401:407:385:341:408:124:336:409:410:411:379:372:281:297:398:408:351:18:412:407:413:409:412:399:118:401:380:218:331:377:348:312:386:414:400:415:414:356:416:415:416:99:417:353:418:373:351:418:419:330:420:350:410:411:421:417:419:422:212:382:423:424:413:275:402:425:420:426:308:425:427:161:112:410:406:426:423:428:429:254:302:429:329:393:421:10:265:430:194:99:387:424:397:352:428:358:431:427:432:204:420:258:430:433:434:241:434:422:431:234:433:468:277:432:383:436:437:384:438:383:384:439:198:440:440:425:417:441:415:442:15:443:423:444:445:437:443:441:443:399:185:321:446:438:447:447:448:427:265:441:447:445:444:389:413:446:449:450:408:451:452:247:407:300:364:434:436:439:453:411:454:454:275:340:453:455:456:179:427:422:451:452:293:450:455:456:442:457:458:449:187:403:459:448:448:416:454:459:421:460:392:460:461:462:457:463:419:464:462:464:465:466:463:409:421:442:458:461:465:466:93:467:227:437:424:468:469:470:405:436:469:471:418:439:203:472:455:103:370:414:353:452:168:429:472:440:473:378:470:474:475:468:473:474:476:477:449:314:478:450:479:480:481:324:304:482:478:483:475:476:479:481:484:485:444:480:201:432:486:388:485:446:471:458:480:482:487:119:488:467:489:483:477:445:490:182:433:489:348:490:491:491:484:492:426:493:454:477:493:492:487:494:495:347:495:209:491:170:44:328:446:488:496:494:497:369:306:226:486:209:496:486:164:396:482:498:499:500:501:502:503:207:488:438:497:501:476:500:504:505:390:471:504:506:462:502:507:507:508:509:506:154:412:505:510:510:503:475:368:481:508:511:512:498:181:509:466:428:513:512:514:105:484:514:515:431:513:470:59:64:515:47:397:516:517:518:512:459:506:53:517:216:516:502:507:499:519:451:520:499:521:12:334:522:495:520:523:490:460:291:518:493:525:217:511:515:525:527:90:467:463:519:528:521:520:529:530:527:531:532:485:373:529:464:533:532:500:144:533:374:487:276:534:529:524:531:479:535:530:523:528:80:536:322:516:355:95:537:538:534:467:537:522:539:540:539:535:541:249:96:541:540:538:521:518:532:542:543:544:536:542:543:522:425:148:533:496:531:545:388:513:490:544:546:141:545:546:547:465:548:539:499:401:549:152:293:29:549:550:302:394:551:404:552:552:553:554:483:552:175:437:549:550:379:472:555:554:555:544:556:319:547:557:553:480:489:558:548:550:555:197:556:272:559:559:560:561:562:560:546:492:503:563:562:557:560:558:561:564:551:565:537:559:510:535:563:464:566:540:567:30:564:239:568:9:390:568:567:569:498:570:571:494:504:572:440:389:536:566:519:572:573:571:565:574:145:501:566:474:478:574:575:571:576:575:577:498:563:469:577:578:448:573:551:395:508:569:576:579:580:580:509:573:581:579:582:420:583:211:584:570:585:430:456:581:453:586:587:561:554:588:582:120:525:589:528:572:341:590:578:556:589:578:511:591:577:592:588:591:593:593:497:565:586:457:592:343:594:66:538:595:584:80:167:595:505:594:585:526:541:596:576:594:596:597:320:598:597:584:586:583:590:599:585:522:600:542:600:601:602:36:479:603:574:602:604:491:543:604:586:530:599:587:605:271:603:606:598:38:557:311:607:49:588:575:406:604:433:607
6,2,606,0,6635,131:1:2:3:2:4:5:6:7:4:8:5:1:9:10:11:10:12:11:13:12:14:9:8:15:16:17:15:18:19:20:19:21:22:48:7:23:18:14:20:24:4:16:6:25:12:13:26:0:28:131:25:29:29:20:30:27:24:26:31:32:7:33:17:28:33:32:30:23:4:34:21:16:34:35:32:36:35:22:0:37:38:31:30:38:23:39:39:37:40:41:40:42:43:2:38:11:41:33:44:45:19:43:46:47:45:48:49:31:50:10:50:49:44:51:13:34:47:52:51:53:54:55:36:53:56:57:28:48:94:59:42:60:49:61:61:62:63:55:64:65:54:52:62:43:64:59:66:67:1:73:67:68:60:46:69:57:65:70:35:69:22:71:8:60:71:72:56:92:68:29:63:42:74:66:74:65:75:37:46:76:75:77:0:45:78:77:76:72:79:61:80:79:81:82:83:84:84:64:79:70:85:86:85:80:81:86:80:73:87:83:63:69:55:88:89:78:90:88:91:67:91:89:14:70:78:93:88:94:93:95:92:82:5:52:44:55:96:87:95:97:96:66:97:72:50:98:17:136:99:100:101:102:103:82:104:25:103:101:105:106:103:106:107:105:104:108:98:109:108:51:109:39:100:27:15:110:71:107:111:112:113:114:54:115:116:102:110:83:116:94:114:36:107:117:118:68:119:77:120:113:112:58:120:115:121:122:122:119:111:62:90:117:123:121:115:99:124:125:126:118:41:47:124:127:126:128:129:130:29:130:131:122:132:125:133:123:117:133:127:18:126:129:128:34:132:109:19:134:97:135:58:134:137:135:138:109:96:139:127:78:140:141:31:142:140:143:137:130:101:141:142:144:145:136:146:129:91:146:139:40:84:119:147:144:138:148:149:150:147:148:95:151:53:151:123:127:120:125:87:152:153:41:153:145:152:149:100:149:39:154:155:150:156:157:107:156:133:155:128:136:158:154:157:75:158:59:159:142:160:143:146:161:162:163:164:162:161:3:160:165:166:150:163:159:112:167:153:168:169:58:124:169:168:170:89:6:84:9:56:171:172:172:137:156:89:167:171:173:170:174:173:175:174:165:159:176:166:140:177:175:164:178:176:121:177:178:179:180:180:181:181:182:158:183:26:134:184:179:175:185:116:186:186:180:95:187:173:185:184:17:188:139:187:189:190:191:150:24:113:192:182:191:179:193:191:134:105:194:110:138:189:183:67:186:195:194:196:197:190:27:132:197:198:195:199:143:74:184:106:177:155:196:200:193:152:192:181:144:57:183:201:141:138:202:200:51:203:204:199:189:205:205:104:206:160:207:207:208:201:168:203:198:171:209:210:204:211:2:111:172:208:211:200:209:164:212:202:213:194:212:214:214:3:193:167:210:206:170:114:201:137:135:168:215:147:122:161:188:169:213:216:217:217:85:153:55:218:219:220:151:216:192:22:221:220:219:221:165:195:222:223:224:223:224:221:163:222:215:174:216:182:184:225:226:227:218:228:229:228:226:188:218:210:230:123:225:81:231:50:74:224:232:231:212:230:197:102:233:77:98:234:234:235:234:236:221:237:238:154:198:236:199:239:118:208:240:237:232:241:240:241:242:232:239:235:233:238:223:219:5:243:133:243:215:230:242:76:108:227:244:226:245:244:246:222:228:247:248:246:145:235:249:250:247:251:249:252:135:225:253:251:248:229:236:250:252:110:249:209:166:97:176:253:231:240:242:254:255:245:256:257:255:258:185:259:256:254:258:257:260:21:261:262:162:263:264:178:265:259:213:263:261:238:266:259:267:211:254:260:248:265:268:252:268:269:270:264:271:272:243:262:57:193:196:273:269:271:267:227:274:275:276:277:276:275:278:279:272:270:273:274:280:281:282:86:280:283:277:268:284:278:285:239:282:116:286:246:247:149:287:274:286:284:270:278:220:267:266:202:288:289:287:290:260:180:92:281:285:169:292:289:290:291:279:293:108:294:284:206:245:283:295:294:296:121:91:190:292:297:273:298:162:299:300:286:301:288:157:295:302:231:303:300:69:283:297:301:271:293:260:219:277:265:304:305:304:261:205:298:306:292:307:308:302:309:291:305:205:237:295:308:287:296:191:310:311:24:312:311:313:309:314:315:142:316:266:250:313:314:317:306:314:312:298:230:299:253:14:303:307:303:318:289:309:257:319:317:320:321:320:113:299:316:317:315:321:318:322:267:60:323:323:323:203:157:324:325:326:251:68:310:327:319:324:328:104:305:325:288:328:329:285:330:322:294:331:331:332:333:332:334:335:336:337:338:334:339:222:339:321:340:335:333:341:340:338:330:329:342:214:229:342:343:335:282:336:307:235:337:72:326:327:344:345:346:347:269:345:341:348:349:349:85:346:350:348:351:351:343:352:241:255:299:342:310:353:344:1:93:354:349:301:23:350:339:264:352:315:355:355:353:279:356:328:335:65:347:357:356:318:358:357:359:354:354:337:83:327:360:199:361:362:363:311:364:365:361:363:359:355:364:366:367:368:332:360:102:369:365:358:366:252:338:370:371:272:206:368:372:369:373:370:374:25:374:297:375:343:376:262:100:263:6:362:371:8:377:378:245:376:375:377:363:373:333:367:368:378:126:372:52:276:376:311:345:379:380:370:284:381:382:225:313:383:344:377:383:360:384:385:381:296:386:362:360:129:207:359:381:379:322:387:319:233:244:258:388:342:389:213:380:329:387:356:389:382:16:390:310:366:388:390:347:176:274:346:391:385:306:392:393:386:391:394:304:371:395:395:367:280:396:396:229:357:392:256:397:397:320:376:54:316:398:399:400:393:401:163:402:400:403:350:365:391:399:404:398:290:394:405:405:406:326:404:375:406:402:361:28:403:401:407:385:341:408:124:336:409:410:411:379:372:281:297:398:408:351:18:412:407:413:409:412:399:118:401:380:218:331:377:348:312:386:414:400:415:414:356:416:415:416:99:417:353:418:373:351:418:419:330:420:350:410:411:421:417:419:422:212:382:423:424:413:275:402:425:420:426:308:425:427:161:112:410:406:426:423:428:429:254:302:429:329:393:421:10:265:430:194:99:387:424:397:352:428:358:431:427:432:204:420:258:430:433:434:241:434:422:431:234:433:468:277:432:383:436:437:384:438:383:384:439:198:440:440:425:417:441:415:442:15:443:423:444:445:437:443:441:443:399:185:321:446:438:447:447:448:427:265:441:447:445:444:389:413:446:449:450:408:451:452:247:407:300:364:434:436:439:453:411:454:454:275:340:453:455:456:179:427:422:451:452:293:450:455:456:442:457:458:449:187:403:459:448:448:416:454:459:421:460:392:460:461:462:457:463:419:464:462:464:465:466:463:409:421:442:458:461:465:466:93:467:227:437:424:468:469:470:405:436:469:471:418:439:203:472:455:103:370:414:353:452:168:429:472:440:473:378:470:474:475:468:473:474:476:477:449:314:478:450:479:480:481:324:304:482:478:483:475:476:479:481:484:485:444:480:201:432:486:388:485:446:471:458:480:482:487:119:488:467:489:483:477:445:490:182:433:489:348:490:491:491:484:492:426:493:454:477:493:492:487:494:495:347:495:209:491:170:44:328:446:488:496:494:497:369:306:226:486:209:496:486:164:396:482:498:499:500:501:502:503:207:488:438:497:501:476:500:504:505:390:471:504:506:462:502:507:507:508:509:506:154:412:505:510:510:503:475:368:481:508:511:512:498:181:509:466:428:513:512:514:105:484:514:515:431:513:470:59:64:515:47:397:516:517:518:512:459:506:53:517:216:516:502:507:499:519:451:520:499:521:12:334:522:495:520:523:490:460:291:518:493:525:217:511:515:525:590:90:467:463:519:528:521:520:529:530:325:531:532:485:373:529:464:533:532:500:144:533:374:487:276:534:529:524:531:479:535:530:523:528:80:536:322:516:355:95:537:538:534:467:537:522:539:540:539:535:541:249:96:541:540:538:521:518:532:542:543:544:536:542:543:522:425:148:533:496:531:545:388:513:490:544:546:141:545:546:547:465:548:539:499:401:549:152:293:29:549:550:302:394:551:404:552:552:553:554:483:552:175:437:549:550:379:472:555:554:555:544:556:319:547:557:553:480:489:558:548:550:555:197:556:272:559:559:560:561:562:560:546:492:503:563:562:557:560:558:561:564:551:565:537:559:510:535:563:464:566:540:567:30:564:239:568:9:390:568:567:569:498:570:571:494:504:572:440:389:536:566:519:572:573:571:565:574:145:501:566:474:478:574:575:571:576:575:577:498:563:469:577:578:448:573:551:395:508:569:576:579:580:580:509:573:581:579:582:420:583:211:584:570:585:430:456:581:453:586:587:561:554:588:582:120:525:589:528:572:341:590:578:556:589:578:511:591:577:592:588:591:593:593:497:565:586:457:592:343:594:66:538:595:584:80:167:595:505:594:585:526:541:596:576:594:596:597:320:598:597:584:586:583:590:599:585:522:600:542:600:601:602:36:479:603:574:602:604:491:543:604:586:530:599:587:605:271:603:606:598:38:557:311:607:49:588:575:406:604:433:607
7,2,606,0,6634,43:1:2:21:2:4:5:6:7:4:8:5:1:9:10:3:10:12:11:35:12:14:9:8:15:16:17:15:18:19:20:19:81:22:48:7:23:18:14:20:24:4:16:6:25:12:13:26:0:28:131:25:29:29:20:30:27:24:26:31:32:7:33:17:28:33:32:30:23:4:34:21:16:34:35:32:36:35:22:0:37:38:31:30:38:23:39:39:37:40:41:40:42:43:2:38:11:41:33:44:3:19:13:46:47:45:48:49:31:50:10:50:49:44:51:13:34:47:52:51:53:54:55:36:53:56:57:28:48:94:59:42:60:49:61:61:62:63:55:64:65:54:52:62:43:64:59:66:67:1:73:67:68:60:46:69:57:65:70:45:69:22:71:8:60:71:72:56:92:68:29:63:42:74:66:74:65:75:37:46:76:75:77:0:45:78:77:76:72:79:61:80:79:11:82:83:84:84:64:79:70:85:86:85:80:81:86:80:73:87:83:63:69:55:88:89:78:90:88:91:67:91:89:14:70:78:81:88:94:93:95:92:82:5:52:44:55:96:87:95:97:96:66:97:72:50:98:17:136:99:100:101:102:103:82:104:25:103:101:105:106:103:106:107:105:104:108:98:109:108:51:109:39:100:27:15:110:71:107:111:112:113:114:54:115:116:102:110:83:116:94:114:36:107:117:118:68:119:77:120:113:112:58:120:115:121:122:122:119:111:62:90:117:123:121:115:99:124:125:126:118:41:47:124:127:126:128:129:130:29:130:131:122:132:125:133:123:117:133:127:18:126:129:128:34:132:109:19:134:97:135:58:134:137:135:138:109:96:139:127:78:140:141:31:142:140:143:137:130:101:141:142:144:145:136:146:129:91:146:139:40:84:119:147:144:138:148:149:150:147:148:95:151:53:151:123:127:120:125:87:152:153:41:153:145:152:149:100:149:39:154:155:150:156:157:107:156:133:155:128:136:158:154:157:75:158:59:159:142:160:143:146:161:162:163:164:162:161:93:160:165:166:150:163:159:112:167:153:168:169:58:124:169:168:170:89:6:84:9:56:171:172:172:137:156:89:167:171:173:170:174:173:175:174:165:159:176:166:140:177:175:164:178:176:121:177:178:179:180:180:181:181:182:158:183:26:134:184:179:175:185:116:186:186:180:95:187:173:185:184:17:188:139:187:189:190:191:150:24:113:192:182:191:179:193:191:134:105:194:110:138:189:183:67:186:195:194:196:197:190:27:132:197:198:195:199:143:74:184:106:177:155:196:200:193:152:192:181:144:57:183:201:141:138:202:200:51:203:204:199:189:205:205:104:206:160:207:207:208:201:168:203:198:171:209:210:204:211:2:111:172:208:211:200:209:164:212:202:213:194:212:214:214:3:193:167:210:206:170:114:201:137:135:168:215:147:122:161:188:169:213:216:217:217:85:153:55:218:219:220:151:216:192:22:221:220:219:221:165:195:222:223:224:223:224:221:163:222:215:174:216:182:184:225:226:227:218:228:229:228:226:188:218:210:230:123:225:136:231:50:74:224:232:231:212:230:197:102:233:77:98:234:234:235:234:236:221:237:238:154:198:236:199:239:118:208:240:237:232:241:240:241:242:232:239:235:233:238:223:219:5:243:133:243:215:230:242:76:108:227:244:226:245:244:246:222:228:247:248:246:145:235:249:250:247:251:249:252:135:225:253:251:248:229:236:250:252:110:249:209:166:97:176:253:231:240:242:254:255:245:256:257:255:258:185:259:256:254:258:257:260:21:261:262:162:263:264:178:265:259:213:263:261:238:266:259:267:211:254:260:248:265:268:252:268:269:270:264:271:272:243:262:57:193:196:273:269:271:267:227:274:275:276:277:276:275:278:279:272:270:273:274:280:281:282:86:280:283:277:268:284:278:285:239:282:116:286:246:247:149:287:274:286:284:270:278:220:267:266:202:288:289:287:290:260:180:92:281:285:169:292:289:290:291:279:293:108:294:284:206:245:283:295:294:296:121:91:190:292:297:273:298:162:299:300:286:301:288:157:295:302:231:303:300:69:283:297:301:271:293:260:219:277:265:304:305:304:261:205:298:306:292:307:308:302:309:291:305:205:237:295:308:287:296:191:310:311:24:312:311:313:309:314:315:142:316:266:250:313:314:317:306:314:312:298:230:299:253:14:303:307:303:318:289:309:257:319:317:320:321:320:113:299:316:317:315:321:318:322:267:60:323:323:323:203:157:324:325:326:251:68:310:327:319:324:328:104:305:325:288:328:329:285:330:322:294:331:331:332:333:332:334:335:336:337:338:334:339:222:339:321:340:335:333:341:340:338:330:329:342:214:229:342:343:335:282:336:307:235:337:72:326:327:344:345:346:347:269:345:341:348:349:349:85:346:350:348:351:351:343:352:241:255:299:342:310:353:344:1:115:354:349:301:23:350:339:264:352:315:355:355:353:279:356:328:335:65:347:357:356:318:358:357:359:354:354:337:83:327:360:199:361:362:363:311:364:365:361:363:359:355:364:366:367:368:332:360:102:369:365:358:366:252:338:370:371:272:206:368:372:369:373:370:374:25:374:297:375:343:376:262:100:263:6:362:371:8:377:378:245:376:375:377:363:373:333:367:368:378:126:372:52:276:376:311:345:379:380:370:284:381:382:225:313:383:344:377:383:360:384:385:381:296:386:362:360:129:207:359:381:379:322:387:319:233:244:258:388:342:389:213:380:329:387:356:389:382:16:390:310:366:388:390:347:176:274:346:391:385:306:392:393:386:391:394:304:371:395:395:367:280:396:396:229:357:392:256:397:397:320:376:54:316:398:399:400:393:401:163:402:400:403:350:365:391:399:404:398:290:394:405:405:406:326:404:375:406:402:361:28:403:401:407:385:341:408:124:336:409:410:411:379:372:281:297:398:408:351:18:412:407:413:409:412:399:118:401:380:218:331:377:348:312:386:414:400:415:414:356:416:415:416:99:417:353:418:373:351:418:419:330:420:350:410:411:421:417:419:422:212:382:423:424:413:275:402:425:420:426:308:425:427:161:112:410:406:426:423:428:429:254:302:429:329:393:421:10:265:430:194:99:387:424:397:352:428:358:431:427:432:204:420:258:430:433:434:241:434:422:431:234:433:468:277:432:383:436:437:384:438:383:384:439:198:440:440:425:417:441:415:442:15:443:423:444:445:437:443:441:443:399:185:321:446:438:447:447:448:427:265:441:447:445:444:389:413:446:449:450:408:451:452:247:407:300:364:434:436:439:453:411:454:454:275:340:453:455:456:179:427:422:451:452:293:450:455:456:442:457:458:449:187:403:459:448:448:416:454:459:421:460:392:460:461:462:457:463:419:464:462:464:465:466:463:409:421:442:458:461:465:466:93:467:227:437:424:468:469:470:405:436:469:471:418:439:203:472:455:103:370:414:353:452:168:429:472:440:473:378:470:474:475:468:473:474:476:477:449:314:478:450:479:480:481:324:304:482:478:483:475:476:479:481:484:485:444:480:201:432:486:388:485:446:471:458:480:482:487:119:488:467:489:483:477:445:490:182:433:489:348:490:491:491:484:492:426:493:454:477:493:492:487:494:495:347:495:209:491:170:44:328:446:488:496:494:497:369:306:226:486:209:496:486:164:396:482:498:499:500:501:502:590:207:488:438:497:501:476:500:504:505:390:471:504:506:462:502:507:507:508:509:506:154:412:505:510:510:131:475:368:481:508:511:512:498:181:509:466:428:513:512:514:105:484:514:515:431:513:470:59:64:515:47:397:516:517:518:512:459:506:53:517:216:516:502:507:499:519:451:520:499:521:12:334:522:495:520:523:490:460:291:518:493:525:217:511:515:525:590:90:467:463:519:528:521:520:529:530:325:531:532:485:373:529:464:533:532:500:144:533:374:487:276:534:529:524:531:479:535:530:523:528:80:536:322:516:355:95:537:538:534:467:537:522:539:540:539:535:541:249:96:541:540:538:521:518:532:542:543:544:536:542:543:522:425:148:533:496:531:545:388:513:490:544:546:141:545:546:547:465:548:539:499:401:549:152:293:29:549:550:302:394:551:404:552:552:553:554:483:552:175:437:549:550:379:472:555:554:555:544:556:319:547:557:553:480:489:558:548:550:555:197:556:272:559:559:560:561:562:560:546:492:503:563:562:557:560:558:561:564:551:565:537:559:510:535:563:464:566:540:567:30:564:239:568:9:390:568:567:569:498:570:571:494:504:572:440:389:536:566:519:572:573:571:565:574:145:501:566:474:478:574:575:571:576:575:577:498:563:469:577:578:448:573:551:395:508:569:576:579:580:580:509:573:581:579:582:420:583:211:584:570:585:430:456:581:453:586:587:561:554:588:582:120:525:589:528:572:341:73:578:556:589:578:511:591:577:592:588:591:593:593:497:565:586:457:592:343:594:66:538:595:584:80:167:595:505:594:585:526:541:596:576:594:596:597:320:598:597:584:586:583:524:599:585:522:600:542:600:601:602:36:479:603:574:602:604:491:543:604:586:530:599:587:605:271:603:606:598:38:557:311:607:49:588:575:406:604:433:607
8,2,606,0,6633,43:1:2:21:2:4:5:6:7:4:8:5:1:9:10:3:10:12:11:35:12:14:9:8:15:16:17:15:18:19:20:19:81:22:48:7:23:18:14:20:24:4:16:6:25:12:13:26:0:28:131:25:29:29:20:30:27:24:26:31:32:7:33:17:28:33:32:30:23:4:34:21:16:34:35:32:36:35:22:0:37:38:31:30:38:23:39:39:37:40:41:40:42:43:2:38:11:41:33:44:3:19:13:46:47:45:48:49:31:50:10:50:49:44:51:13:34:47:52:51:53:54:55:36:53:56:57:28:48:94:59:42:60:49:61:61:62:63:55:64:65:54:52:62:43:64:59:66:67:1:73:67:68:60:46:69:57:65:70:45:69:22:71:8:60:71:72:56:92:68:29:63:42:74:66:74:65:75:37:46:76:75:77:0:45:78:77:76:72:79:61:80:79:11:82:83:84:84:64:79:70:85:86:85:80:81:86:80:73:87:83:63:69:55:88:89:78:90:88:91:67:91:89:14:70:78:81:88:94:93:95:92:82:5:52:44:55:96:87:95:97:96:66:97:72:50:98:17:136:99:100:101:102:103:82:104:25:103:101:105:106:103:106:107:105:104:108:98:109:108:51:109:39:100:27:15:110:71:107:111:112:113:114:54:115:116:102:110:83:116:94:114:36:107:117:118:68:119:77:120:113:112:58:120:115:121:122:122:119:111:62:90:117:123:121:115:99:124:125:126:118:41:47:124:127:126:128:129:130:29:130:131:122:132:125:133:123:117:133:127:18:126:129:128:34:132:109:19:134:97:135:58:134:137:135:138:109:96:139:127:78:140:141:31:142:140:143:137:130:101:141:142:144:145:136:146:129:91:146:139:40:84:119:147:144:138:148:149:150:147:148:95:151:53:151:123:127:120:125:87:152:153:41:153:145:152:149:100:149:39:154:155:150:156:157:107:156:133:155:128:136:158:154:157:75:158:59:159:142:160:143:146:161:162:163:164:162:161:93:160:165:166:150:163:159:112:167:153:168:169:58:124:169:168:170:89:6:84:131:56:171:172:172:137:156:89:167:171:173:170:174:173:175:174:165:159:176:166:140:177:175:164:178:176:121:177:178:179:180:180:181:181:182:158:183:26:134:184:179:175:185:116:186:186:180:95:187:173:185:184:17:188:139:187:189:190:191:150:24:113:192:182:191:179:193:191:134:105:194:110:138:189:183:67:186:195:194:196:197:190:27:132:197:198:195:199:143:74:184:106:177:155:196:200:193:152:192:181:144:57:183:201:141:138:202:200:51:203:204:199:189:205:205:104:206:160:207:207:208:201:168:203:198:171:209:210:204:211:2:111:172:208:211:200:209:164:212:202:213:194:212:214:214:3:193:167:210:206:170:114:201:137:135:168:215:147:122:161:188:169:213:216:217:217:85:153:55:218:219:220:151:216:192:22:221:220:219:221:165:195:222:223:224:223:224:221:163:222:215:174:216:182:184:225:226:227:218:228:229:228:226:188:218:210:230:123:225:136:231:50:74:224:232:231:212:230:197:102:233:77:98:234:234:235:234:236:221:237:238:154:198:236:199:239:118:208:240:237:232:241:240:241:242:232:239:235:233:238:223:219:5:243:133:243:215:230:242:76:108:227:244:226:245:244:246:222:228:247:248:246:145:235:249:250:247:251:249:252:135:225:253:251:248:229:236:250:252:110:249:209:166:97:176:253:231:240:242:254:255:245:256:257:255:258:185:259:256:254:258:257:260:21:261:360:162:263:264:178:265:259:213:263:261:238:266:259:267:211:254:260:248:265:268:252:268:269:270:264:271:272:243:9:57:193:196:273:269:271:267:227:274:275:276:277:276:275:278:279:272:270:273:274:280:281:282:86:280:283:277:268:284:278:285:239:282:116:286:246:247:149:287:274:286:284:270:278:220:267:266:202:288:289:287:290:260:180:92:281:285:169:292:289:290:291:279:293:108:294:284:206:245:283:295:294:296:121:91:190:292:297:273:298:162:299:300:286:301:288:157:295:302:231:303:300:69:283:297:301:271:293:260:219:277:265:304:305:304:261:205:298:306:292:307:308:302:309:291:305:205:237:295:308:287:296:191:310:311:24:312:311:313:309:314:315:142:316:266:250:313:314:317:306:314:312:298:230:299:253:14:303:307:303:318:289:309:257:319:317:320:321:320:113:299:316:317:315:321:318:322:267:60:323:323:323:203:157:324:325:326:251:68:310:327:319:324:328:104:305:325:288:328:329:285:330:322:294:331:331:332:333:332:334:335:336:337:338:334:339:222:339:321:340:335:333:341:340:338:330:329:342:214:229:342:343:335:282:336:307:235:337:72:326:327:344:345:346:347:269:345:341:348:349:349:85:346:350:348:351:351:343:352:241:255:299:342:310:353:344:1:115:354:349:301:23:350:339:264:352:315:355:355:353:279:356:328:335:65:347:357:356:318:358:357:359:354:354:337:83:327:360:199:361:362:363:311:364:365:361:363:359:355:364:366:367:368:332:360:102:369:365:358:366:252:338:370:371:272:206:368:372:369:373:370:374:25:374:297:375:343:376:262:100:263:6:362:371:8:377:378:245:376:375:377:363:373:333:367:368:378:126:372:52:276:376:311:345:379:380:370:284:381:382:225:313:383:344:377:383:262:384:385:381:296:386:362:262:129:207:359:381:379:322:387:319:233:244:258:388:342:389:213:380:329:387:356:389:382:16:390:310:366:388:390:347:176:274:346:391:385:306:392:393:386:391:394:304:371:395:395:367:280:396:396:229:357:392:256:397:397:320:376:54:316:398:399:400:393:401:163:402:400:403:350:365:391:399:404:398:290:394:405:405:406:326:404:375:406:402:361:28:403:401:407:385:341:408:124:336:409:410:411:379:372:281:297:398:408:351:18:412:407:413:409:412:399:118:401:380:218:331:377:348:312:386:414:400:415:414:356:416:415:416:99:417:353:418:373:351:418:419:330:420:350:410:411:421:417:419:422:212:382:423:424:413:275:402:425:420:426:308:425:427:161:112:410:406:426:423:428:429:254:302:429:329:393:421:10:265:430:194:99:387:424:397:352:428:358:431:427:432:204:420:258:430:433:434:241:434:422:431:234:433:468:277:432:383:436:437:384:438:383:384:439:198:440:440:425:417:441:415:442:15:443:423:444:445:437:443:441:443:399:185:321:446:438:447:447:448:427:265:441:447:445:444:389:413:446:449:450:408:451:452:247:407:300:364:434:436:439:453:411:454:454:275:340:453:455:456:179:427:422:451:452:293:450:455:456:442:457:458:449:187:403:459:448:448:416:454:459:421:460:392:460:461:462:457:463:419:464:462:464:465:466:463:409:421:442:458:461:465:466:93:467:227:437:424:468:469:470:405:436:469:471:418:439:203:472:455:103:370:414:353:452:168:429:472:440:473:378:470:474:475:468:473:474:476:477:449:314:478:450:479:480:481:324:304:482:478:483:475:476:479:481:484:485:444:480:201:432:486:388:485:446:471:458:480:482:487:119:488:467:489:483:477:445:490:182:433:489:348:490:491:491:484:492:426:493:454:477:493:492:487:494:495:347:495:209:491:170:44:328:446:488:496:494:497:369:306:226:486:209:496:486:164:396:482:498:499:500:501:502:590:207:488:438:497:501:476:500:504:505:390:471:504:506:462:502:507:507:508:509:506:154:412:505:510:510:131:475:368:481:508:511:512:498:181:509:466:428:513:512:514:105:484:514:515:431:513:470:59:64:515:47:397:516:517:518:512:459:506:53:517:216:516:502:507:499:519:451:520:499:521:12:334:522:495:520:523:490:460:291:518:493:525:217:511:515:525:590:90:467:463:519:528:521:520:529:530:325:531:532:485:373:529:464:533:532:500:144:533:374:487:276:534:529:524:531:479:535:530:523:528:80:536:322:516:355:95:537:538:534:467:537:522:539:540:539:535:541:249:96:541:540:538:521:518:532:542:543:544:536:542:543:522:425:148:533:496:531:545:388:513:490:544:546:141:545:546:547:465:548:539:499:401:549:152:293:29:549:550:302:394:551:404:552:552:553:554:483:552:175:437:549:550:379:472:555:554:555:544:556:319:547:557:553:480:489:558:548:550:555:197:556:272:559:559:560:561:562:560:546:492:503:563:562:557:560:558:561:564:551:565:537:559:510:535:563:464:566:540:567:30:564:239:568:323:390:568:567:569:498:570:571:494:504:572:440:389:536:566:519:572:573:571:565:574:145:501:566:474:478:574:575:571:576:575:577:498:563:469:577:578:448:573:551:395:508:569:576:579:580:580:509:573:581:579:582:420:583:211:584:570:585:430:456:581:453:586:587:561:554:588:582:120:525:589:528:572:341:73:578:556:589:578:511:591:577:592:588:591:593:593:497:565:586:457:592:343:594:66:538:595:584:80:167:595:505:594:585:526:541:596:576:594:596:597:320:598:597:584:586:583:524:599:585:522:600:542:600:601:602:36:479:603:574:602:604:491:543:604:586:530:599:587:605:271:603:606:598:38:557:311:607:49:588:575:406:604:433:607
10,3,606,0,6630,43:1:2:21:2:4:5:6:7:4:8:5:1:9:10:3:10:12:11:13:12:14:9:8:15:16:17:15:18:19:20:19:81:22:48:7:23:18:14:20:24:4:16:6:25:12:13:26:0:28:131:25:29:29:20:30:45:24:26:31:32:7:33:17:28:33:32:30:23:4:34:21:16:34:35:32:36:35:22:0:37:38:31:30:38:23:39:39:37:40:41:40:42:43:2:38:11:41:33:44:3:19:0:46:47:45:48:49:31:50:10:50:49:44:51:13:34:47:52:51:53:54:55:36:53:56:57:28:48:94:59:42:60:49:61:61:62:63:55:64:65:54:52:62:43:64:59:66:67:1:73:67:68:60:46:69:57:65:70:35:69:22:71:8:60:71:72:56:92:68:29:63:42:74:66:74:65:75:37:46:76:75:77:81:45:78:77:76:72:79:61:80:79:11:82:83:84:84:64:79:70:85:86:85:80:81:86:80:73:87:83:63:69:55:88:89:78:90:88:91:67:91:89:14:70:78:81:88:94:93:95:92:82:5:52:44:55:96:87:95:97:96:66:97:72:50:98:17:136:99:100:101:102:103:82:104:25:103:101:105:106:103:106:107:105:104:108:98:109:108:51:109:39:100:27:15:110:71:107:111:112:113:114:54:115:116:102:110:83:116:94:114:36:107:117:118:68:119:77:120:113:112:58:120:115:121:122:122:119:111:62:90:117:123:121:115:99:124:125:126:118:41:47:124:127:126:128:129:130:29:130:131:122:132:125:133:123:117:133:127:18:126:129:128:34:132:109:19:134:97:135:58:134:137:135:138:109:96:139:127:78:140:141:31:142:140:143:137:130:101:141:142:144:145:136:146:129:91:146:139:40:84:119:147:144:138:148:149:150:147:148:95:151:53:151:123:127:120:125:87:152:153:41:153:145:152:149:100:149:39:154:155:150:156:157:107:156:133:155:128:136:158:154:157:75:158:59:159:142:160:143:146:161:162:163:164:162:161:93:160:165:166:150:163:159:112:167:153:168:169:58:124:169:168:170:89:6:84:131:56:171:172:172:137:156:89:167:171:173:170:174:173:175:174:165:159:176:166:140:177:175:164:178:176:121:177:178:179:180:180:181:181:182:158:183:26:134:184:179:175:185:116:186:186:180:95:187:173:185:184:17:188:139:187:189:190:191:150:24:113:192:182:191:179:193:191:134:105:194:110:138:189:183:67:186:195:194:196:197:190:27:132:197:198:195:199:143:74:184:106:177:155:196:200:193:152:192:181:144:57:183:201:141:138:202:200:51:203:204:199:189:205:205:104:206:160:207:207:208:201:168:203:198:171:209:210:204:211:2:111:172:208:211:200:209:164:212:202:213:194:212:214:214:3:193:167:210:206:170:114:201:137:135:168:215:147:122:161:188:169:213:216:217:217:85:153:55:218:219:220:151:216:192:22:221:220:219:221:165:195:222:223:224:223:224:221:163:222:215:174:216:182:184:225:226:227:218:228:229:228:226:188:218:210:230:123:225:136:231:50:74:224:232:231:212:230:197:102:233:77:98:234:234:235:234:236:221:237:238:154:198:236:199:239:118:208:240:237:232:241:240:241:242:232:239:235:233:27:223:219:5:243:133:243:215:230:242:76:108:227:244:226:245:244:246:222:228:247:248:246:145:235:249:250:247:251:249:252:135:225:253:251:248:229:236:250:252:110:249:209:166:97:176:253:231:240:242:254:255:245:256:257:255:258:185:259:256:254:258:257:260:21:261:360:162:263:264:178:265:259:213:263:261:238:266:259:267:211:254:260:248:265:268:252:268:269:270:264:271:272:243:9:57:193:196:273:269:271:267:227:274:275:276:277:276:275:278:279:272:270:273:274:280:281:282:86:280:283:277:268:284:278:285:239:282:116:286:246:247:149:287:274:286:284:270:278:220:267:266:202:288:289:287:290:260:180:92:281:285:169:292:289:290:291:279:293:108:294:284:206:245:283:295:294:296:121:91:190:292:297:273:298:162:299:300:286:301:288:157:295:302:231:303:300:69:283:297:301:271:293:260:219:277:265:304:305:304:261:205:298:306:292:307:308:302:309:291:305:205:237:295:308:287:296:191:310:311:24:312:311:313:309:314:315:142:316:266:250:313:314:317:306:314:312:298:230:299:253:14:303:307:303:318:289:309:257:238:317:320:321:320:113:299:316:317:315:321:318:322:267:60:323:323:323:203:157:324:325:326:251:68:310:327:319:324:328:104:305:325:288:328:329:285:330:322:294:331:331:332:333:332:334:335:336:337:338:334:339:222:339:321:340:335:333:341:340:338:330:329:342:214:229:342:343:335:282:336:307:235:337:72:326:327:344:345:346:347:269:345:341:348:349:349:85:346:350:348:351:351:343:352:241:255:299:342:310:353:344:1:115:354:349:301:23:350:339:264:352:315:355:355:353:279:356:328:335:65:347:357:356:318:358:357:359:354:354:337:83:327:360:199:361:362:363:311:364:365:361:363:359:355:364:366:367:368:332:360:102:369:365:358:366:252:338:370:371:272:206:368:372:369:373:370:374:25:374:297:375:343:376:262:100:263:6:362:371:8:377:378:245:376:375:377:363:373:333:367:368:378:126:372:52:276:376:311:345:379:380:370:284:381:382:225:313:383:344:377:383:262:384:385:381:296:386:362:262:129:207:359:381:379:322:387:319:233:244:258:388:342:389:213:380:329:387:356:389:382:16:390:310:366:388:390:347:176:274:346:391:385:306:392:393:386:391:394:304:371:395:395:367:280:396:396:229:357:392:256:397:397:320:376:54:316:398:399:400:393:401:163:402:400:403:350:365:391:399:404:398:290:394:405:405:406:326:404:375:406:402:361:28:403:401:407:385:341:408:124:336:409:410:411:379:372:281:297:398:408:351:18:412:407:413:409:412:399:118:401:380:218:331:377:348:312:386:414:400:415:414:356:416:415:416:99:417:353:418:373:351:418:419:330:420:350:410:411:421:417:419:422:212:382:423:424:413:275:402:425:420:426:308:425:427:161:112:410:406:426:423:428:429:254:302:429:329:393:421:10:265:430:194:99:387:424:397:352:428:358:431:427:432:204:420:258:430:433:434:241:434:422:431:234:433:468:277:432:383:436:437:384:438:383:384:439:198:440:440:425:417:441:415:442:15:443:423:444:445:437:443:441:443:399:185:321:446:438:447:447:448:427:265:441:447:445:444:389:413:446:449:450:408:451:452:247:407:300:364:434:436:439:453:411:454:454:275:340:453:455:456:179:427:422:451:452:293:450:455:456:442:457:458:449:187:403:459:448:448:416:454:459:421:460:392:460:461:462:457:463:419:464:462:464:465:466:463:409:421:442:458:461:465:466:93:467:227:437:424:468:469:470:405:436:469:471:418:439:203:472:455:103:370:414:353:452:168:429:472:440:473:378:470:474:475:468:473:474:476:477:449:314:478:450:479:480:481:324:304:482:478:483:475:476:479:481:484:485:444:480:201:432:486:388:485:446:471:458:480:482:487:119:488:467:489:483:477:445:490:182:433:489:348:490:491:491:484:492:426:493:454:477:493:492:487:494:495:347:495:209:491:170:44:328:446:488:496:494:497:369:306:226:486:209:496:486:164:396:482:498:499:500:501:502:590:207:488:438:497:501:476:500:504:505:390:471:504:506:462:502:507:507:508:509:506:154:412:505:510:510:131:475:368:481:508:511:512:498:181:509:466:428:513:512:514:105:484:514:515:431:513:470:59:64:515:47:397:516:517:518:512:459:506:53:517:216:516:502:507:499:519:451:520:499:521:12:334:522:495:520:523:490:460:291:518:493:525:217:511:515:525:590:90:467:463:519:528:521:520:529:530:325:531:532:485:373:529:464:533:532:500:144:533:374:487:276:534:529:524:531:479:535:530:523:528:80:536:322:516:355:95:537:538:534:467:537:522:539:540:539:535:541:249:96:541:540:538:521:518:532:542:543:544:536:542:543:522:425:148:533:496:531:545:388:513:490:544:546:141:545:546:547:465:548:539:499:401:549:152:293:29:549:550:302:394:551:404:552:552:553:554:483:552:175:437:549:550:379:472:555:554:555:544:556:319:547:557:553:480:489:558:548:550:555:197:556:272:559:559:560:561:562:560:546:492:503:563:562:557:560:558:561:564:551:565:537:559:510:535:563:464:566:540:567:30:564:239:568:323:390:568:567:569:498:570:571:494:504:572:440:389:536:566:519:572:573:571:565:574:145:501:566:474:478:574:575:571:576:575:577:498:563:469:577:578:448:573:551:395:508:569:576:579:580:580:509:573:581:579:582:420:583:211:584:570:585:430:456:581:453:586:587:561:554:588:582:120:525:589:528:572:341:73:578:556:589:578:511:591:577:592:588:591:593:593:497:565:586:457:592:343:594:66:538:595:584:80:167:595:505:594:585:526:541:596:576:594:596:597:320:598:597:584:586:583:524:599:585:522:600:542:600:601:602:36:479:603:574:602:604:491:543:604:586:530:599:587:605:271:603:606:598:38:557:311:607:49:588:575:406:604:433:607
11,3,606,0,6629,43:1:2:21:2:4:5:6:7:4:8:5:1:9:10:3:10:12:11:13:12:14:9:8:15:16:17:15:18:19:20:19:81:22:48:7:23:18:14:20:24:4:16:6:25:12:13:26:0:28:131:25:29:29:20:30:45:24:26:31:32:7:33:17:28:33:32:30:23:4:34:21:16:34:35:32:36:35:22:0:37:38:31:30:38:23:39:39:37:40:41:40:42:43:2:38:11:41:33:44:3:19:0:46:47:45:48:49:31:50:10:50:49:44:51:13:34:47:52:51:53:54:55:36:53:56:57:28:48:94:59:42:60:49:61:61:62:63:55:64:65:54:52:62:43:64:59:66:67:1:73:67:68:60:46:69:57:65:70:35:69:22:71:8:60:71:72:56:92:68:29:63:42:74:66:74:65:75:37:46:76:75:77:81:45:78:77:76:72:79:61:80:79:11:82:83:84:84:64:79:70:85:86:85:80:81:86:80:73:87:83:63:69:55:88:89:78:90:88:91:67:91:89:14:70:78:81:88:94:93:95:92:82:5:52:44:55:96:87:95:97:96:66:97:72:50:98:17:136:99:100:101:102:103:82:104:25:103:101:105:106:103:73:107:105:104:108:98:109:108:51:109:39:100:27:15:110:71:107:111:112:113:114:54:115:116:102:110:83:116:94:114:36:107:117:118:68:119:77:120:113:112:58:120:115:121:122:122:119:111:62:90:117:123:121:115:99:124:125:126:118:41:47:124:127:126:128:129:130:29:130:131:122:132:125:133:123:117:133:127:18:126:129:128:34:132:109:19:134:97:135:58:134:137:135:138:109:96:139:127:78:140:141:31:142:140:143:137:130:101:141:142:144:145:136:146:129:91:146:139:40:84:119:147:144:138:148:149:150:147:148:95:151:53:151:123:127:120:125:87:152:153:41:153:145:152:149:100:149:39:154:155:150:156:157:107:156:133:155:128:136:158:154:157:75:158:59:159:142:160:143:146:161:162:163:164:162:161:93:160:165:166:150:163:159:112:167:153:168:169:58:124:169:168:170:89:6:84:131:56:171:172:172:137:156:89:167:171:173:170:174:173:175:174:165:159:176:166:140:177:175:164:178:176:121:177:178:179:180:180:181:181:182:158:183:26:134:184:179:175:185:116:186:186:180:95:187:173:185:184:17:188:139:187:189:190:191:150:24:113:192:182:191:179:193:191:134:105:194:110:138:189:183:67:186:195:194:196:197:190:27:132:197:198:195:199:143:74:184:106:177:155:196:200:193:152:192:181:144:57:183:201:141:138:202:200:51:203:204:199:189:205:205:104:206:160:207:207:208:201:168:203:198:171:209:210:204:211:2:111:172:208:211:200:209:164:212:202:213:194:212:214:214:3:193:167:210:206:170:114:201:137:135:168:215:147:122:161:188:169:213:216:217:217:85:153:55:218:219:220:151:216:192:22:221:220:219:221:165:195:222:223:224:223:224:221:163:222:215:174:216:182:184:225:226:227:218:228:229:228:226:188:218:210:230:123:225:136:231:50:74:224:232:231:212:230:197:102:233:77:98:234:234:235:234:236:221:237:238:154:198:236:199:239:118:208:240:237:232:241:240:241:242:232:239:235:233:27:223:219:5:243:133:243:215:230:242:76:108:227:244:226:245:244:246:222:228:247:248:246:145:235:249:250:247:251:249:252:135:225:253:251:248:229:236:250:252:110:249:209:166:97:176:253:231:240:242:254:255:245:256:257:255:258:185:259:256:254:258:257:260:21:261:360:162:263:264:178:265:259:213:263:261:238:266:259:267:211:254:260:248:265:268:252:268:269:270:264:271:272:243:9:57:193:196:273:269:271:267:227:274:275:276:277:276:275:278:279:272:270:273:274:280:281:282:86:280:283:277:268:284:278:285:239:282:116:286:246:247:149:287:274:286:284:270:278:220:267:266:202:288:289:287:290:260:180:92:281:285:169:292:289:290:291:279:293:108:294:284:206:245:283:295:294:296:121:91:190:292:297:273:298:162:299:300:286:301:288:157:295:302:231:303:300:69:283:297:301:271:293:260:219:277:265:304:305:304:261:205:298:306:292:307:308:302:309:291:305:205:237:295:308:287:296:191:310:311:24:312:311:313:309:314:315:142:316:266:250:313:314:317:306:314:312:298:230:299:253:14:303:307:303:318:289:309:257:238:317:320:321:320:113:299:316:317:315:321:318:322:267:60:323:323:323:203:157:324:325:326:251:68:310:327:319:324:328:104:305:325:288:328:329:285:330:322:294:331:331:332:333:332:334:335:336:337:338:334:339:222:339:321:340:335:333:341:340:338:330:329:342:214:229:342:343:335:282:336:307:235:337:72:326:327:344:345:346:347:269:345:341:348:349:349:85:346:350:348:351:351:343:352:241:255:299:342:310:353:344:1:115:354:349:301:23:350:339:264:352:315:355:355:353:279:356:328:335:65:347:357:356:318:358:357:359:354:354:337:83:327:360:199:361:362:363:311:364:365:361:363:359:355:364:366:367:368:332:360:102:369:365:358:366:252:338:370:371:272:206:368:372:369:373:370:374:25:374:297:375:343:376:262:100:263:6:362:371:8:377:378:245:376:375:377:363:373:333:367:368:378:126:372:52:276:376:311:345:379:380:370:284:381:382:225:313:383:344:377:383:262:384:385:381:296:386:362:262:129:207:359:381:379:322:387:319:233:244:258:388:342:389:213:380:329:387:356:389:382:16:390:310:366:388:390:347:176:274:346:391:385:306:392:393:386:391:394:304:371:395:395:367:280:396:396:229:357:392:256:397:397:320:376:54:316:398:399:400:393:401:163:402:400:403:350:365:391:399:404:398:290:394:405:405:406:326:404:375:406:402:361:28:403:401:407:385:341:408:124:336:409:410:411:379:372:281:297:398:408:351:18:412:407:413:409:412:399:118:401:380:218:331:377:348:312:386:414:400:415:414:356:416:415:416:99:417:353:418:373:351:418:106:330:420:350:410:411:421:417:262:422:212:382:423:424:413:275:402:425:420:426:308:425:427:161:112:410:406:426:423:428:429:254:302:429:329:393:421:10:265:430:194:99:387:424:397:352:428:358:431:427:432:204:420:258:430:433:434:241:434:422:431:234:433:468:277:432:383:436:437:384:438:383:384:439:198:440:440:425:417:441:415:442:15:443:423:444:445:437:443:441:443:399:185:321:446:438:447:447:448:427:265:441:447:445:444:389:413:446:449:450:408:451:452:247:407:300:364:434:436:439:453:411:454:454:275:340:453:455:456:179:427:422:451:452:293:450:455:456:442:457:458:449:187:403:459:448:448:416:454:459:421:460:392:460:461:462:457:463:419:464:462:464:465:466:463:409:421:442:458:461:465:466:93:467:227:437:424:468:469:470:405:436:469:471:418:439:203:472:455:103:370:414:353:452:168:429:472:440:473:378:470:474:475:468:473:474:476:477:449:314:478:450:479:480:481:324:304:482:478:483:475:476:479:481:484:485:444:480:201:432:486:388:485:446:471:458:480:482:487:119:488:467:489:483:477:445:490:182:433:489:348:490:491:491:484:492:426:493:454:477:493:492:487:494:495:347:495:209:491:170:44:328:446:488:496:494:497:369:306:226:486:209:496:486:164:396:482:498:499:500:501:502:590:207:488:438:497:501:476:500:504:505:390:471:504:506:462:502:507:507:508:509:506:154:412:505:510:510:131:475:368:481:508:511:512:498:181:509:466:428:513:512:514:105:484:514:515:431:513:470:59:64:515:47:397:516:517:518:512:459:506:53:517:216:516:502:507:499:519:451:520:499:521:12:334:522:495:520:523:490:460:291:518:493:525:217:511:515:525:590:90:467:463:519:528:521:520:529:530:325:531:532:485:373:529:464:533:532:500:144:533:374:487:276:534:529:524:531:479:535:530:523:528:80:536:322:516:355:95:537:538:534:467:537:522:539:540:539:535:541:249:96:541:540:538:521:518:532:542:543:544:536:542:543:522:425:148:533:496:531:545:388:513:490:544:546:141:545:546:547:465:548:539:499:401:549:152:293:29:549:550:302:394:551:404:552:552:553:554:483:552:175:437:549:550:379:472:555:554:555:544:556:319:547:557:553:480:489:558:548:550:555:197:556:272:559:559:560:561:562:560:546:492:503:563:562:557:560:558:561:564:551:565:537:559:510:535:563:464:566:540:567:30:564:239:568:323:390:568:567:569:498:570:571:494:504:572:440:389:536:566:519:572:573:571:565:574:145:501:566:474:478:574:575:571:576:575:577:498:563:469:577:578:448:573:551:395:508:569:576:579:580:580:509:573:581:579:582:420:583:211:584:570:585:430:456:581:453:586:587:561:554:588:582:120:525:589:528:572:341:73:578:556:589:578:511:591:577:592:588:591:593:593:497:565:586:457:592:343:594:66:538:595:584:80:167:595:505:594:585:526:541:596:576:594:596:597:320:598:597:584:586:583:524:599:585:522:600:542:600:601:602:36:479:603:574:602:604:491:543:604:586:530:599:587:605:271:603:606:598:38:557:311:607:49:588:575:406:604:433:607
12,3,606,0,6626,43:1:2:21:2:4:5:6:7:4:8:5:1:9:10:3:10:12:11:13:12:14:9:8:15:16:17:15:18:19:20:19:81:22:48:36:23:18:14:20:24:4:16:6:25:12:13:26:0:28:131:25:29:29:20:30:45:24:26:31:32:7:33:17:28:33:32:30:23:4:34:21:16:34:35:32:36:35:22:0:37:38:31:30:38:23:39:39:37:40:41:7:42:43:2:38:11:41:33:44:3:19:0:46:47:45:48:49:31:50:10:50:49:44:51:13:34:47:52:51:53:54:55:36:53:56:57:28:48:94:59:42:60:49:61:61:62:63:55:64:65:54:52:62:43:64:59:66:67:1:73:67:68:60:46:69:57:65:70:35:69:22:71:8:60:71:72:56:40:68:29:63:42:74:66:74:65:75:37:46:76:75:77:81:45:78:77:76:72:79:61:80:79:11:82:83:84:84:64:79:70:85:86:85:80:81:86:80:73:87:83:63:69:55:88:89:78:90:88:91:67:91:89:14:70:78:81:88:94:93:95:92:82:5:52:44:55:96:87:95:97:96:66:97:72:50:98:17:136:99:100:101:102:103:82:104:25:103:101:105:106:103:73:107:105:104:108:98:109:108:51:109:39:100:27:15:110:71:107:111:112:113:114:54:115:116:102:110:83:116:94:114:36:107:117:118:68:119:77:120:113:112:58:120:115:121:122:122:119:111:62:90:117:123:121:115:99:124:125:126:118:41:47:124:127:126:128:129:130:29:130:131:122:132:125:133:123:117:133:127:18:126:129:128:34:132:109:19:134:97:135:58:134:137:135:138:109:96:139:127:78:140:141:31:142:140:143:137:130:101:141:142:144:145:136:146:129:91:146:139:27:84:119:147:144:138:148:149:150:147:148:95:151:53:151:123:127:120:125:87:152:153:41:153:145:152:149:100:149:39:154:155:150:156:157:107:156:133:155:128:136:158:154:157:75:158:59:159:142:160:143:146:161:162:163:164:162:161:93:160:165:166:150:163:159:112:167:153:168:169:58:124:169:168:170:89:6:84:131:56:171:172:172:137:156:89:167:171:173:170:174:173:175:174:165:159:176:166:140:177:175:164:178:176:121:177:178:179:180:180:181:181:182:158:183:26:134:184:179:175:185:116:186:186:180:95:187:173:185:184:17:188:139:187:189:190:191:150:24:113:192:182:191:179:193:191:134:105:194:110:138:189:183:67:186:195:194:196:197:190:27:132:197:198:195:199:143:74:184:106:177:155:196:200:193:152:192:181:144:57:183:201:141:138:202:200:51:203:204:199:189:205:205:104:206:160:207:207:208:201:168:203:198:171:209:210:204:211:2:111:172:208:211:200:209:164:212:202:213:194:212:214:214:3:193:167:210:206:170:114:201:137:135:168:215:147:122:161:188:169:213:216:217:217:85:153:55:218:219:220:151:216:192:22:221:220:219:221:165:195:222:223:224:223:224:221:163:222:215:174:216:182:184:225:226:227:218:228:229:228:226:188:218:210:230:123:225:136:231:50:74:224:232:231:212:230:197:102:233:77:98:234:234:235:234:236:221:237:238:154:88:236:199:239:118:208:240:237:232:241:240:241:242:232:239:235:233:27:223:219:5:243:133:243:215:230:242:76:108:227:244:226:245:244:246:222:228:247:248:246:145:235:249:250:247:251:249:252:135:225:253:251:248:229:236:250:252:110:249:209:166:97:176:253:231:240:242:254:255:245:256:257:255:258:185:259:256:254:258:257:260:21:261:360:162:263:264:178:265:259:213:263:261:238:266:259:267:211:254:260:248:265:268:252:268:269:270:264:271:272:243:9:57:193:196:273:269:271:267:227:274:275:276:277:276:275:278:279:272:270:273:274:280:281:282:86:280:283:277:268:284:278:285:239:282:116:286:246:247:149:287:274:286:284:270:278:220:267:266:202:288:289:287:290:260:180:92:281:285:169:292:289:290:291:279:293:108:294:284:206:245:283:295:294:296:121:91:190:292:297:273:298:162:299:300:286:301:288:157:295:302:231:303:300:69:283:297:301:271:293:260:219:277:265:304:305:304:261:205:298:306:292:307:308:302:309:291:305:205:237:295:308:287:296:191:310:311:24:198:311:313:309:314:315:142:316:266:250:313:314:317:306:314:92:298:230:299:253:14:303:307:303:318:289:309:257:238:317:320:321:320:113:299:316:317:315:321:318:322:267:60:323:323:323:203:157:324:325:326:251:68:310:327:319:324:328:104:305:325:288:328:329:285:330:322:294:331:331:332:333:332:334:335:336:337:338:334:339:222:339:321:340:335:333:341:340:338:330:329:342:214:229:342:343:335:282:336:307:235:337:72:326:327:344:345:346:347:269:345:341:348:349:349:85:346:350:348:351:351:343:352:241:255:299:342:310:353:344:1:115:354:349:301:23:350:339:264:352:315:355:355:353:279:356:328:335:65:347:357:356:318:358:357:359:354:354:337:83:327:360:199:361:362:363:311:364:365:361:363:359:355:364:366:367:368:332:360:102:369:365:358:366:252:338:370:371:272:206:368:372:369:373:370:374:25:374:297:375:343:376:262:100:263:6:362:371:8:377:378:245:376:375:377:363:373:333:367:368:378:126:372:52:276:376:311:345:379:380:370:284:381:382:225:313:383:344:377:383:262:384:385:381:296:386:362:262:129:207:359:381:379:322:387:319:233:244:258:388:342:389:213:380:329:387:356:389:382:16:390:310:366:388:390:347:176:274:346:391:385:306:392:393:386:391:394:304:371:395:395:367:280:396:396:229:357:392:256:397:397:320:376:54:316:398:399:400:393:401:163:402:400:403:350:365:391:399:404:398:290:394:405:405:406:326:404:375:406:402:361:28:403:401:407:385:341:408:124:336:409:410:411:379:372:281:297:398:408:351:18:412:407:413:409:412:399:118:401:380:218:331:377:348:312:386:414:400:415:414:356:416:415:416:99:417:353:418:373:351:418:106:330:420:350:410:411:421:417:262:422:212:382:423:424:413:275:402:425:420:426:308:425:427:161:112:410:406:426:423:428:429:254:302:429:329:393:421:10:265:430:194:99:387:424:397:352:428:358:431:427:432:204:420:258:430:433:434:241:434:422:431:234:433:468:277:432:383:436:437:384:438:383:384:439:198:440:440:425:417:441:415:442:15:443:423:444:445:437:443:441:443:399:185:321:446:438:447:447:448:427:265:441:447:445:444:389:413:446:449:450:408:451:452:247:407:300:364:434:436:439:453:411:454:454:275:340:453:455:456:179:427:422:451:452:293:450:455:456:442:457:458:449:187:403:459:448:448:416:454:459:421:460:392:460:461:462:457:463:419:464:462:464:465:466:463:409:421:442:458:461:465:466:93:467:227:437:424:468:469:470:405:436:469:471:418:439:203:472:455:103:370:414:353:452:168:429:472:440:473:378:470:474:475:468:473:474:476:477:449:314:478:450:479:480:481:324:304:482:478:483:475:476:479:481:484:485:444:480:201:432:486:388:485:446:471:458:480:482:487:119:488:467:489:483:477:445:490:182:433:489:348:490:491:491:484:492:426:493:454:477:493:492:487:494:495:347:495:209:491:170:44:328:446:488:496:494:497:369:306:226:486:209:496:486:164:396:482:498:499:500:501:502:590:207:488:438:497:501:476:500:504:505:390:471:504:506:462:502:507:507:508:509:506:154:412:505:510:510:131:475:368:481:508:511:512:498:181:509:466:428:513:512:514:105:484:514:515:431:513:470:59:64:515:47:397:516:517:518:512:459:506:53:517:216:516:502:507:499:519:451:520:499:521:12:334:522:495:520:523:490:460:291:518:493:525:217:511:515:525:590:90:467:463:519:528:521:520:529:530:325:531:532:485:373:529:464:533:532:500:144:533:374:487:276:534:529:524:531:479:535:530:523:528:80:536:322:516:355:95:537:538:534:467:537:522:539:540:539:535:541:249:96:541:540:538:521:518:532:542:543:544:536:542:543:522:425:148:533:496:531:545:388:513:490:544:546:141:545:546:547:465:548:539:499:401:549:152:293:29:549:550:302:394:551:404:552:552:553:554:483:552:175:437:549:550:379:472:555:554:555:544:556:319:547:557:553:480:489:558:548:550:555:197:556:272:559:559:560:561:562:560:546:492:503:563:562:557:560:558:561:564:551:565:537:559:510:535:563:464:566:540:567:30:564:239:568:323:390:568:567:569:498:570:571:494:504:572:440:389:536:566:519:572:573:571:565:574:145:501:566:474:478:574:575:571:576:575:577:498:563:469:577:578:448:573:551:395:508:569:576:579:580:580:509:573:581:579:582:420:583:211:584:570:585:430:456:581:453:586:587:561:554:588:582:120:525:589:528:572:341:73:578:556:589:578:511:591:577:592:588:591:593:593:497:565:586:457:592:343:594:66:538:595:584:80:167:595:505:594:585:526:541:596:576:594:596:597:320:598:597:584:586:583:524:599:585:522:600:542:600:601:602:605:479:603:574:602:604:491:543:604:586:530:599:587:605:271:603:606:598:38:557:311:607:49:588:575:406:604:433:607
13,3,606,0,6621,43:1:2:21:2:4:5:6:7:4:8:5:1:9:10:3:10:12:11:13:12:14:9:8:15:16:17:15:18:19:20:19:81:22:48:36:23:18:14:20:24:4:16:6:25:12:13:26:0:28:131:25:29:29:20:30:45:24:26:31:32:7:33:17:28:33:32:30:23:4:34:21:16:34:35:32:36:35:22:0:37:38:31:30:38:23:39:39:37:40:41:7:42:43:2:38:11:41:33:44:3:19:0:46:47:45:48:49:31:50:10:50:49:44:51:13:34:47:52:51:53:54:55:36:53:56:57:28:48:94:59:42:60:49:61:61:62:63:55:64:65:54:52:62:43:64:59:66:67:1:73:67:68:60:46:69:57:65:70:35:69:22:71:8:60:71:72:56:40:68:29:63:42:74:66:74:65:75:37:46:76:75:77:81:45:78:77:76:72:79:61:80:79:11:82:83:84:84:64:79:70:85:86:85:80:81:86:80:73:87:83:63:69:55:88:89:78:90:88:91:67:91:89:14:70:78:81:88:94:93:95:92:82:5:52:44:55:96:87:95:97:96:66:97:72:50:98:17:136:99:100:101:102:103:82:104:25:103:101:105:106:103:73:107:105:104:108:98:109:108:51:109:39:100:27:15:110:71:107:111:112:113:114:54:115:116:102:110:83:116:94:114:36:107:117:118:68:119:77:120:113:112:58:120:115:121:122:122:119:111:62:90:117:123:121:115:99:124:125:126:118:41:47:124:127:126:128:129:130:29:130:131:122:132:125:133:123:117:133:127:18:126:129:128:34:132:109:19:134:97:135:58:134:137:135:138:109:96:139:127:78:140:141:31:142:140:143:137:130:101:141:142:144:145:136:146:129:91:146:139:27:84:119:147:144:138:312:149:150:147:312:95:151:53:151:123:127:120:125:87:152:153:41:153:145:152:149:100:149:39:154:155:150:156:157:107:156:133:155:128:136:158:154:157:75:158:59:159:142:160:143:146:161:162:163:164:162:161:93:160:165:166:150:163:159:112:167:153:168:169:58:124:169:168:170:89:6:84:131:56:171:172:172:137:156:89:167:171:173:170:174:173:175:174:165:159:176:166:140:177:175:164:178:176:121:177:178:179:180:180:181:181:182:158:183:26:134:184:179:175:185:116:186:186:180:95:187:173:185:184:17:188:139:187:189:190:191:150:24:113:192:182:191:179:193:191:134:105:194:110:138:189:183:67:186:195:194:196:197:190:27:132:197:198:195:199:143:74:184:106:177:155:196:200:193:152:192:181:144:57:183:201:141:138:202:200:51:203:204:199:189:205:205:104:206:160:207:207:208:201:168:203:198:171:209:210:204:211:2:111:172:208:211:200:209:164:212:202:213:194:212:214:214:3:193:167:210:206:170:114:201:137:135:168:215:147:122:161:188:169:213:216:217:217:85:153:55:218:219:220:151:216:192:22:221:220:219:221:165:195:222:223:224:223:224:221:163:222:215:174:216:182:184:225:226:227:218:228:229:228:226:188:218:210:230:123:225:136:231:50:74:224:232:231:212:230:197:102:233:77:98:234:234:235:234:236:221:237:238:154:88:236:199:239:118:208:240:237:232:241:240:241:242:232:239:235:233:27:223:219:5:243:133:243:215:230:242:76:108:227:244:226:245:244:246:222:228:247:248:246:145:235:249:250:247:251:249:252:135:225:253:251:248:229:236:250:252:110:249:209:166:97:176:253:231:240:242:254:255:245:256:257:255:258:185:259:256:254:258:257:260:21:261:360:162:263:264:178:265:259:213:263:261:238:266:259:267:211:254:260:248:265:268:252:268:269:270:264:271:272:243:9:57:193:196:273:269:271:267:227:274:275:276:277:276:275:278:279:272:270:273:274:280:281:282:86:280:283:277:268:284:278:285:239:282:116:286:246:247:149:287:274:286:284:270:278:220:267:266:202:288:289:287:290:260:180:92:281:285:169:292:289:290:291:279:293:108:294:284:206:245:283:295:294:296:121:91:190:292:297:273:298:162:299:300:286:301:288:157:295:302:231:303:300:69:283:297:301:271:293:260:219:277:265:304:305:304:261:205:298:306:292:307:308:302:309:291:305:205:237:295:308:287:296:191:310:311:24:198:311:313:309:314:315:142:316:266:250:313:314:317:306:314:92:298:230:299:253:14:303:307:303:318:289:309:257:238:317:320:321:320:113:299:316:317:315:321:318:322:267:60:323:323:323:203:157:324:325:326:251:68:310:327:319:324:328:104:305:325:288:328:329:285:330:322:294:331:331:332:333:332:334:335:336:337:338:334:339:222:339:321:340:335:333:341:340:338:330:329:342:214:229:342:343:335:282:336:307:235:337:72:326:327:344:345:346:347:269:345:341:348:349:349:85:346:350:348:351:351:343:352:241:255:299:342:310:353:344:1:115:354:349:301:23:350:339:264:352:315:355:355:353:279:356:328:335:65:347:357:356:318:358:357:359:354:354:337:83:327:360:199:361:362:363:311:364:365:361:363:359:355:364:366:367:368:332:360:102:369:365:358:366:252:338:370:371:272:206:368:372:369:373:370:374:25:374:297:375:343:376:262:100:263:6:362:371:8:377:378:245:376:375:377:363:373:333:367:368:378:126:372:52:276:376:311:345:379:380:370:284:381:382:225:313:383:344:377:383:262:384:385:381:296:386:362:262:129:207:359:381:379:322:387:319:233:244:258:388:342:389:213:380:329:387:356:389:382:16:390:310:366:388:390:347:176:274:346:391:385:306:392:393:386:391:394:304:371:395:395:367:280:396:396:229:357:392:256:397:397:320:376:54:316:398:399:400:393:401:163:402:400:403:350:365:391:399:404:398:290:394:405:405:406:326:404:375:406:402:361:28:403:401:407:385:341:408:124:336:409:410:411:379:372:281:297:398:408:351:18:412:407:413:409:412:399:118:401:380:218:331:377:348:400:386:414:400:415:414:356:416:415:416:99:417:353:418:373:351:418:106:330:420:350:410:411:421:417:262:422:212:382:423:424:413:275:402:425:420:426:308:425:427:161:112:410:406:426:423:428:429:254:302:429:329:393:421:10:265:430:194:99:387:424:397:352:428:358:431:427:432:204:420:258:430:433:434:241:434:422:431:234:433:468:277:432:383:436:437:384:438:383:384:439:198:440:440:425:417:441:415:442:15:443:423:444:445:437:443:441:443:399:185:321:446:438:447:447:448:427:265:441:447:445:444:389:413:446:449:450:408:451:452:247:407:300:364:434:436:439:453:411:454:454:275:340:453:455:456:179:427:422:451:452:293:450:455:456:442:457:458:449:187:403:459:448:448:416:454:459:421:460:392:460:461:462:457:463:419:464:462:464:465:466:463:409:421:442:458:461:465:466:93:467:227:437:424:468:469:470:405:436:469:471:418:439:203:472:455:103:370:414:353:452:168:429:472:440:473:378:470:474:475:468:473:474:476:477:449:314:478:450:479:480:481:324:304:482:478:483:475:476:479:481:484:485:444:480:201:432:486:388:485:446:471:458:480:482:487:119:488:467:489:483:477:445:490:182:433:489:348:490:491:491:484:492:426:493:454:477:493:492:487:494:495:347:495:209:491:170:44:328:446:488:496:494:497:369:306:226:486:209:496:486:164:396:482:498:499:500:501:502:590:207:488:438:497:501:476:500:504:505:390:471:504:506:462:502:507:507:508:509:506:154:412:505:510:510:131:475:368:481:508:511:512:498:181:509:466:428:513:512:514:105:484:514:515:431:513:470:59:64:515:47:397:516:517:518:512:459:506:53:517:216:516:502:507:499:519:451:520:499:521:12:334:522:495:520:523:490:460:291:518:493:525:217:511:515:525:590:90:467:463:519:528:521:520:529:530:325:531:532:485:373:529:464:533:532:500:144:533:374:487:276:534:529:524:531:479:535:530:523:528:80:536:322:516:355:95:537:538:534:467:537:522:539:540:539:535:541:249:96:541:540:538:521:518:532:542:543:544:536:542:543:522:425:148:533:496:531:545:388:513:490:544:546:141:545:546:547:465:548:539:499:401:549:152:293:29:549:550:302:394:551:404:552:552:553:554:483:552:175:437:549:550:379:472:555:554:555:544:556:319:547:557:553:480:489:558:548:550:555:197:556:272:559:559:560:561:562:560:546:492:503:563:562:557:560:558:561:564:551:565:537:559:510:535:563:464:566:540:567:30:564:239:568:323:390:568:567:569:498:570:571:494:504:572:440:389:536:566:519:572:573:571:565:574:145:501:566:474:478:574:575:571:576:575:577:498:563:469:577:578:448:573:551:395:508:569:576:579:580:580:509:573:581:579:582:420:583:211:584:570:585:430:456:581:453:586:587:561:554:588:582:120:525:589:528:572:341:73:578:556:589:578:511:591:577:592:588:591:593:593:497:565:586:457:592:343:594:66:538:595:584:80:167:595:505:594:585:526:541:596:576:594:596:597:320:598:597:584:586:583:524:599:585:522:600:542:600:601:602:605:479:603:574:602:604:491:543:604:586:530:599:587:605:271:603:606:598:38:557:311:607:49:588:575:406:604:433:607
14,3,606,0,6620,43:1:2:21:2:4:5:6:7:4:8:5:1:9:10:3:10:12:11:13:12:14:9:8:15:16:17:15:18:19:20:19:81:22:48:36:23:18:14:20:24:4:16:6:25:12:13:26:0:28:131:25:29:29:20:30:45:24:26:31:32:7:33:17:28:33:32:30:23:4:34:21:16:34:35:32:36:35:22:0:37:38:31:30:38:23:39:39:37:40:41:7:42:43:2:38:11:41:33:44:3:19:0:46:47:45:48:49:31:50:10:50:49:44:51:13:34:47:52:51:53:54:55:36:53:56:57:28:48:94:59:42:60:49:61:61:62:63:55:64:65:54:52:62:43:64:59:66:67:1:73:67:68:60:46:69:57:65:70:35:69:22:71:8:60:71:72:56:40:68:29:63:42:74:66:74:65:75:37:46:76:75:77:81:45:78:77:76:72:79:61:80:79:11:82:83:84:84:64:79:70:85:86:85:80:81:86:80:73:87:83:63:69:55:88:89:78:90:88:91:67:91:89:14:70:78:81:88:94:93:95:92:82:5:52:44:55:96:87:95:97:96:66:97:72:50:98:17:136:99:100:101:102:103:82:104:25:103:101:105:106:103:73:107:105:104:108:98:109:108:51:109:39:100:27:15:110:71:107:111:112:113:114:54:115:116:102:110:83:116:94:114:36:107:117:118:68:119:77:120:113:112:58:120:115:121:122:122:119:111:62:90:117:123:121:115:99:124:125:126:118:41:47:124:127:126:128:129:130:29:130:131:122:132:125:133:123:117:133:127:18:126:129:128:34:132:109:19:134:97:135:58:134:137:135:138:109:96:139:127:78:140:141:31:142:140:143:137:130:101:141:142:144:145:136:146:129:91:146:139:27:84:119:147:144:138:312:149:150:147:312:95:151:53:151:123:127:120:125:87:152:153:41:153:145:152:149:100:149:39:154:155:150:156:157:107:156:133:155:128:136:158:154:157:75:158:59:159:142:160:143:146:161:162:163:164:162:161:93:160:165:166:150:163:159:112:167:153:168:169:58:124:169:168:170:89:6:84:131:56:171:172:172:137:156:89:167:171:173:170:174:173:175:174:165:159:176:166:140:177:175:164:178:176:121:177:178:179:180:180:181:181:182:158:183:26:134:184:179:175:185:116:186:186:180:95:187:173:185:184:17:188:139:187:189:190:191:150:24:113:192:182:191:179:193:191:134:105:194:110:138:189:183:67:186:195:194:196:197:190:27:132:197:198:195:199:143:74:184:106:177:155:196:200:193:152:192:181:144:57:183:201:141:138:202:200:51:203:204:199:189:205:205:104:206:160:207:207:208:201:168:203:198:171:209:210:204:211:2:111:172:208:211:200:209:164:212:202:213:194:212:214:214:3:193:167:210:206:170:114:201:137:135:168:215:147:122:161:188:169:213:216:217:217:85:153:55:218:219:220:151:216:192:22:221:220:219:221:165:195:222:223:224:223:224:221:163:222:215:174:216:182:184:225:226:227:218:228:229:228:226:188:218:210:230:123:225:136:231:50:74:224:232:231:212:230:197:102:233:77:98:234:234:235:234:236:221:237:238:154:88:236:199:239:118:208:240:237:232:241:240:241:242:232:239:235:233:27:223:219:5:243:133:243:215:230:242:76:108:227:244:226:245:244:246:222:228:247:248:246:145:235:249:250:247:251:249:252:135:225:253:251:248:229:236:250:252:110:249:209:166:97:176:253:231:240:242:254:255:245:256:257:255:258:185:259:256:254:258:257:260:21:261:360:162:263:264:178:265:259:213:263:261:238:266:259:267:211:254:260:248:265:268:252:268:269:270:264:271:272:243:9:57:193:196:273:269:271:267:227:274:275:276:277:276:275:278:279:272:270:273:274:280:281:282:86:280:283:277:268:284:278:285:239:282:116:286:246:247:149:287:274:286:284:270:278:220:267:266:202:288:289:287:290:260:180:92:281:285:169:292:289:290:291:279:293:108:294:284:206:245:283:295:294:296:121:91:190:292:297:273:298:162:299:300:286:301:288:157:295:302:231:303:300:69:283:297:301:271:293:260:219:277:265:304:305:304:261:205:298:306:292:307:308:302:309:291:305:205:237:295:308:287:296:191:310:311:24:198:311:313:309:314:315:142:316:266:250:313:314:317:306:314:92:298:230:299:253:14:303:307:303:318:289:309:257:238:317:320:321:320:113:299:316:317:315:321:318:322:267:60:323:323:323:203:157:324:325:326:251:68:310:327:319:324:328:104:305:325:288:328:329:285:330:322:294:331:331:332:333:332:334:335:336:337:338:334:339:222:339:321:340:335:333:341:340:338:330:329:342:214:229:342:343:335:282:336:307:235:337:72:326:327:344:345:346:347:269:345:341:348:349:349:85:346:350:348:351:351:343:352:241:255:299:342:310:353:344:1:115:354:349:301:23:350:339:264:352:315:355:355:353:279:356:328:335:65:347:357:356:318:358:357:359:354:354:337:83:327:360:199:361:362:363:311:364:365:361:363:359:355:364:366:367:368:332:360:102:369:365:358:366:252:338:370:371:272:206:368:372:369:373:370:374:25:374:297:375:343:376:262:100:263:6:362:371:8:377:378:245:376:375:377:363:373:333:367:368:378:126:372:52:276:376:311:345:379:380:370:284:381:382:225:313:383:344:377:383:262:384:385:381:296:386:362:262:129:207:359:381:379:322:387:319:233:244:258:388:342:389:213:380:329:387:356:389:382:16:390:310:366:388:390:347:176:274:346:391:385:306:392:393:386:391:394:304:371:395:395:367:280:396:396:229:357:392:256:397:397:320:376:54:316:398:399:400:393:401:163:402:400:403:350:365:391:399:404:398:290:394:405:405:406:326:404:375:406:402:361:28:403:401:407:385:341:408:124:336:409:410:411:379:372:281:297:398:408:351:18:412:407:413:409:412:399:118:401:380:218:331:377:348:400:386:414:400:415:414:356:416:415:416:99:417:353:418:373:351:418:106:330:420:350:410:411:421:417:262:422:212:382:423:424:413:275:402:425:420:426:308:425:427:161:112:410:406:426:423:428:429:254:302:429:329:393:421:10:265:430:194:99:387:424:397:352:428:358:431:427:432:228:420:258:430:433:434:241:434:422:431:234:433:468:277:432:383:436:437:384:438:383:384:439:198:440:440:425:417:441:415:442:15:443:423:444:445:437:443:441:443:399:185:321:446:438:447:447:448:427:265:441:447:445:444:389:413:446:449:450:408:451:452:247:407:300:364:434:436:439:453:411:454:454:275:340:453:455:456:179:427:422:451:452:293:450:455:456:442:457:458:449:187:403:459:448:448:416:454:459:421:460:392:460:461:462:457:463:419:464:462:464:465:466:463:409:421:442:458:461:465:466:93:467:227:437:424:468:469:470:405:436:469:471:418:439:203:472:455:103:370:414:353:452:168:429:472:440:473:378:470:474:475:468:473:474:476:477:449:314:478:450:479:480:481:324:304:482:478:483:475:476:479:481:484:485:444:480:201:432:486:388:485:446:471:458:480:482:204:119:488:467:489:483:477:445:490:182:433:489:348:490:491:491:484:492:426:493:454:477:493:492:498:494:495:347:495:209:491:170:44:328:446:488:496:494:497:369:306:226:486:209:496:486:164:396:482:419:499:500:501:502:590:207:488:438:497:501:476:500:504:505:390:471:504:506:462:502:507:507:508:509:506:154:412:505:510:510:131:475:368:481:508:511:512:498:181:509:466:428:513:512:514:105:484:514:515:431:513:470:59:64:515:47:397:516:517:518:512:459:506:53:517:216:516:502:507:499:519:451:520:499:521:12:334:522:495:520:523:490:460:291:518:493:525:217:511:515:525:590:90:467:463:519:528:521:520:529:530:325:531:532:485:373:529:464:533:532:500:144:533:374:487:276:534:529:524:531:479:535:530:523:528:80:536:322:516:355:95:537:538:534:467:537:522:539:540:539:535:541:249:96:541:540:538:521:518:532:542:543:544:536:542:543:522:425:148:533:496:531:545:388:513:490:544:546:141:545:546:547:465:548:539:499:401:549:152:293:29:549:550:302:394:551:404:552:552:553:554:483:552:175:437:549:550:379:472:555:554:555:544:556:319:547:557:553:480:489:558:548:550:555:197:556:272:559:559:560:561:562:560:546:492:503:563:562:557:560:558:561:564:551:565:537:559:510:535:563:464:566:540:567:30:564:239:568:323:390:568:567:569:498:570:571:494:504:572:440:389:536:566:519:572:573:571:565:574:145:501:566:474:478:574:575:571:576:575:577:576:563:469:577:578:448:573:551:395:508:569:576:579:580:580:509:573:581:579:582:420:583:211:584:570:585:430:456:581:453:586:587:561:554:588:582:120:525:589:528:572:341:73:578:556:589:578:511:591:577:592:588:591:593:593:497:565:586:457:592:343:594:66:538:595:584:80:167:595:505:594:585:526:541:596:576:594:596:597:320:598:597:584:586:583:524:599:585:522:600:542:600:601:602:605:479:603:574:602:604:491:543:604:586:530:599:587:605:271:603:606:598:38:557:311:607:49:588:575:406:604:433:607
16,4,605,0,6617,43:1:2:21:2:4:5:6:7:4:8:5:1:9:10:3:10:12:11:13:12:14:9:8:15:16:17:15:18:19:20:19:81:22:48:36:23:18:14:20:24:4:16:6:25:12:13:26:0:28:131:25:29:29:20:30:45:24:26:31:32:7:33:17:28:33:32:30:23:4:34:21:16:34:35:32:36:35:22:0:37:38:31:30:38:23:39:39:37:40:41:7:42:43:2:38:11:41:33:44:3:19:0:46:47:45:48:49:31:50:10:50:49:44:51:13:34:47:52:51:53:54:55:36:53:56:57:28:48:94:59:42:60:49:61:61:62:63:55:64:65:54:52:62:43:64:59:66:67:1:73:67:68:60:46:69:57:65:70:35:69:22:71:8:60:71:72:56:40:68:29:63:42:74:66:74:65:75:37:46:76:75:77:81:45:78:77:76:72:79:61:80:79:11:82:83:84:84:64:79:70:85:86:85:80:81:86:80:73:87:83:63:69:55:88:89:78:90:88:91:67:91:89:14:70:78:81:88:94:93:95:92:82:5:52:44:55:96:87:95:97:96:66:97:72:50:98:17:136:99:100:101:102:103:82:104:25:103:101:105:106:103:73:107:105:104:108:98:109:108:51:109:39:100:27:15:110:71:107:111:112:113:114:54:115:116:102:110:83:116:94:114:36:107:117:118:68:119:77:120:113:112:58:120:115:121:122:122:119:111:62:90:117:123:121:115:99:124:125:126:118:41:47:124:127:126:128:129:130:29:130:131:122:132:125:133:123:117:133:127:18:126:129:128:34:132:109:19:134:97:135:58:134:137:135:138:109:96:139:127:78:140:141:31:142:140:143:137:130:101:141:142:144:145:136:146:129:91:146:139:27:84:119:147:144:138:312:149:150:147:312:95:151:53:151:123:127:120:125:87:152:153:41:153:145:152:149:100:149:39:154:155:150:156:157:107:156:133:155:128:136:158:154:157:75:158:59:159:142:160:143:146:161:162:163:164:162:161:93:160:165:166:150:163:159:112:167:153:168:169:58:124:169:168:170:89:6:84:131:56:171:172:172:137:156:89:167:171:173:170:174:173:175:174:165:159:176:166:140:177:175:164:178:176:121:177:178:179:180:180:181:181:182:158:183:26:134:184:179:175:185:116:186:186:180:95:187:173:185:184:17:188:139:187:189:190:191:150:24:113:192:182:191:179:193:191:134:105:194:110:138:189:183:67:186:195:194:196:197:190:27:132:197:198:195:199:143:74:184:106:177:155:196:200:193:152:192:181:144:57:183:201:141:138:202:200:51:203:204:199:189:205:205:104:206:160:207:207:208:201:168:203:198:171:209:210:204:211:2:111:172:208:211:200:209:164:212:202:213:194:212:214:214:3:193:167:210:206:170:114:201:137:135:168:215:147:122:161:188:169:213:216:217:217:85:153:55:218:219:220:151:216:192:22:221:220:219:221:165:195:222:223:224:223:224:221:163:222:215:174:216:182:184:225:226:227:218:228:229:228:226:188:218:210:230:123:225:136:231:50:74:224:232:231:212:230:197:102:233:77:98:234:234:235:234:236:221:237:238:154:88:236:199:239:118:208:240:237:232:241:240:241:242:232:239:235:233:27:223:219:5:243:133:243:215:230:242:76:108:227:244:226:245:244:246:222:228:247:248:246:145:235:249:250:247:251:249:252:135:225:253:251:248:229:236:250:252:110:249:209:166:97:176:253:231:240:242:254:255:245:256:257:255:258:185:259:256:254:258:257:260:21:261:360:162:263:264:178:265:259:213:263:261:238:266:259:267:211:254:260:248:265:268:252:268:269:270:264:271:272:243:9:57:193:196:273:269:271:267:227:274:275:276:277:276:275:278:279:272:270:273:274:280:281:282:86:280:283:277:268:284:278:285:239:282:116:286:246:247:149:287:274:286:284:270:278:220:267:266:202:288:289:287:290:260:180:92:281:285:169:292:289:290:291:279:293:108:294:284:206:245:283:295:294:296:121:91:190:292:297:273:298:162:299:300:286:301:288:157:295:302:231:303:300:69:283:297:301:271:293:260:219:277:265:304:305:304:261:205:298:306:292:307:308:302:309:291:305:205:237:295:308:287:296:191:310:311:24:198:311:313:309:314:315:142:316:266:250:313:314:317:306:314:92:298:230:299:253:14:303:307:303:318:289:309:257:238:317:320:321:320:113:299:316:317:315:321:318:322:267:60:323:323:323:203:157:324:325:326:251:68:310:327:319:324:328:104:305:325:288:328:329:285:330:322:294:331:331:332:333:332:334:335:336:337:338:334:339:222:339:321:340:335:333:341:340:338:330:329:342:214:229:342:343:335:282:336:307:235:337:72:326:327:344:345:346:347:269:345:341:348:349:349:85:346:350:348:351:351:343:352:241:255:299:342:310:353:344:1:115:354:349:301:23:350:339:264:352:315:355:355:353:279:356:328:335:65:347:357:356:318:358:357:359:354:354:337:83:327:360:199:361:362:363:311:364:365:361:363:359:355:364:366:367:368:332:360:102:369:365:358:366:252:338:370:371:272:206:368:372:369:373:370:374:25:374:297:375:343:376:262:100:263:6:362:371:8:377:378:245:376:375:377:363:373:333:367:368:378:126:372:52:276:376:311:345:379:380:370:284:381:382:225:313:383:344:377:383:262:384:385:381:296:386:362:262:129:207:359:381:379:322:387:319:233:244:258:388:342:389:213:380:329:387:356:389:382:16:390:310:366:388:390:347:176:274:346:391:385:306:392:393:386:391:394:304:371:395:395:367:280:396:396:229:357:392:256:397:397:320:376:54:316:398:399:400:393:401:163:402:400:403:350:365:391:399:404:398:290:394:405:405:406:326:404:375:406:402:361:28:403:401:407:385:341:408:124:336:409:410:411:379:372:281:297:398:408:351:18:412:407:413:409:412:399:118:401:380:218:331:377:348:400:386:414:400:415:414:356:416:415:416:99:417:353:418:373:351:418:106:330:420:350:410:411:421:417:262:422:212:382:423:424:413:275:402:425:420:426:308:425:427:161:112:410:406:426:423:428:429:254:302:429:329:393:421:10:265:430:194:99:387:424:397:352:428:358:431:427:432:228:420:258:430:433:434:241:434:422:431:234:433:468:277:432:383:436:437:384:438:383:384:439:198:440:440:425:417:441:415:442:15:443:423:444:445:437:443:441:443:399:185:321:446:438:447:447:448:427:265:441:447:445:444:389:413:446:449:450:408:451:452:247:407:300:364:434:436:439:453:411:454:454:275:340:453:455:456:179:427:422:451:452:293:450:455:456:442:457:458:449:187:403:459:448:448:416:454:459:421:460:392:460:461:462:457:463:419:464:462:464:465:466:463:409:421:442:458:461:465:466:93:467:227:437:424:468:469:470:405:436:469:471:418:439:203:472:455:103:370:414:353:452:168:429:472:440:473:378:470:474:475:468:473:474:476:477:449:314:478:450:479:480:481:324:304:482:478:483:475:476:479:481:484:485:444:480:201:432:486:388:485:446:471:458:480:482:204:119:488:467:489:483:477:445:490:182:433:489:348:490:491:491:484:492:426:493:454:477:493:492:498:494:495:347:495:209:491:170:44:328:446:488:496:494:497:369:306:226:486:209:496:486:164:396:482:419:499:500:501:502:590:207:488:438:497:501:476:500:504:505:390:471:504:506:462:502:507:507:508:509:506:154:412:505:510:510:131:475:368:481:508:511:512:498:181:509:466:428:513:512:514:105:484:514:515:431:513:470:59:64:515:47:397:516:517:518:512:459:506:53:517:216:516:502:507:499:519:451:520:499:521:12:334:522:495:520:523:490:460:291:518:493:525:217:511:515:525:590:90:467:463:519:528:521:520:529:530:325:531:532:485:373:529:464:533:532:500:144:533:374:487:276:534:529:524:531:479:535:530:523:528:80:536:322:516:355:95:537:538:534:467:537:522:539:540:539:535:541:249:96:541:540:538:521:518:532:542:543:544:536:542:543:522:425:312:533:496:531:545:388:513:490:544:546:141:545:546:547:465:548:539:499:401:549:152:293:29:549:550:302:394:551:404:552:552:553:554:483:552:175:437:549:550:379:472:555:554:555:544:556:319:547:557:553:480:489:558:548:550:555:197:556:272:559:559:560:561:562:560:546:492:503:563:562:557:560:558:561:564:551:565:537:559:510:535:563:464:566:540:567:30:564:239:568:323:390:568:567:569:498:570:571:494:504:572:440:389:536:566:519:572:573:571:565:574:145:501:566:474:478:574:575:571:576:575:577:576:563:469:577:578:448:573:551:395:508:569:576:579:580:580:509:573:581:579:582:420:583:211:584:570:585:430:456:581:453:586:587:561:554:588:582:120:525:589:528:572:341:73:578:556:589:578:511:591:577:592:588:591:593:593:497:565:586:457:592:343:594:66:538:595:584:80:167:595:505:594:585:526:541:596:576:594:596:597:320:598:597:584:586:583:524:599:585:522:600:542:600:601:602:605:479:603:574:602:604:491:543:604:586:530:599:587:605:271:603:606:598:38:557:311:607:49:588:575:406:604:433:607
17,4,605,0,6616,43:1:2:21:2:4:5:6:7:4:8:5:1:9:10:3:10:12:11:13:12:14:9:8:15:16:17:15:18:19:20:19:81:22:48:36:23:18:14:20:24:4:16:6:25:12:13:26:0:28:131:25:29:29:20:30:45:24:26:31:32:7:33:17:28:33:32:30:23:4:34:21:16:34:35:32:36:35:22:0:37:38:31:30:38:23:39:39:37:40:41:7:42:43:2:38:11:41:33:44:3:19:0:46:47:45:48:49:31:50:10:50:49:44:51:13:34:47:52:51:53:54:55:36:53:56:57:28:48:94:59:42:60:49:61:61:62:63:55:64:65:54:52:62:43:64:59:66:67:1:73:67:68:60:46:69:57:65:70:35:69:22:71:8:60:71:72:56:40:68:29:63:42:74:66:74:65:75:37:46:76:75:77:81:45:78:77:76:72:79:61:80:79:11:82:83:84:84:64:79:70:85:86:85:80:81:86:80:73:87:83:63:69:55:88:89:78:90:88:91:67:91:89:14:70:78:81:88:94:93:95:92:82:5:52:44:55:96:87:95:97:96:66:97:72:50:98:17:136:99:100:101:102:103:82:104:25:103:101:105:106:103:73:107:105:104:108:98:109:108:51:109:39:100:27:15:110:71:107:111:112:113:114:54:115:116:102:110:83:116:94:114:36:107:117:118:68:119:77:120:113:112:58:120:115:121:122:122:119:111:62:90:117:123:121:115:99:124:125:126:118:41:47:124:127:126:128:129:130:29:130:131:122:132:125:133:123:117:133:127:18:126:129:128:34:132:109:19:134:97:135:58:134:137:135:138:109:96:139:127:78:140:141:31:142:140:143:137:130:101:141:142:144:145:136:146:129:91:146:139:27:84:119:147:144:138:312:149:150:147:312:95:151:53:151:123:127:120:125:87:152:153:41:153:145:152:149:100:149:39:154:155:150:156:157:107:156:133:155:128:136:158:154:157:75:158:59:159:142:160:143:146:161:162:163:164:162:161:93:160:165:166:150:163:159:112:167:153:168:169:58:124:169:168:170:89:6:84:131:56:171:172:172:137:156:89:167:171:173:170:174:173:175:174:165:159:176:166:140:177:175:164:178:176:121:177:178:179:180:180:181:181:182:158:183:26:134:184:179:175:185:116:186:186:180:95:187:173:185:184:17:188:139:187:189:190:191:150:24:113:192:182:191:179:193:191:134:105:194:110:138:189:183:67:186:195:194:196:197:190:27:132:197:198:195:199:143:74:184:106:177:155:196:200:193:152:192:181:144:57:183:201:141:138:202:200:51:203:204:199:189:205:205:104:206:160:207:207:208:201:168:203:198:171:209:210:204:211:2:111:172:208:211:200:209:164:212:202:213:194:212:214:214:3:193:167:210:206:170:114:201:137:135:168:215:147:122:161:188:169:213:216:217:217:85:153:55:218:219:220:151:216:192:22:221:220:219:221:165:195:222:223:224:223:224:221:163:222:215:174:216:182:184:225:226:227:218:228:229:228:226:188:218:210:230:123:225:136:231:50:74:224:232:231:212:230:197:102:233:77:98:234:234:235:234:236:221:237:238:154:88:236:199:239:118:208:240:237:232:241:240:241:242:232:239:235:233:27:223:219:5:243:133:243:215:230:242:76:108:227:244:226:245:244:246:222:228:247:248:246:145:235:249:250:247:251:249:252:135:225:253:251:248:229:236:250:252:110:249:209:166:97:176:253:231:240:242:254:255:245:256:257:255:258:185:259:256:254:258:257:260:21:261:360:162:263:264:178:265:259:213:263:261:238:266:259:267:211:254:260:248:265:268:252:268:269:270:264:271:272:243:9:57:193:196:273:269:271:267:227:274:275:276:277:276:275:278:279:272:270:273:274:280:281:282:86:280:283:277:268:284:278:285:239:282:116:286:246:247:149:287:274:286:284:270:278:220:267:266:202:288:289:287:290:260:180:92:281:285:169:292:289:290:291:279:293:108:294:284:206:245:283:295:294:296:121:91:190:292:297:273:298:162:299:300:286:301:288:157:295:302:231:303:300:69:283:297:301:271:293:260:219:277:265:304:305:304:261:205:298:306:292:307:308:302:309:291:305:205:237:295:308:287:296:191:310:311:24:198:311:313:309:314:315:142:316:266:250:313:314:317:306:314:92:298:230:299:253:14:303:307:158:318:289:309:257:238:317:320:321:320:113:299:316:317:315:321:318:322:267:60:323:323:323:203:157:324:325:326:251:68:310:327:319:324:328:104:305:325:288:328:329:285:330:322:294:331:331:332:333:332:334:335:336:337:338:334:339:222:339:321:340:335:333:341:340:338:330:329:342:214:229:342:343:335:282:336:307:235:337:72:326:327:344:345:346:347:269:345:341:348:349:349:85:346:350:348:351:351:343:352:241:255:299:342:310:353:344:1:115:354:349:301:23:350:339:264:352:315:355:355:353:279:356:328:335:65:347:357:356:318:358:357:359:354:354:337:83:327:360:199:361:362:363:311:364:365:361:363:359:355:364:366:367:368:332:360:102:369:365:358:366:252:338:370:371:272:206:368:372:369:373:370:374:25:374:297:375:343:376:262:100:263:6:362:371:8:377:378:245:376:375:377:363:373:333:367:368:378:126:372:52:276:376:311:345:379:380:370:284:381:382:225:313:383:344:377:383:262:384:385:381:296:386:362:262:129:207:359:381:379:322:387:319:233:244:258:388:342:389:213:380:329:387:356:389:382:16:390:310:366:388:390:347:176:274:346:391:385:306:392:393:386:391:394:304:371:395:395:367:280:396:396:229:357:392:256:397:397:320:376:54:316:398:399:400:393:401:163:402:400:403:350:365:391:399:404:398:290:394:405:0:406:326:404:375:406:402:361:28:403:401:407:385:341:408:124:336:409:410:411:379:372:281:297:398:408:351:18:412:407:413:409:412:399:118:401:380:218:331:377:348:400:386:414:400:415:414:356:416:415:416:99:417:353:418:373:351:418:106:330:420:350:410:411:421:417:262:422:212:382:423:424:413:275:402:425:420:426:308:425:427:161:112:410:406:426:423:428:429:254:302:429:329:393:421:10:265:430:194:99:387:424:397:352:428:358:431:427:432:228:420:258:430:433:434:241:434:422:431:234:433:468:277:432:383:436:437:384:438:383:384:439:198:440:440:425:417:441:415:442:15:443:423:444:445:437:443:441:443:399:185:321:446:438:447:447:448:427:265:441:447:445:444:389:413:446:449:450:408:451:452:247:407:300:364:434:436:439:453:411:454:454:275:340:453:455:456:179:427:422:451:452:293:450:455:456:442:457:458:449:187:403:459:448:448:416:454:459:421:460:392:460:461:462:457:463:419:464:462:464:465:466:463:409:421:442:458:461:465:466:93:467:227:437:424:468:469:470:415:436:469:471:418:439:203:472:455:103:370:414:353:452:168:429:472:440:473:378:470:474:475:468:473:474:476:477:449:314:478:450:479:480:481:324:304:482:478:483:475:476:479:481:484:485:444:480:201:432:486:388:485:446:471:458:480:482:204:119:488:467:489:483:477:445:490:182:433:489:348:490:491:491:484:492:426:303:454:477:405:492:498:494:495:347:495:209:491:170:44:328:446:488:496:494:497:369:306:226:486:209:496:486:164:396:482:419:499:500:501:502:590:207:488:438:497:501:476:500:504:505:390:471:504:506:462:502:507:507:508:509:506:154:412:505:510:510:131:475:368:481:508:511:512:498:181:509:466:428:513:512:514:105:484:514:515:431:513:470:59:64:515:47:397:516:517:518:512:459:506:53:517:216:516:502:507:499:519:451:520:499:521:12:334:522:495:520:523:490:460:291:518:493:525:217:511:515:525:590:90:467:463:519:528:521:520:529:530:325:531:532:485:373:529:464:533:532:500:144:533:374:487:276:534:529:524:531:479:535:530:523:528:80:536:322:516:355:95:537:538:534:467:537:522:539:540:539:535:541:249:96:541:540:538:521:518:532:542:543:544:536:542:543:522:425:312:533:496:531:545:388:513:490:544:546:141:545:546:547:465:548:539:499:401:549:152:293:29:549:550:302:394:551:404:552:552:553:554:483:552:175:437:549:550:379:472:555:554:555:544:556:319:547:557:553:480:489:558:548:550:555:197:556:272:559:559:560:561:562:560:546:492:503:563:562:557:560:558:561:564:551:565:537:559:510:535:563:464:566:540:567:30:564:239:568:323:390:568:567:569:498:570:571:494:504:572:440:389:536:566:519:572:573:571:565:574:145:501:566:474:478:574:575:571:576:575:577:576:563:469:577:578:448:573:551:395:508:569:576:579:580:580:509:573:581:579:582:420:583:211:584:570:585:430:456:581:453:586:587:561:554:588:582:120:525:589:528:572:341:73:578:556:589:578:511:591:577:592:588:591:593:593:497:565:586:457:592:343:594:66:538:595:584:80:167:595:505:594:585:526:541:596:576:594:596:597:320:598:597:584:586:583:524:599:585:522:600:542:600:601:602:605:479:603:574:602:604:491:543:604:586:530:599:587:605:271:603:606:598:38:557:311:607:49:588:575:406:604:433:607
18,4,605,0,6614,43:1:2:21:2:4:5:6:7:4:8:5:1:9:10:3:10:12:11:13:12:14:9:8:15:16:17:15:18:19:20:19:81:22:48:36:23:18:14:20:24:4:16:6:25:12:13:26:0:28:131:25:29:29:20:30:45:24:26:31:32:7:33:17:28:33:32:30:23:4:34:21:16:34:35:32:36:35:22:0:37:38:31:30:38:23:39:39:37:40:41:7:42:43:2:38:11:41:33:44:3:19:0:46:47:45:48:49:31:50:10:50:49:44:51:13:34:47:52:51:53:54:55:36:53:56:57:28:48:94:59:42:60:49:61:61:62:63:55:64:65:54:52:62:43:64:59:66:67:1:73:67:68:60:46:69:57:65:70:35:69:22:71:8:60:71:72:56:40:68:29:63:42:74:66:74:65:75:37:46:76:75:77:81:45:78:77:76:72:79:61:80:79:11:82:83:84:84:64:79:70:85:86:85:80:81:86:80:73:87:83:63:69:55:88:89:78:90:88:91:67:91:89:14:70:78:81:88:94:93:95:92:82:5:52:44:55:96:87:95:97:96:66:97:72:50:98:17:136:99:100:101:102:103:82:104:25:103:101:105:106:103:73:107:105:104:108:98:109:108:51:109:39:100:27:15:110:71:107:111:112:113:114:54:115:116:102:110:83:116:94:114:36:107:117:118:68:119:77:120:113:112:58:120:115:121:122:122:119:111:62:90:117:123:121:115:99:124:125:126:118:41:47:124:127:126:128:129:130:29:130:131:122:132:125:133:123:117:133:127:18:126:129:128:34:132:109:19:134:97:135:58:134:137:135:138:109:96:139:127:78:140:141:31:142:140:143:137:130:101:141:142:144:145:136:146:129:91:146:139:27:84:119:147:144:138:312:149:150:147:312:95:151:53:151:123:127:120:125:87:152:153:41:153:145:152:149:100:149:39:154:155:150:156:157:107:156:133:155:128:136:158:154:157:75:158:59:159:142:160:143:146:161:162:163:164:162:161:93:160:165:166:150:163:159:112:167:153:168:169:58:124:169:168:170:89:6:84:131:56:171:172:172:137:156:89:167:171:173:170:174:173:175:174:165:159:176:166:140:177:175:164:178:176:121:177:178:179:180:180:181:181:182:158:183:26:134:184:179:175:185:116:186:186:180:95:187:173:185:184:17:188:139:187:189:190:191:150:24:113:192:182:191:179:193:191:134:105:194:110:138:189:183:67:186:195:194:196:197:190:27:132:197:198:195:199:143:74:184:106:177:155:196:200:193:152:192:181:144:57:183:201:141:138:202:200:51:203:204:199:189:205:205:104:206:160:207:207:208:201:168:203:198:171:209:210:204:211:2:111:172:208:211:200:209:164:212:202:213:194:212:214:214:3:193:167:210:206:170:114:201:137:135:168:215:147:122:161:188:169:213:216:217:217:85:153:55:218:219:220:151:216:192:22:221:220:219:221:165:195:222:223:224:223:224:221:163:222:215:174:216:182:184:225:226:227:218:228:229:228:226:188:218:210:230:123:225:136:231:50:74:224:232:231:212:230:197:102:233:77:98:234:234:235:234:236:221:237:238:154:88:236:199:239:118:208:240:237:232:241:240:241:242:232:239:235:233:27:223:219:5:243:133:243:215:230:242:76:108:227:244:226:245:244:246:222:228:247:248:246:145:235:249:250:247:251:249:252:135:225:253:251:248:229:236:250:252:110:249:209:166:97:176:253:231:240:242:254:255:245:256:257:255:258:185:259:256:254:258:257:260:21:261:360:162:263:264:178:265:259:213:263:261:238:266:259:267:211:254:260:248:265:268:252:268:269:270:264:271:272:243:9:57:193:196:273:269:271:267:227:274:275:276:277:276:275:278:279:272:270:273:274:280:281:282:86:280:283:277:268:284:278:285:239:282:116:286:246:247:149:287:274:286:284:270:278:220:267:266:202:288:289:287:290:260:180:92:281:285:169:292:289:290:291:279:293:108:294:284:206:245:283:295:294:296:121:91:190:292:297:273:298:162:299:300:286:301:288:157:295:302:231:303:300:69:283:297:301:271:293:260:219:277:265:304:305:304:261:205:298:306:292:307:308:302:309:291:305:205:237:295:308:287:296:191:310:311:24:198:311:313:309:314:315:142:316:266:250:313:314:317:306:314:92:298:230:299:253:14:303:307:158:318:289:309:257:238:317:320:321:320:113:299:316:317:315:321:318:322:267:60:323:323:323:203:157:324:325:326:251:68:310:327:319:324:328:104:305:325:288:328:329:285:330:322:294:331:331:332:333:332:334:335:336:337:338:334:339:222:339:321:340:335:333:341:340:338:330:329:342:214:229:342:343:335:282:336:307:235:337:72:326:327:344:345:346:347:269:345:341:348:349:349:85:346:350:348:351:351:343:352:241:255:299:342:310:353:344:1:115:354:349:301:23:350:339:264:352:315:355:355:353:279:356:328:335:65:347:357:356:318:358:357:359:354:354:337:83:327:360:199:361:362:363:311:364:365:361:363:359:355:364:366:367:368:332:360:102:369:365:358:366:252:338:370:371:272:206:368:372:369:373:370:374:25:374:297:375:343:376:262:100:263:6:362:371:8:377:378:245:376:375:377:363:373:333:367:368:378:126:372:52:276:376:311:345:379:380:370:284:381:382:225:313:383:344:377:383:262:384:385:381:296:386:362:262:129:207:359:381:379:322:387:319:233:244:258:388:342:389:213:380:329:387:356:389:382:16:390:310:366:388:390:347:176:274:346:391:385:306:392:393:386:391:394:304:371:395:395:367:280:396:396:229:357:392:256:397:397:320:376:54:316:398:399:400:393:401:163:402:400:403:350:365:391:399:404:398:290:394:405:0:406:326:404:375:406:402:361:28:403:401:407:385:341:408:124:336:409:410:411:379:372:281:297:398:408:351:18:412:407:413:409:412:399:118:401:380:218:331:377:348:400:386:414:400:415:414:356:416:415:416:99:417:353:418:373:351:418:106:330:420:350:410:411:421:417:262:422:212:382:423:424:413:275:402:425:420:303:308:425:427:161:112:410:283:406:423:428:429:254:302:429:329:393:421:10:265:430:194:99:387:424:397:352:428:358:431:427:432:228:420:258:430:433:434:241:434:422:431:234:433:468:277:432:383:436:437:384:438:383:384:439:198:440:440:425:417:441:415:442:15:443:423:444:445:437:443:441:443:399:185:321:446:438:447:447:448:427:265:441:447:445:444:389:413:446:449:450:408:451:452:247:407:300:364:434:436:439:453:411:454:454:275:340:453:455:456:179:427:422:451:452:293:450:455:456:442:457:458:449:187:403:459:448:448:416:454:459:421:460:392:460:461:462:457:463:419:464:462:464:465:466:463:409:421:442:458:461:465:466:93:467:227:437:424:468:469:470:415:436:469:471:418:439:203:472:455:103:370:414:353:452:168:429:472:440:473:378:470:474:475:468:473:474:476:477:449:314:478:450:479:480:481:324:304:482:478:483:475:476:479:481:484:485:444:480:201:432:486:388:485:446:471:458:480:482:204:119:488:467:489:483:477:445:490:182:433:489:348:490:491:491:484:492:426:303:454:477:405:492:498:494:495:347:495:209:491:170:44:328:446:488:496:494:497:369:306:226:486:209:496:486:164:396:482:419:499:500:501:502:590:207:488:438:497:501:476:500:504:505:390:471:504:506:462:502:507:507:508:509:506:154:412:505:510:510:131:475:368:481:508:511:512:498:181:509:466:428:513:512:514:105:484:514:515:431:513:470:59:64:515:47:397:516:517:518:512:459:506:53:517:216:516:502:507:499:519:451:520:499:521:12:334:522:495:520:523:490:460:291:518:493:525:217:511:515:525:590:90:467:463:519:528:521:520:529:530:325:531:532:485:373:529:464:533:532:500:144:533:374:487:276:534:529:524:531:479:535:530:523:528:80:536:322:516:355:95:537:538:534:467:537:522:539:540:539:535:541:249:96:541:540:538:521:518:532:542:543:544:536:542:543:522:425:312:533:496:531:545:388:513:490:544:546:141:545:546:547:465:548:539:499:401:549:152:293:29:549:550:302:394:551:404:552:552:553:554:483:552:175:437:549:550:379:472:555:554:555:544:556:319:547:557:553:480:489:558:548:550:555:197:556:272:559:559:560:561:562:560:546:492:503:563:562:557:560:558:561:564:551:565:537:559:510:535:563:464:566:540:567:30:564:239:568:323:390:568:567:569:498:570:571:494:504:572:440:389:536:566:519:572:573:571:565:574:145:501:566:474:478:574:575:571:576:575:577:576:563:469:577:578:448:573:551:395:508:569:576:579:580:580:509:573:581:579:582:420:583:211:584:570:585:430:456:581:453:586:587:561:554:588:582:120:525:589:528:572:341:73:578:556:589:578:511:591:577:592:588:591:593:593:497:565:586:457:592:343:594:66:538:595:584:80:167:595:505:594:585:526:541:596:576:594:596:597:320:598:597:584:586:583:524:599:585:522:600:542:600:601:602:605:479:603:574:602:604:491:543:604:586:530:599:587:605:271:603:606:598:38:557:311:607:49:588:575:523:604:433:607
19,4,604,0,6612,43:1:2:21:2:4:5:6:7:4:8:5:1:9:10:3:10:12:11:13:12:14:9:8:15:16:17:15:18:19:20:19:81:22:48:36:23:18:14:20:24:4:16:6:25:12:13:26:0:28:131:25:29:29:20:30:45:24:26:31:32:7:33:17:28:33:32:30:23:4:34:21:16:34:35:32:36:35:22:0:37:38:31:30:38:23:39:39:37:40:41:7:42:43:2:38:11:41:33:44:3:19:0:46:47:45:48:49:31:50:10:50:49:44:51:13:34:47:52:51:53:54:55:36:53:56:57:28:48:94:59:42:60:49:61:61:62:63:55:64:65:54:52:62:43:64:59:66:67:1:73:67:68:60:46:69:57:65:70:35:69:22:71:8:60:71:72:56:40:68:29:63:42:74:66:74:65:75:37:46:76:75:77:81:45:78:77:76:72:79:61:80:79:11:82:83:84:84:64:79:70:85:86:85:80:81:86:80:73:87:83:63:69:55:88:89:78:90:88:91:67:91:89:14:70:78:81:88:94:93:95:92:82:5:52:44:55:96:87:95:97:96:66:97:72:50:98:17:136:99:100:101:102:103:82:104:25:103:101:105:106:103:73:107:105:104:108:98:109:108:51:109:39:100:27:15:110:71:107:111:112:113:114:54:115:116:102:110:83:116:94:114:36:107:117:118:68:119:77:120:113:112:58:120:115:121:122:122:119:111:62:90:117:123:121:115:99:124:125:126:118:41:47:124:127:126:128:129:130:29:130:131:122:132:125:133:123:117:133:127:18:126:129:128:34:132:109:19:134:97:135:58:134:137:135:138:109:96:139:127:78:140:141:31:142:140:143:137:130:101:141:142:144:145:136:146:129:91:146:139:27:84:119:147:144:138:312:149:150:147:312:95:151:53:151:123:127:120:125:87:152:153:41:153:145:152:149:100:149:39:154:155:150:156:157:107:156:133:155:128:136:158:154:157:75:158:59:159:142:160:143:146:161:162:163:164:162:161:93:160:165:166:150:163:159:112:167:153:168:169:58:124:169:168:170:89:6:84:131:56:171:172:172:137:156:89:167:171:173:170:174:173:175:174:165:159:176:166:140:177:175:164:178:176:121:177:178:179:180:180:181:181:182:158:183:26:134:184:179:175:185:116:186:186:180:95:187:173:185:184:17:188:139:187:189:190:191:150:24:113:192:182:191:179:193:191:134:105:194:110:138:189:183:67:186:195:194:196:197:190:27:132:197:198:195:199:143:74:184:106:177:155:196:200:193:152:192:181:144:57:183:201:141:138:202:200:51:203:204:199:189:205:205:104:206:160:207:207:208:201:168:203:198:171:209:210:204:211:2:111:172:208:211:200:209:164:212:202:213:194:212:214:214:3:193:167:210:206:170:114:201:137:135:168:215:147:122:161:188:169:213:216:217:217:85:153:55:218:219:220:151:216:192:22:221:220:219:221:165:195:222:223:224:223:224:221:163:222:215:174:216:182:184:225:226:227:218:228:229:228:226:188:218:210:230:123:225:136:231:50:74:224:232:231:212:230:197:102:233:77:98:234:234:235:234:236:221:237:238:154:88:236:199:239:118:208:240:237:232:241:240:241:242:232:239:235:233:27:223:219:5:243:133:243:215:230:242:76:108:227:244:226:245:244:246:222:228:247:248:246:145:235:249:250:247:251:249:252:135:225:253:251:248:229:236:250:252:110:249:209:166:97:176:253:231:240:242:254:255:245:256:257:255:258:185:259:256:254:258:257:260:21:261:360:162:263:264:178:265:259:213:263:261:238:266:259:267:211:254:260:248:265:268:252:268:269:270:264:271:272:243:9:57:193:196:273:269:271:267:227:274:275:276:277:276:275:278:279:272:270:273:274:280:281:282:86:280:283:277:268:284:278:285:239:282:116:286:246:247:149:287:274:286:284:270:278:220:267:266:202:288:289:287:290:260:180:92:281:285:169:292:289:290:291:279:293:108:294:284:206:245:283:295:294:296:121:91:190:292:297:273:298:162:299:300:286:301:288:157:295:302:231:303:300:69:283:297:301:271:293:260:219:277:265:304:305:304:261:205:298:306:292:307:308:302:309:291:305:205:237:295:308:287:296:191:310:311:24:198:311:313:309:314:315:142:316:266:250:313:314:317:306:314:92:298:230:299:253:14:303:307:158:318:289:309:257:238:317:320:321:320:113:299:316:317:315:321:318:322:267:60:323:323:323:203:157:324:325:326:251:68:310:327:319:324:328:104:305:325:288:328:329:285:330:322:294:331:331:332:333:332:334:335:336:337:338:334:339:222:339:321:340:335:333:341:340:338:330:329:342:214:229:342:343:335:282:336:307:235:337:72:326:327:344:345:346:347:269:345:341:348:349:349:85:346:350:348:351:351:343:352:241:255:299:342:310:353:344:1:115:354:349:301:23:350:339:264:352:315:355:355:353:279:356:328:335:65:347:357:356:318:358:357:359:354:354:337:83:327:360:199:361:362:363:311:364:365:361:363:359:355:364:366:367:368:332:360:102:369:365:358:366:252:338:370:371:272:206:368:372:369:373:370:374:25:374:297:375:343:376:262:100:263:6:362:371:8:377:378:245:376:375:377:363:373:333:367:368:378:126:372:52:276:376:311:345:379:380:370:284:381:382:225:313:383:344:377:383:262:384:385:381:296:386:362:262:129:207:359:381:379:322:387:319:233:244:258:388:342:389:213:380:329:387:356:389:382:16:390:310:366:388:390:347:176:274:346:391:385:306:392:393:386:391:394:304:371:395:395:367:280:396:396:229:357:392:256:397:397:320:376:54:316:398:399:400:393:401:163:402:400:403:350:365:391:399:404:398:290:394:405:0:406:326:404:375:406:402:361:28:403:401:407:385:341:408:124:336:409:410:411:379:372:281:297:398:408:351:18:412:407:413:409:412:399:118:401:380:218:331:377:348:400:386:414:400:415:414:356:416:415:416:99:417:353:418:373:351:418:106:330:420:350:410:411:421:417:262:422:212:382:423:424:413:275:402:425:420:303:308:425:427:161:112:410:283:406:423:428:429:254:302:429:329:393:421:10:265:430:194:99:387:424:397:352:428:358:431:427:432:228:420:258:430:433:434:241:434:422:431:234:433:468:277:432:383:436:437:384:438:383:384:439:198:440:440:425:417:441:415:442:15:443:423:444:445:437:443:441:443:399:185:321:446:438:447:447:448:427:265:441:447:445:444:389:413:446:449:450:408:451:452:247:407:300:364:434:436:439:453:411:454:454:275:340:453:455:456:179:427:422:451:452:293:450:455:456:442:457:458:449:187:403:459:448:448:416:454:459:421:460:392:460:461:462:457:463:419:464:462:464:465:466:463:409:421:442:458:461:465:466:93:467:227:437:424:468:469:470:415:436:469:471:418:439:203:472:455:103:370:414:353:452:168:429:472:440:473:378:470:474:475:468:473:474:476:477:449:314:478:450:479:480:481:324:304:482:478:483:475:476:479:481:484:485:444:480:201:432:486:388:485:446:471:458:480:482:204:119:488:467:489:483:477:445:490:182:433:489:348:490:491:491:484:492:426:303:454:477:405:492:498:494:495:347:495:209:491:170:44:328:446:488:496:494:497:369:306:226:486:209:496:486:164:396:482:419:499:500:501:487:590:207:488:438:497:501:476:500:504:505:390:471:504:506:462:503:507:507:508:509:506:154:412:505:510:510:131:475:368:481:508:511:512:498:181:509:466:428:513:512:514:105:484:514:515:431:513:470:59:64:515:47:397:516:517:518:512:459:506:53:517:216:516:419:507:499:519:451:520:499:521:12:334:522:495:520:523:490:460:291:518:493:525:217:511:515:525:590:90:467:463:519:528:521:520:529:530:325:531:532:485:373:529:464:533:532:500:144:533:374:487:276:534:529:524:531:479:535:530:523:528:80:536:322:516:355:95:537:538:534:467:537:522:539:540:539:535:541:249:96:541:540:538:521:518:532:542:543:544:536:542:543:522:425:312:533:496:531:545:388:513:490:544:546:141:545:546:547:465:548:539:499:401:549:152:293:29:549:550:302:394:551:404:552:552:553:554:483:552:175:437:549:550:379:472:555:554:555:544:556:319:547:557:553:480:489:558:548:550:555:197:556:272:559:559:560:561:562:560:546:492:503:563:562:557:560:558:561:564:551:565:537:559:510:535:563:464:566:540:567:30:564:239:568:323:390:568:567:569:498:570:571:494:504:572:440:389:536:566:519:572:573:571:565:574:145:501:566:474:478:574:575:571:576:575:577:576:563:469:577:578:448:573:551:395:508:569:576:579:580:580:509:573:581:579:582:420:583:211:584:570:585:430:456:581:453:586:587:561:554:588:582:120:525:589:528:572:341:73:578:556:589:578:511:591:577:592:588:591:593:593:497:565:586:457:592:343:594:66:538:595:584:80:167:595:505:594:585:526:541:596:576:594:596:597:320:598:597:584:586:583:524:599:585:522:600:542:600:601:602:605:479:603:574:602:604:491:543:604:586:530:599:587:605:271:603:606:598:38:557:311:607:49:588:575:523:604:433:607
20,4,604,0,6610,43:1:2:21:2:4:5:6:7:4:8:5:1:9:10:3:10:12:11:13:12:14:9:8:15:16:17:15:18:19:20:19:81:22:48:36:23:18:14:20:24:4:16:6:25:12:13:26:0:28:131:25:29:29:20:30:45:24:26:31:32:7:33:17:28:33:32:30:23:4:34:21:16:34:35:32:36:35:22:0:37:38:31:30:38:23:39:39:37:40:41:7:42:43:2:38:11:41:33:44:3:19:0:46:47:45:48:49:31:50:10:50:49:44:51:13:34:47:52:51:53:54:55:36:53:56:57:28:48:94:59:42:60:49:61:61:62:63:55:64:65:54:52:62:43:64:59:66:67:1:73:67:68:60:46:69:57:65:70:35:69:22:71:8:60:71:72:56:40:68:29:63:42:74:66:74:65:75:37:46:76:75:77:81:45:78:77:76:72:79:61:80:79:11:82:83:84:84:64:79:70:85:86:85:80:81:86:80:73:87:83:63:69:55:88:89:78:90:88:91:67:91:89:14:70:78:81:88:94:93:95:92:82:5:52:44:55:96:87:95:97:96:66:97:72:50:98:17:136:99:100:101:102:103:82:104:25:103:101:105:106:103:73:107:105:104:108:98:109:108:51:109:39:100:27:15:110:71:107:111:112:113:114:54:115:116:102:110:83:116:94:114:36:107:117:118:68:119:77:120:113:112:58:120:115:121:122:122:119:111:62:90:117:123:121:115:99:124:125:126:118:41:47:124:127:126:128:129:130:29:130:131:122:132:125:133:123:117:133:127:18:126:129:128:34:132:109:19:134:97:135:58:134:137:135:138:109:96:139:127:78:140:141:31:142:140:143:137:130:101:141:142:144:145:136:146:129:91:146:139:27:84:119:147:144:138:312:149:150:147:312:95:151:53:151:123:127:120:125:87:152:153:41:153:145:152:149:100:149:39:154:155:150:156:157:107:156:133:155:128:136:158:154:157:75:158:59:159:142:160:143:146:161:162:163:164:162:161:93:160:165:166:150:163:159:112:167:153:168:169:58:124:169:168:170:89:6:84:131:56:171:172:172:137:156:89:167:171:173:170:174:173:175:174:165:159:176:166:140:177:175:164:178:176:121:177:178:179:180:180:181:181:182:158:183:26:134:184:179:175:185:116:186:186:180:95:187:173:185:184:17:188:139:187:189:190:191:150:24:113:192:182:191:179:193:191:134:105:194:110:138:189:183:67:186:195:194:196:197:190:27:132:197:198:195:199:143:74:184:106:177:155:196:200:193:152:192:181:144:57:183:201:141:138:202:200:51:203:204:199:189:205:205:104:206:160:207:207:208:201:168:203:198:171:209:210:204:211:2:111:172:208:211:200:209:164:212:202:213:194:212:214:214:3:193:167:210:206:170:114:201:137:135:168:215:147:122:161:188:169:213:216:217:217:85:153:55:218:219:220:151:216:192:22:221:220:219:221:165:195:222:223:224:223:224:221:163:222:215:174:216:182:184:225:226:227:218:228:229:228:226:188:218:210:230:123:225:136:231:50:74:224:232:231:212:230:197:102:233:77:98:234:234:235:234:236:221:237:238:154:88:236:199:239:118:208:240:237:232:241:240:241:242:232:239:235:233:27:223:219:5:243:133:243:215:230:242:76:108:227:244:226:245:244:246:222:228:247:248:246:145:235:249:250:247:251:249:252:135:225:253:251:248:229:236:250:252:110:249:209:166:97:176:253:231:240:242:254:255:245:256:257:255:258:185:259:256:254:258:257:260:21:261:360:162:263:264:178:265:259:213:263:261:238:266:259:267:211:254:260:248:265:268:252:268:269:270:264:271:272:243:9:57:193:196:273:269:271:267:227:274:275:276:277:276:275:278:279:272:270:273:274:280:281:282:86:280:283:277:268:284:278:285:239:282:116:286:246:247:149:287:274:286:284:270:278:220:267:266:202:288:289:287:290:260:180:92:281:285:169:292:289:290:291:279:293:108:294:284:206:245:283:295:294:296:121:91:190:292:297:273:298:162:299:300:286:301:288:157:295:302:231:303:300:69:283:297:301:271:293:260:219:277:265:304:305:304:261:205:298:306:292:307:308:302:309:291:305:205:237:295:308:287:296:191:310:311:24:198:311:313:309:314:315:142:316:266:250:313:314:317:306:314:92:298:230:299:253:14:303:307:158:318:289:309:257:238:317:320:321:320:113:299:316:317:315:321:318:322:267:60:323:323:323:203:157:324:325:326:251:68:310:327:319:324:328:104:305:325:288:328:329:285:330:322:294:331:331:332:333:332:334:335:336:337:338:334:339:222:339:321:340:335:333:341:340:338:330:329:342:214:229:342:343:335:282:336:307:235:337:72:326:327:344:345:346:347:269:345:341:348:349:349:85:346:350:348:351:351:343:352:241:255:299:342:310:353:344:1:115:354:349:301:23:350:339:264:352:315:355:355:353:279:356:328:335:65:347:357:356:318:358:357:359:354:354:337:83:327:360:199:361:362:363:311:364:365:361:363:359:355:364:366:367:368:332:360:102:369:365:358:366:252:338:370:371:272:206:368:372:369:373:370:374:25:374:297:375:343:376:262:100:263:6:362:371:8:377:378:245:376:375:377:363:373:333:367:368:378:126:372:52:276:376:311:345:379:380:370:284:381:382:225:313:383:344:377:383:262:384:385:381:296:386:362:262:129:207:359:381:379:322:387:319:233:244:258:388:342:389:213:380:329:387:356:389:382:16:390:310:366:388:390:347:176:274:346:391:385:306:392:393:386:391:394:304:371:395:395:367:280:396:396:229:357:392:256:397:397:320:376:54:316:398:399:400:393:401:163:402:400:403:350:365:391:399:404:398:290:394:405:0:406:326:404:375:406:402:361:28:403:401:407:385:341:408:124:336:409:410:411:379:372:281:297:398:408:351:18:412:407:413:409:412:399:118:401:380:218:331:377:348:400:386:414:400:415:414:356:416:415:416:99:417:353:418:373:351:418:106:330:420:350:410:411:421:417:262:422:212:382:423:424:413:275:402:425:420:303:308:425:427:161:112:410:283:406:423:428:429:254:302:429:329:393:421:10:265:430:194:99:387:424:397:352:428:358:431:427:432:228:420:258:430:433:434:241:434:422:431:234:433:468:277:432:383:436:437:384:438:383:384:439:198:440:440:425:417:441:415:442:15:443:423:444:445:437:443:441:443:399:185:321:446:438:447:447:448:427:265:441:447:445:444:389:413:446:449:450:408:451:452:247:407:300:364:434:436:439:453:411:454:454:275:340:453:455:456:179:427:422:451:452:293:450:455:456:442:457:458:449:187:403:459:448:448:416:454:459:421:460:392:460:461:462:457:463:419:464:462:464:465:466:463:409:421:442:458:461:465:466:93:467:227:437:424:468:469:470:415:436:469:471:418:439:203:472:455:103:370:414:353:452:168:429:472:440:473:378:470:474:475:468:473:474:476:477:449:314:478:450:479:480:481:324:304:482:478:483:475:476:479:481:484:485:444:480:201:432:486:388:485:446:471:458:480:482:204:119:488:467:489:483:477:445:490:182:433:489:348:490:491:491:484:492:426:303:454:477:405:492:498:494:495:347:495:209:491:170:44:328:446:488:496:494:497:369:306:226:486:209:496:486:164:396:482:419:499:500:501:487:590:207:488:438:497:501:476:500:504:505:390:471:504:506:462:503:507:507:508:509:506:154:412:505:510:510:131:475:368:481:508:511:512:498:181:509:466:428:513:512:514:105:484:514:515:431:513:470:59:64:515:47:397:516:517:518:512:459:506:53:517:216:516:419:507:499:519:451:520:499:521:12:334:522:495:520:523:490:460:291:518:405:525:217:511:515:525:590:90:467:463:519:528:521:520:529:530:325:531:532:485:373:529:464:533:532:500:144:533:374:487:276:534:529:524:531:479:535:530:523:528:80:536:322:516:355:95:537:538:534:467:537:522:539:540:539:535:541:249:96:541:540:538:521:518:532:542:543:544:536:542:543:522:425:312:533:496:531:545:388:513:490:544:546:141:545:546:547:465:548:539:499:401:549:152:293:29:549:550:302:394:551:404:552:552:553:554:483:552:175:437:549:550:379:472:555:554:555:544:493:319:547:557:553:480:489:558:548:550:555:197:556:272:559:559:560:561:562:560:546:492:503:563:562:557:560:558:561:564:551:565:537:559:510:535:563:464:566:540:567:30:564:239:568:323:390:568:567:569:498:570:571:494:504:572:440:389:536:566:519:572:573:571:565:574:145:501:566:474:478:574:575:571:576:575:577:576:563:469:577:578:448:573:551:395:508:569:576:579:580:580:509:573:581:579:582:420:583:211:584:570:585:430:456:581:453:586:587:561:554:588:582:120:525:589:528:572:341:73:578:556:589:578:511:591:577:592:588:591:593:593:497:565:586:457:592:343:594:66:538:595:584:80:167:595:505:594:585:526:541:596:576:594:596:597:320:598:597:584:586:583:524:599:585:522:600:542:600:601:602:605:479:603:574:602:604:491:543:604:586:530:599:587:605:271:603:606:598:38:557:311:607:49:588:575:523:604:433:607
21,4,603,0,6604,43:1:2:21:2:4:5:6:7:4:8:5:1:9:10:3:10:12:11:13:12:14:9:8:15:16:17:15:18:19:20:19:81:22:48:36:23:18:14:20:24:4:16:6:25:12:13:26:0:28:131:25:29:29:20:30:45:24:26:31:32:7:33:17:28:33:32:30:23:4:34:21:16:34:35:32:36:35:22:0:37:38:31:30:38:23:39:39:37:40:41:7:42:43:2:38:11:41:33:44:3:19:0:46:47:45:48:49:31:50:10:50:49:44:51:13:34:47:52:51:53:54:55:36:53:56:57:28:48:94:59:42:60:49:61:61:62:63:55:64:65:54:52:62:43:64:59:66:67:1:73:67:68:60:46:69:57:65:70:35:69:22:71:8:60:71:72:56:40:68:29:63:42:74:66:74:65:75:37:46:76:75:77:81:45:78:77:76:72:79:61:80:79:11:82:83:84:84:64:79:70:85:86:85:80:81:86:80:73:87:83:63:69:55:88:89:78:90:88:91:67:91:89:14:70:78:81:88:94:93:95:92:82:5:52:44:55:96:87:95:97:96:66:97:72:50:98:17:136:99:100:101:102:103:82:104:25:103:101:105:106:103:73:107:105:104:108:98:109:108:51:109:39:100:27:15:110:71:107:111:112:113:114:54:115:116:102:110:83:116:94:114:36:107:117:118:68:119:77:120:113:112:58:120:115:121:122:122:119:111:62:90:117:123:121:115:99:124:125:126:118:41:47:124:127:126:128:129:130:29:130:131:122:132:125:133:123:117:133:127:18:126:129:128:34:132:109:19:134:97:135:58:134:137:135:138:109:96:139:127:78:140:141:31:142:140:143:137:130:101:141:142:144:145:136:146:129:91:146:139:27:84:119:147:144:138:312:149:150:147:312:95:151:53:151:123:127:120:125:87:152:153:41:153:145:152:149:100:149:39:154:155:150:156:157:107:156:133:155:128:136:158:154:157:75:158:59:159:142:160:143:146:161:162:163:164:162:161:93:160:165:166:150:163:159:112:167:153:168:169:58:124:169:168:170:89:6:84:131:56:171:172:172:137:156:89:167:171:173:170:174:173:175:174:165:159:176:166:140:177:175:164:178:176:121:177:178:179:180:180:181:181:182:158:183:26:134:184:179:175:185:116:186:186:180:95:187:173:185:184:17:188:139:187:189:190:191:150:24:113:192:182:191:179:193:191:134:105:194:110:138:189:183:67:186:195:194:196:197:190:27:132:197:198:195:199:143:74:184:106:177:155:196:200:193:152:192:181:144:57:183:201:141:138:202:200:51:203:204:199:189:205:205:104:206:160:207:207:208:201:168:203:198:171:209:210:204:211:2:111:172:208:211:200:209:164:212:202:213:194:212:214:214:3:193:167:210:206:170:114:201:137:135:168:215:147:122:161:188:169:213:216:217:217:85:153:55:218:219:220:151:216:192:22:221:220:219:221:165:195:222:223:224:223:224:221:163:222:215:174:216:182:184:225:226:227:218:228:229:228:226:188:218:210:230:123:225:136:231:50:74:224:232:231:212:230:197:102:233:77:98:234:234:235:234:236:221:237:238:154:88:236:199:239:118:208:240:237:232:241:240:241:242:232:239:235:233:27:223:219:5:243:133:243:215:230:242:76:108:227:244:226:245:244:246:222:228:247:248:246:145:235:249:250:247:251:249:252:135:225:253:251:248:229:40:250:252:110:249:209:166:97:176:253:231:240:242:254:255:245:256:257:255:258:185:259:256:254:258:257:260:21:261:360:162:263:264:178:265:259:213:263:261:238:266:259:267:211:254:260:248:265:268:252:268:269:270:264:271:272:243:9:57:193:196:273:269:271:267:227:274:275:276:277:276:275:278:279:272:270:273:274:280:281:282:86:280:283:277:268:284:278:285:239:282:116:286:246:247:149:287:274:286:284:270:278:220:267:266:202:288:289:287:290:260:180:92:281:285:169:292:289:290:291:279:293:108:294:284:206:245:283:295:294:296:121:91:190:292:297:273:298:162:299:300:286:301:288:157:295:302:231:303:300:69:283:297:301:271:293:260:219:277:265:304:305:304:261:205:298:306:292:307:308:302:309:291:305:205:237:295:308:287:296:191:310:311:24:198:311:313:309:314:315:142:316:266:250:313:314:317:306:314:92:298:230:299:253:14:303:307:158:318:289:309:257:238:317:320:321:320:113:299:316:317:315:321:318:322:267:60:323:323:323:203:157:324:325:326:251:68:310:327:319:324:328:104:305:325:288:328:329:285:330:322:294:331:331:332:333:332:334:335:336:337:338:334:339:222:339:321:340:335:333:341:340:338:330:329:342:214:229:342:343:335:282:336:307:235:337:72:326:327:344:345:346:347:269:345:341:348:349:349:85:346:350:348:351:351:343:352:241:255:299:342:310:353:344:1:115:354:349:301:23:350:339:264:352:315:355:355:353:279:356:328:335:65:347:357:356:318:358:357:359:354:354:337:83:327:360:199:361:362:363:311:364:365:361:363:359:355:364:366:367:368:332:360:102:369:365:358:366:252:338:370:371:272:206:368:372:369:373:370:374:25:374:297:375:343:376:262:100:263:6:362:371:8:377:378:245:376:375:377:363:373:333:367:368:378:126:372:52:276:376:311:345:379:380:370:284:381:382:225:313:383:344:377:383:262:384:385:381:296:386:362:262:129:207:359:381:379:322:387:319:233:244:258:388:342:389:213:380:329:387:356:389:382:16:390:310:366:388:390:347:176:274:346:391:385:306:392:393:386:391:394:304:371:395:395:367:280:396:396:229:357:392:256:397:397:320:376:54:316:398:399:400:393:401:163:402:400:403:350:365:391:399:404:398:290:394:405:0:406:326:404:375:406:402:361:28:403:401:407:385:341:408:124:336:409:410:411:379:372:281:297:398:408:351:18:412:407:413:409:412:399:118:401:380:218:331:377:348:400:386:414:400:415:414:356:416:415:416:99:417:353:418:373:351:418:106:330:420:350:410:411:421:417:262:422:212:382:423:424:413:275:402:425:420:303:308:425:427:161:112:410:283:406:423:428:429:254:302:429:329:393:421:10:265:430:194:99:387:424:397:352:428:358:431:427:432:228:420:258:430:433:434:241:434:422:431:234:433:468:277:432:383:436:437:384:438:383:384:439:198:440:440:425:417:441:415:442:15:443:423:444:445:437:443:441:443:399:185:321:446:438:447:447:448:427:265:441:447:445:444:389:413:446:449:450:408:451:452:247:407:300:364:434:436:439:453:411:454:454:275:340:453:455:456:179:427:422:451:452:293:450:455:456:442:457:458:449:187:403:459:448:448:416:454:459:421:460:392:460:236:462:457:463:419:464:462:464:465:466:463:409:421:442:458:369:465:466:93:467:227:437:424:468:469:470:415:436:469:471:418:439:203:472:455:103:370:414:353:452:168:429:472:440:473:378:470:474:475:468:473:474:476:477:449:314:478:450:479:480:481:324:304:482:478:483:475:476:479:481:484:485:444:480:201:432:486:388:485:446:471:458:480:482:204:119:488:467:489:483:477:445:490:182:433:489:348:490:491:491:484:492:426:303:454:477:405:492:498:494:495:347:495:209:491:170:44:328:446:488:496:494:497:369:306:226:486:209:496:486:164:396:482:419:499:500:501:487:590:207:488:438:497:501:476:500:504:505:390:471:504:506:462:503:507:507:508:509:506:154:412:505:510:510:131:475:368:481:508:511:512:498:181:509:466:428:513:512:514:105:484:514:515:431:513:470:59:64:515:47:397:516:517:518:512:459:506:53:517:216:516:419:507:499:519:451:520:499:521:12:334:522:495:520:523:490:460:291:518:405:525:217:511:515:525:590:90:467:463:519:528:521:520:529:530:325:531:532:485:373:529:464:533:532:500:144:533:374:487:276:534:529:524:531:479:535:530:523:528:80:536:322:516:355:95:537:538:534:467:537:522:539:540:539:535:541:249:96:541:540:538:521:518:532:542:543:544:536:542:543:522:425:312:533:496:531:545:388:513:490:544:546:141:545:546:547:465:548:539:499:401:549:152:293:29:549:550:302:394:551:404:552:552:553:554:483:552:175:437:549:550:379:472:555:554:555:544:493:319:547:557:553:480:489:558:548:550:555:197:556:272:559:559:560:561:562:560:546:492:503:563:562:557:560:558:561:564:551:565:537:559:510:535:563:464:566:540:567:30:564:239:568:323:390:568:567:569:498:570:571:494:504:572:440:389:536:566:519:572:573:571:565:574:145:501:566:474:478:574:575:571:576:575:577:576:563:469:577:578:448:573:551:395:508:569:576:579:580:580:509:573:581:579:582:420:583:211:584:570:585:430:456:581:453:586:587:561:554:588:582:120:525:589:528:572:341:73:578:556:589:578:511:591:577:592:588:591:593:593:497:565:586:457:592:343:594:66:538:595:584:80:167:595:505:594:585:526:541:596:576:594:596:597:320:598:597:584:586:583:524:599:585:522:600:542:600:601:602:605:479:603:574:602:604:491:543:604:586:530:599:587:605:271:603:606:598:38:557:311:607:49:588:575:523:604:433:607
22,4,603,0,6602,43:1:2:21:2:4:5:6:7:4:8:5:1:9:10:3:10:12:11:13:12:14:9:8:15:16:17:15:18:19:20:19:81:22:48:36:23:18:14:20:24:4:16:6:25:12:13:26:0:28:131:25:29:29:20:30:45:24:26:31:32:7:33:17:28:33:32:30:23:4:34:21:16:34:35:32:36:35:22:0:37:38:31:30:38:23:39:39:37:40:41:7:42:43:2:38:11:41:33:44:3:19:0:46:47:45:48:49:31:50:10:50:49:44:51:13:34:47:52:51:53:54:55:36:53:56:57:28:48:94:59:42:60:49:61:61:62:63:55:64:65:54:52:62:43:64:59:66:67:1:73:67:68:60:46:69:57:65:70:35:69:22:71:8:60:71:72:56:40:68:29:63:42:74:66:74:65:75:37:46:76:75:77:81:45:78:77:76:72:79:61:80:79:11:82:83:84:84:64:79:70:85:86:85:80:81:86:80:73:87:83:63:69:55:88:89:78:90:88:91:67:91:89:14:70:78:81:88:94:93:95:92:82:5:52:44:55:96:87:95:97:96:66:97:72:50:98:17:136:99:100:101:102:103:82:104:25:103:101:105:106:103:73:107:105:104:108:98:109:108:51:109:39:100:27:15:110:71:107:111:112:113:114:54:115:116:102:110:83:116:94:114:36:107:117:118:68:119:77:120:113:112:58:120:115:121:122:122:119:111:62:90:117:123:121:115:99:124:125:126:118:41:47:124:127:126:128:129:130:29:130:131:122:132:125:133:123:117:133:127:18:126:129:128:34:132:109:19:134:97:135:58:134:137:135:138:109:96:139:127:78:140:141:31:142:140:143:137:130:101:141:142:144:145:136:146:129:91:146:139:27:84:119:147:144:138:312:149:150:147:312:95:151:53:151:123:127:120:125:87:152:153:41:153:145:152:149:100:149:39:154:155:150:156:157:107:156:133:155:128:136:158:154:157:75:158:59:159:142:160:143:146:161:162:163:164:162:161:93:160:165:166:150:163:159:112:167:153:168:169:58:124:169:168:170:89:6:84:131:56:171:172:172:137:156:89:167:171:173:170:174:173:175:174:165:159:176:166:140:177:175:164:178:176:121:177:178:179:180:180:181:181:182:158:183:26:134:184:179:175:185:116:186:186:180:95:187:173:185:184:17:188:139:187:189:190:191:150:24:113:192:182:191:179:193:191:134:105:194:110:138:189:183:67:186:195:194:196:197:190:27:132:197:198:195:199:143:74:184:106:177:155:196:200:193:152:192:181:144:57:183:201:141:138:202:200:51:203:204:199:189:205:205:104:206:160:207:207:208:201:168:203:198:171:209:210:204:211:2:111:172:208:211:200:209:164:212:202:213:194:212:214:214:3:193:167:210:206:170:114:201:137:135:168:215:147:122:161:188:169:213:216:217:217:85:153:55:218:219:220:151:216:192:22:221:220:219:221:165:195:222:223:224:223:224:221:163:222:215:174:216:182:184:225:226:227:218:228:229:228:226:188:218:210:230:123:225:136:231:50:74:224:232:231:212:230:197:102:233:77:98:234:234:235:234:236:221:237:238:154:88:236:199:239:118:208:240:237:232:241:240:241:242:232:239:235:233:27:223:219:5:243:133:243:215:230:242:76:108:227:244:226:245:244:246:222:228:247:248:246:145:235:249:250:247:251:249:252:135:225:253:251:248:229:40:250:252:110:249:209:166:97:176:253:231:240:242:254:255:245:256:257:255:258:185:259:256:254:258:257:260:21:261:360:162:263:264:178:265:259:213:263:261:238:266:259:267:211:254:260:248:265:268:252:268:269:270:264:271:272:243:9:57:193:196:273:269:271:267:227:274:275:276:277:276:275:278:279:272:270:273:274:280:281:282:86:280:283:277:268:284:278:285:239:282:116:286:246:247:149:287:274:286:284:270:278:220:267:266:202:288:289:287:290:260:180:92:281:285:169:292:289:290:291:279:293:108:294:284:206:245:283:295:294:296:121:91:190:292:297:273:298:162:299:300:286:301:288:157:295:302:231:303:300:69:283:297:301:271:293:260:219:277:265:304:305:304:261:205:298:306:292:307:308:302:309:291:305:205:237:295:308:287:296:191:310:311:24:198:311:313:309:314:315:142:316:266:250:313:314:317:306:314:92:298:230:299:253:14:303:307:158:318:289:309:257:238:317:320:321:320:113:299:316:317:315:321:318:322:267:60:323:323:323:203:157:324:325:326:251:68:310:327:319:324:328:104:305:325:288:328:329:285:330:322:294:331:331:332:333:332:334:335:336:337:338:334:339:222:339:321:340:335:333:341:340:338:330:329:342:214:229:342:343:335:282:336:307:235:337:72:326:327:344:345:346:347:269:345:341:348:349:349:85:346:350:348:351:351:343:352:241:255:299:342:310:353:344:1:115:354:349:301:23:350:339:264:352:315:355:355:353:279:356:328:335:65:347:357:356:318:358:357:359:354:354:337:83:327:360:199:361:362:363:311:364:365:361:363:359:355:364:366:367:368:332:360:102:369:365:358:366:252:338:370:371:272:206:368:372:369:373:370:374:25:374:297:375:343:376:262:100:263:6:362:371:8:377:378:245:376:375:377:363:373:333:367:368:378:126:372:52:276:376:311:345:379:380:370:284:381:382:225:313:383:344:377:383:262:384:385:381:296:386:362:262:129:207:359:381:379:322:387:319:233:244:258:388:342:389:213:380:329:387:356:389:382:16:390:310:366:388:390:347:176:274:346:391:385:306:392:393:386:391:394:304:371:395:395:367:280:396:396:229:357:392:256:397:397:320:376:54:316:398:399:400:393:401:163:402:400:403:350:365:391:399:404:398:290:394:405:0:406:326:404:375:406:402:361:28:403:401:407:385:341:408:124:336:409:410:411:379:372:281:297:398:408:351:18:412:407:413:409:412:399:118:401:380:218:331:377:348:400:386:414:400:415:414:356:416:415:416:99:417:353:418:373:351:418:106:330:420:350:410:411:421:417:262:422:212:382:423:424:413:275:402:425:420:303:308:425:427:161:112:410:283:406:423:428:429:254:302:429:329:393:421:10:265:430:194:99:387:424:397:352:428:358:431:427:432:228:420:258:430:433:434:241:434:422:431:234:433:468:277:432:383:436:437:384:438:383:384:439:198:440:440:425:417:441:415:442:15:443:423:444:445:437:443:441:443:399:185:321:446:438:447:447:448:427:265:441:447:445:444:389:413:446:449:450:408:451:452:247:407:300:364:434:436:439:453:411:454:454:275:340:453:455:456:179:427:422:451:465:293:450:455:456:442:457:458:449:187:403:459:448:448:416:454:459:421:460:392:460:236:462:457:463:419:464:462:464:465:466:463:409:421:442:458:369:465:466:93:467:227:437:424:468:469:470:415:436:469:471:418:439:203:472:455:103:370:414:353:452:168:429:472:440:473:378:470:474:475:468:473:474:476:477:449:314:478:450:479:480:481:324:304:482:478:483:475:476:479:481:484:485:444:480:201:432:486:388:485:446:471:458:480:482:204:119:488:467:489:483:477:445:490:182:433:489:348:490:491:491:484:492:426:303:454:477:405:492:498:494:495:347:495:209:491:170:44:328:446:488:496:494:497:369:306:226:486:209:496:486:164:396:482:419:499:500:501:487:590:207:488:438:497:501:476:500:504:505:390:471:504:506:462:503:507:507:508:509:506:154:412:505:510:510:131:475:368:481:508:511:512:498:181:509:466:428:513:512:514:105:484:514:515:431:513:470:59:64:515:47:397:516:517:518:512:459:506:53:517:216:516:419:507:499:519:451:520:499:521:12:334:522:495:520:523:490:460:291:518:405:525:217:511:515:525:590:90:467:463:519:528:521:520:529:530:325:531:532:485:373:529:464:533:532:500:144:533:374:487:276:534:529:452:531:479:535:530:523:528:80:536:322:516:355:95:537:538:534:467:537:522:539:540:539:535:541:249:96:541:540:538:521:518:532:542:543:544:536:542:543:522:425:312:533:496:531:545:388:513:490:544:546:141:545:546:547:465:548:539:499:401:549:152:293:29:549:550:302:394:551:404:552:552:553:554:483:552:175:437:549:550:379:472:555:554:555:544:493:319:547:557:553:480:489:558:548:550:555:197:556:272:559:559:560:561:562:560:546:492:503:563:562:557:560:558:561:564:551:565:537:559:510:535:563:464:566:540:567:30:564:239:568:323:390:568:567:569:498:570:571:494:504:572:440:389:536:566:519:572:573:571:565:574:145:501:566:474:478:574:575:571:576:575:577:576:563:469:577:578:448:573:551:395:508:569:576:579:580:580:509:573:581:579:582:420:583:211:584:570:585:430:456:581:453:586:587:561:554:588:582:120:525:589:528:572:341:73:578:556:589:578:511:591:577:592:588:591:593:593:497:565:586:457:592:343:594:66:538:595:584:80:167:595:505:594:585:526:541:596:576:594:596:597:320:598:597:584:586:583:524:599:585:522:600:542:600:601:602:605:479:603:574:602:604:491:543:604:586:530:599:587:605:271:603:606:598:38:557:311:607:49:588:575:523:604:433:607
23,4,603,0,6599,43:1:2:21:2:4:5:6:7:4:8:5:1:9:10:3:10:12:11:13:12:14:9:8:15:16:17:15:18:19:20:19:81:22:48:36:23:18:14:20:24:4:16:6:25:12:13:26:0:28:131:25:29:29:20:30:45:24:26:31:32:7:33:17:28:33:32:30:23:4:34:21:16:34:35:32:36:35:22:0:37:38:31:30:38:23:39:39:37:40:41:7:42:43:2:38:11:41:33:44:3:19:0:46:47:45:48:49:31:50:10:50:49:44:51:13:34:47:52:51:53:54:55:36:53:56:57:28:48:94:59:42:60:49:61:61:62:63:55:64:65:54:52:62:43:64:59:66:67:1:73:67:68:60:46:69:57:65:70:35:69:22:71:8:60:71:72:56:40:68:29:63:42:74:66:74:65:75:37:46:76:75:77:81:45:78:77:76:72:79:61:80:79:11:82:83:84:84:64:79:70:85:86:85:80:81:86:80:73:87:83:63:69:55:88:89:78:90:88:91:67:91:89:14:70:78:81:88:94:93:95:92:82:5:52:44:55:96:87:95:97:96:66:97:72:50:98:17:136:99:100:101:102:103:82:104:25:103:101:105:106:103:73:107:105:104:108:98:109:108:51:109:39:100:27:15:110:71:107:111:112:113:114:54:115:116:102:110:83:116:94:114:36:107:117:118:68:119:77:120:113:112:58:120:115:121:122:122:119:111:62:90:117:123:121:115:99:124:125:126:118:41:47:124:127:126:128:129:130:29:130:131:122:132:125:133:123:117:133:127:18:126:129:128:34:132:109:19:134:97:135:58:134:137:135:138:109:96:139:127:78:140:141:31:142:140:143:137:130:101:141:142:144:145:136:146:129:91:146:139:27:84:119:147:144:138:312:149:150:147:312:95:151:53:151:123:127:120:125:87:152:153:41:153:145:152:149:100:149:39:154:155:150:156:157:107:156:133:155:128:136:158:154:157:75:158:59:159:142:160:143:146:161:162:163:164:162:161:93:160:165:166:150:163:159:112:167:153:168:169:58:124:169:168:170:89:6:84:131:56:171:172:172:137:156:89:167:171:173:170:174:173:175:174:165:159:176:166:140:177:175:164:178:176:121:177:178:179:180:180:181:181:182:158:183:26:134:184:179:175:185:116:186:186:180:95:187:173:185:184:17:188:139:187:189:190:191:150:24:113:192:182:191:179:193:191:134:105:194:110:138:189:183:67:186:195:194:196:197:190:27:132:197:198:195:199:143:74:184:106:177:155:196:200:193:152:192:181:144:57:183:201:141:138:202:200:51:203:391:199:189:205:205:104:206:160:207:207:208:201:168:203:198:171:209:210:6:211:2:111:172:208:211:200:209:164:212:202:213:194:212:214:214:3:193:167:210:206:170:114:201:137:135:168:215:147:122:161:188:169:213:216:217:217:85:153:55:218:219:220:151:216:192:22:221:220:219:221:165:195:222:223:224:223:224:221:163:222:215:174:216:182:184:225:226:227:218:228:229:228:226:188:218:210:230:123:225:136:231:50:74:224:232:231:212:230:197:102:233:77:98:234:234:235:234:236:221:237:238:154:88:236:199:239:118:208:240:237:232:241:240:241:242:232:239:235:233:27:223:219:5:243:133:243:215:230:242:76:108:227:244:226:245:244:246:222:228:247:248:246:145:235:249:250:247:251:249:252:135:225:253:251:248:229:40:250:252:110:249:209:166:97:176:253:231:240:242:254:255:245:256:257:255:258:185:259:256:254:258:257:260:21:261:360:162:263:264:178:265:259:213:263:261:238:266:259:267:211:254:260:248:265:268:252:268:269:270:264:271:272:243:9:57:193:196:273:269:271:267:227:274:275:276:277:276:275:278:279:272:270:273:274:280:281:282:86:280:283:277:268:284:278:285:239:282:116:286:246:247:149:287:274:286:284:270:278:220:267:266:202:288:289:287:290:260:180:92:281:285:169:292:289:290:291:279:293:108:294:284:206:245:283:295:294:296:121:91:190:292:297:273:298:162:299:300:286:301:288:157:295:302:231:303:300:69:283:297:301:271:293:260:219:277:265:304:305:304:261:205:298:306:292:307:308:302:309:291:305:205:237:295:308:287:296:191:310:311:24:198:311:313:309:314:315:142:316:266:250:313:314:317:306:314:92:298:230:299:253:14:303:307:158:318:289:309:257:238:317:320:321:320:113:299:316:317:315:321:318:322:267:60:323:323:323:203:157:324:325:326:251:68:310:327:319:324:328:104:305:325:288:328:329:285:330:322:294:331:331:332:333:332:334:335:336:337:338:334:339:222:339:321:340:335:333:341:340:338:330:329:342:214:229:342:343:335:282:336:307:235:337:72:326:327:344:345:346:347:269:345:341:348:349:349:85:346:350:348:351:351:343:352:241:255:299:342:310:353:344:1:115:354:349:301:23:350:339:264:352:315:355:355:353:279:356:328:335:65:347:357:356:318:358:357:359:354:354:337:83:327:360:199:361:362:363:311:364:365:361:363:359:355:364:366:367:368:332:360:102:369:365:358:366:252:338:370:371:272:206:368:372:369:373:370:374:25:374:297:375:343:376:262:100:263:273:362:371:8:377:378:245:376:375:377:363:373:333:367:368:378:126:372:52:276:376:311:345:379:380:370:284:381:382:225:313:383:344:377:383:262:384:385:381:296:386:362:262:129:207:359:381:379:322:387:319:233:244:258:388:342:389:213:380:329:387:356:389:382:16:390:310:366:388:390:347:176:274:346:391:385:306:392:393:386:58:394:304:371:395:395:367:280:396:396:229:357:392:256:397:397:320:376:54:316:398:399:400:393:401:163:402:400:403:350:365:391:399:404:398:290:394:405:0:406:326:404:375:406:402:361:28:403:401:407:385:341:408:124:336:409:410:411:379:372:281:297:398:408:351:18:412:407:413:409:412:399:118:401:380:218:331:377:348:400:386:414:400:415:414:356:416:415:416:99:417:353:418:373:351:418:106:330:420:350:410:411:421:417:262:422:212:382:423:424:413:275:402:425:420:303:308:425:427:161:112:410:283:406:423:428:429:254:302:429:329:393:421:10:265:430:194:99:387:424:397:352:428:358:431:427:432:228:420:258:430:433:434:241:434:422:431:234:433:468:277:432:383:436:437:384:438:383:384:439:198:440:440:425:417:441:415:442:15:443:423:444:445:437:443:441:443:399:185:321:446:438:447:447:448:427:265:441:447:445:444:389:413:446:449:450:408:451:452:247:407:300:364:434:436:439:453:411:454:454:275:340:453:455:456:179:427:422:451:465:293:450:455:456:442:457:458:449:187:403:459:448:448:416:454:459:421:460:392:460:236:462:457:463:419:464:462:464:465:466:463:409:421:442:458:369:465:466:93:467:227:437:424:468:469:470:415:436:469:471:418:439:203:472:455:103:370:414:353:452:168:429:472:440:473:378:470:474:475:468:473:474:476:477:449:314:478:450:479:480:481:324:304:482:478:483:475:476:479:481:484:485:444:480:201:432:486:388:485:446:471:458:480:482:204:119:488:467:489:483:477:445:490:182:433:489:348:490:491:491:484:492:426:303:454:477:405:492:498:494:495:347:495:209:491:170:44:328:446:488:496:494:497:369:306:226:486:209:496:486:164:396:482:419:499:500:501:487:590:207:488:438:497:501:476:500:504:505:390:471:504:506:462:503:507:507:508:509:506:154:412:505:510:510:131:475:368:481:508:511:512:498:181:509:466:428:513:512:514:105:484:514:515:431:513:470:59:64:515:47:397:516:517:518:512:459:506:53:517:216:516:419:507:499:519:451:520:499:521:12:334:522:495:520:523:490:460:291:518:405:525:217:511:515:525:590:90:467:463:519:528:521:520:529:530:325:531:532:485:373:529:464:533:532:500:144:533:374:487:276:534:529:452:531:479:535:530:523:528:80:536:322:516:355:95:537:538:534:467:537:522:539:540:539:535:541:249:96:541:540:538:521:518:532:542:543:544:536:542:543:522:425:312:533:496:531:545:388:513:490:544:546:141:545:546:547:465:548:539:499:401:549:152:293:29:549:550:302:394:551:404:552:552:553:554:483:552:175:437:549:550:379:472:555:554:555:544:493:319:547:557:553:480:489:558:548:550:555:197:556:272:559:559:560:561:562:560:546:492:503:563:562:557:560:558:561:564:551:565:537:559:510:535:563:464:566:540:567:30:564:239:568:323:390:568:567:569:498:570:571:494:504:572:440:389:536:566:519:572:573:571:565:574:145:501:566:474:478:574:575:571:576:575:577:576:563:469:577:578:448:573:551:395:508:569:576:579:580:580:509:573:581:579:582:420:583:211:584:570:585:430:456:581:453:586:587:561:554:588:582:120:525:589:528:572:341:73:578:556:589:578:511:591:577:592:588:591:593:593:497:565:586:457:592:343:594:66:538:595:584:80:167:595:505:594:585:526:541:596:576:594:596:597:320:598:597:584:586:583:524:599:585:522:600:542:600:601:602:605:479:603:574:602:604:491:543:604:586:530:599:587:605:271:603:606:598:38:557:311:607:49:588:575:523:604:433:607
24,4,603,0,6597,43:1:2:21:2:4:5:6:7:4:8:5:1:9:10:3:10:12:11:13:12:14:9:8:15:16:17:15:18:19:20:19:81:22:48:36:23:18:14:20:24:4:16:6:25:12:13:26:0:28:131:25:29:29:20:30:45:24:26:31:32:7:33:17:28:33:32:30:23:4:34:21:16:34:35:32:36:35:22:0:37:38:31:30:38:23:39:39:37:40:41:7:42:43:2:38:11:41:33:44:3:19:0:46:47:45:48:49:31:50:10:50:49:44:51:13:34:47:52:51:53:54:55:36:53:56:57:28:48:94:93:42:60:49:61:61:62:63:55:64:65:54:52:62:43:64:93:66:67:1:73:67:68:60:46:69:57:65:70:35:69:22:71:8:60:71:72:56:40:68:29:63:42:74:66:74:65:75:37:43:76:75:77:81:45:78:77:76:72:79:61:80:79:11:82:83:84:84:64:79:70:85:86:85:80:81:86:80:73:87:83:63:69:55:88:89:78:90:88:91:67:91:89:14:70:78:81:88:94:46:95:92:82:5:52:44:55:96:87:95:97:96:66:97:72:50:98:17:136:99:100:101:102:103:82:104:25:103:101:105:106:103:73:107:105:104:108:98:109:108:51:109:39:100:27:15:110:71:107:111:112:113:114:54:115:116:102:110:83:116:94:114:36:107:117:118:68:119:77:120:113:112:58:120:115:121:122:122:119:111:62:90:117:123:121:115:99:124:125:126:118:41:47:124:127:126:128:129:130:29:130:131:122:132:125:133:123:117:133:127:18:126:129:128:34:132:109:19:134:97:135:58:134:137:135:138:109:96:139:127:78:140:141:31:142:140:143:137:130:101:141:142:144:145:136:146:129:91:146:139:27:84:119:147:144:138:312:149:150:147:312:95:151:53:151:123:127:120:125:87:152:153:41:153:145:152:149:100:149:39:154:155:150:156:157:107:156:133:155:128:136:158:154:157:75:158:93:159:142:160:143:146:161:162:163:164:162:161:59:160:165:166:150:163:159:112:167:153:168:169:58:124:169:168:170:89:6:84:131:56:171:172:172:137:156:89:167:171:173:170:174:173:175:174:165:159:176:166:140:177:175:164:178:176:121:177:178:179:180:180:181:181:182:158:183:26:134:184:179:175:185:116:186:186:180:95:187:173:185:184:17:188:139:187:189:190:191:150:24:113:192:182:191:179:193:191:134:105:194:110:138:189:183:67:186:195:194:196:197:190:27:132:197:198:195:199:143:74:184:106:177:155:196:200:193:152:192:181:144:57:183:201:141:138:202:200:51:203:391:199:189:205:205:104:206:160:207:207:208:201:168:203:198:171:209:210:6:211:2:111:172:208:211:200:209:164:212:202:213:194:212:214:214:3:193:167:210:206:170:114:201:137:135:168:215:147:122:161:188:169:213:216:217:217:85:153:55:218:219:220:151:216:192:22:221:220:219:221:165:195:222:223:224:223:224:221:163:222:215:174:216:182:184:225:226:227:218:228:229:228:226:188:218:210:230:123:225:136:231:50:74:224:232:231:212:230:197:102:233:77:98:234:234:235:234:236:221:237:238:154:88:236:199:239:118:208:240:237:232:241:240:241:242:232:239:235:233:27:223:219:5:243:133:243:215:230:242:76:108:227:244:226:245:244:246:222:228:247:248:246:145:235:249:250:247:251:249:252:135:225:253:251:248:229:40:250:252:110:249:209:166:97:176:253:231:240:242:254:255:245:256:257:255:258:185:259:256:254:258:257:260:21:261:360:162:263:264:178:265:259:213:263:261:238:266:259:267:211:254:260:248:265:268:252:268:269:270:264:271:272:243:9:57:193:196:273:269:271:267:227:274:275:276:277:276:275:278:279:272:270:273:274:280:281:282:86:71:283:277:268:284:278:285:239:282:116:286:246:247:149:287:274:286:284:270:278:220:267:266:202:288:289:287:290:260:180:92:281:285:169:292:289:290:291:279:293:108:294:284:206:245:283:295:294:296:121:91:190:292:297:273:298:162:299:300:286:301:288:157:295:302:231:303:300:69:283:297:301:271:293:260:219:277:265:304:305:304:261:205:298:306:292:307:308:302:309:291:305:205:237:295:308:287:296:191:310:311:24:198:311:313:309:314:315:142:316:266:250:313:314:317:306:314:92:298:230:299:253:14:303:307:158:318:289:309:257:238:317:320:321:320:113:299:316:317:315:321:318:322:267:60:323:323:323:203:157:324:325:326:251:68:310:327:319:324:328:104:305:325:288:328:329:285:330:322:294:331:331:332:333:332:334:335:336:337:338:334:339:222:339:321:340:335:333:341:340:338:330:329:342:214:229:342:343:335:282:336:307:235:337:72:326:327:344:345:346:347:269:345:341:348:349:349:85:346:350:348:351:351:343:352:241:255:299:342:310:353:344:1:115:354:349:301:23:350:339:264:352:315:355:355:353:279:356:328:335:65:347:357:356:318:358:357:359:354:354:337:83:327:360:199:361:362:363:311:364:365:361:363:359:355:364:366:367:368:332:360:102:369:365:358:366:252:338:370:371:272:206:368:372:369:373:370:374:25:374:297:375:343:376:262:100:263:273:362:371:8:377:378:245:376:375:377:363:373:333:367:368:378:126:372:52:276:376:311:345:379:380:370:284:381:382:225:313:383:344:377:383:262:384:385:381:296:386:362:262:129:207:359:381:379:322:387:319:233:244:258:388:342:389:213:380:329:387:356:389:382:16:390:310:366:388:390:347:176:274:346:391:385:306:392:393:386:58:394:304:371:395:395:367:280:396:396:229:357:392:256:397:397:320:376:54:316:398:399:400:393:401:163:402:400:403:350:365:391:399:404:398:290:394:405:0:406:326:404:375:406:402:361:28:403:401:407:385:341:408:124:336:409:410:411:379:372:281:297:398:408:351:18:412:407:413:409:412:399:118:401:380:218:331:377:348:400:386:414:400:415:414:356:416:415:416:99:417:353:418:373:351:418:106:330:420:350:410:411:421:417:262:422:212:382:423:424:413:275:402:425:420:303:308:425:427:161:112:410:283:406:423:428:429:254:302:429:329:393:421:10:265:430:194:99:387:424:397:352:428:358:431:427:432:228:420:258:430:433:434:241:434:422:431:234:433:468:277:432:383:436:437:384:438:383:384:439:198:440:440:425:417:441:415:442:15:443:423:444:445:437:443:441:443:399:185:321:446:438:447:447:448:427:265:441:447:445:444:389:413:446:449:450:408:451:452:247:407:300:364:434:436:439:453:411:454:454:275:340:453:455:456:179:427:422:451:465:293:450:455:456:442:457:458:449:187:403:459:448:448:416:454:459:421:460:392:460:236:462:457:463:419:464:462:464:465:466:463:409:421:442:458:369:465:466:280:467:227:437:424:468:469:470:415:436:469:471:418:439:203:472:455:103:370:414:353:452:168:429:472:440:473:378:470:474:475:468:473:474:476:477:449:314:478:450:479:480:481:324:304:482:478:483:475:476:479:481:484:485:444:480:201:432:486:388:485:446:471:458:480:482:204:119:488:467:489:483:477:445:490:182:433:489:348:490:491:491:484:492:426:303:454:477:405:492:498:494:495:347:495:209:491:170:44:328:446:488:496:494:497:369:306:226:486:209:496:486:164:396:482:419:499:500:501:487:590:207:488:438:497:501:476:500:504:505:390:471:504:506:462:503:507:507:508:509:506:154:412:505:510:510:131:475:368:481:508:511:512:498:181:509:466:428:513:512:514:105:484:514:515:431:513:470:93:64:515:47:397:516:517:518:512:459:506:53:517:216:516:419:507:499:519:451:520:499:521:12:334:522:495:520:523:490:460:291:518:405:525:217:511:515:525:590:90:467:463:519:528:521:520:529:530:325:531:532:485:373:529:464:533:532:500:144:533:374:487:276:534:529:452:531:479:535:530:523:528:80:536:322:516:355:95:537:538:534:467:537:522:539:540:539:535:541:249:96:541:540:538:521:518:532:542:543:544:536:542:543:522:425:312:533:496:531:545:388:513:490:544:546:141:545:546:547:465:548:539:499:401:549:152:293:29:549:550:302:394:551:404:552:552:553:554:483:552:175:437:549:550:379:472:555:554:555:544:493:319:547:557:553:480:489:558:548:550:555:197:556:272:559:559:560:561:562:560:546:492:503:563:562:557:560:558:561:564:551:565:537:559:510:535:563:464:566:540:567:30:564:239:568:323:390:568:567:569:498:570:571:494:504:572:440:389:536:566:519:572:573:571:565:574:145:501:566:474:478:574:575:571:576:575:577:576:563:469:577:578:448:573:551:395:508:569:576:579:580:580:509:573:581:579:582:420:583:211:584:570:585:430:456:581:453:586:587:561:554:588:582:120:525:589:528:572:341:73:578:556:589:578:511:591:577:592:588:591:593:593:497:565:586:457:592:343:594:66:538:595:584:80:167:595:505:594:585:526:541:596:576:594:596:597:320:598:597:584:586:583:524:599:585:522:600:542:600:601:602:605:479:603:574:602:604:491:543:604:586:530:599:587:605:271:603:606:598:38:557:311:607:49:588:575:523:604:433:607
25,4,602,0,6592,43:1:2:21:2:4:5:6:7:4:8:5:1:9:10:3:10:12:11:13:12:14:9:8:15:16:17:15:18:19:20:19:81:22:48:36:23:18:14:20:24:4:16:6:25:12:13:26:0:28:131:25:29:29:20:30:45:24:26:31:32:7:33:17:28:33:32:30:23:4:34:21:16:34:35:32:36:35:22:0:37:38:31:30:38:23:39:39:37:40:41:7:42:43:2:38:11:41:33:44:3:19:0:46:47:45:48:49:31:50:10:50:49:44:51:13:34:47:52:51:53:54:55:36:53:56:57:28:48:94:93:42:60:49:61:61:62:63:55:64:65:54:52:62:43:64:93:66:67:1:73:67:68:60:46:69:57:65:70:35:69:22:71:8:60:71:72:56:40:68:29:63:42:74:66:74:65:75:37:43:76:75:77:81:45:78:77:76:72:79:61:80:79:11:82:83:84:84:64:79:70:85:86:85:80:81:86:80:73:87:83:63:69:55:88:89:78:90:88:91:67:91:89:14:70:78:81:88:94:46:95:92:82:5:52:44:55:96:87:95:97:96:66:97:72:50:98:17:136:99:100:101:102:103:82:104:25:103:101:105:106:103:73:107:105:104:108:98:109:108:51:109:39:100:27:15:110:71:107:111:112:113:114:54:115:116:102:110:83:116:94:114:36:107:117:118:68:119:77:120:113:112:58:120:115:121:122:122:119:111:62:90:117:123:121:115:99:124:125:126:118:41:47:124:127:126:128:129:130:29:130:131:122:132:125:133:123:117:133:127:18:126:129:128:34:132:109:19:134:97:135:58:134:137:135:138:109:96:139:127:78:140:141:31:142:140:143:137:130:101:141:142:144:145:136:146:129:91:146:139:27:84:119:147:144:138:312:149:150:147:312:95:151:53:151:123:127:120:125:87:152:153:41:153:145:152:149:100:149:39:154:155:150:156:157:107:156:133:155:128:136:158:154:157:75:158:93:159:142:160:143:146:161:162:163:164:162:161:59:160:165:166:150:163:159:112:167:153:168:169:58:124:169:168:170:89:6:84:131:56:171:172:172:137:156:89:167:171:173:170:174:173:175:174:165:159:176:166:140:177:175:164:178:176:121:177:178:179:180:180:181:181:182:158:183:26:134:184:179:175:185:116:186:186:180:95:187:173:185:184:17:188:139:187:189:190:191:150:24:113:192:182:191:179:193:191:134:105:194:110:138:189:183:67:186:195:194:196:197:190:27:132:197:198:195:199:143:74:184:106:177:155:196:200:193:152:192:181:144:57:183:201:141:138:202:200:51:203:391:199:189:205:205:104:206:160:207:207:208:201:168:203:198:171:209:210:6:211:2:111:172:208:211:200:209:164:212:202:213:194:212:214:214:3:193:167:210:206:170:114:201:137:135:168:215:147:122:161:188:169:213:216:217:217:85:153:55:218:219:220:151:216:192:22:221:220:219:221:165:195:222:223:224:223:224:221:163:222:215:174:216:182:184:225:226:227:218:228:229:228:226:188:218:210:230:123:225:136:231:50:74:224:232:231:212:230:197:102:233:77:98:234:234:235:234:236:221:237:238:154:88:236:199:239:118:208:240:237:232:241:240:241:242:232:239:235:233:27:223:219:5:243:133:243:215:230:242:76:108:227:244:226:245:244:246:222:228:247:248:246:145:235:249:250:247:251:249:252:135:225:253:251:248:229:40:250:252:110:249:209:166:97:176:253:231:240:242:254:255:245:256:257:255:258:185:259:256:254:258:257:260:21:261:360:162:263:264:178:265:259:213:263:261:238:266:259:267:211:254:260:248:265:268:252:268:269:270:264:271:272:243:9:57:193:196:273:269:271:267:227:274:275:276:277:276:275:278:279:272:270:273:274:280:281:282:86:71:283:277:268:284:278:285:239:282:116:286:246:247:149:287:274:286:284:270:278:220:267:266:202:288:289:287:290:260:180:92:281:285:169:292:289:290:291:279:293:108:294:284:206:245:283:295:294:296:121:91:190:292:297:273:298:162:299:300:286:301:288:157:295:302:231:303:300:69:283:297:301:271:293:260:219:277:265:304:305:304:261:205:298:306:292:307:308:302:309:291:305:205:237:295:308:287:296:191:310:311:24:198:311:313:309:314:315:142:316:266:250:313:314:317:306:314:92:298:230:299:253:14:303:307:158:318:289:309:257:238:317:320:321:320:113:299:316:317:315:321:318:322:267:60:323:323:323:203:157:324:325:326:251:68:310:327:319:324:328:104:305:325:288:328:329:285:330:322:294:331:331:332:333:332:334:335:336:337:338:334:339:222:339:321:340:335:333:341:340:338:330:329:342:214:229:342:343:335:282:336:307:235:337:72:326:327:344:345:346:347:269:345:341:348:349:349:85:346:350:348:351:351:343:352:241:255:299:342:310:353:344:1:115:354:349:301:23:350:339:264:352:315:355:355:353:279:356:328:335:65:347:357:356:318:358:357:359:354:354:337:83:327:360:199:361:362:363:311:364:365:361:363:359:355:364:366:367:368:332:360:102:369:365:358:366:252:338:370:371:272:206:368:372:369:373:370:374:25:374:297:375:343:376:262:100:263:273:362:371:8:377:378:245:376:375:377:363:373:333:367:368:378:126:372:52:276:376:311:345:379:380:370:284:381:382:225:313:383:344:377:383:262:384:385:381:296:386:362:262:129:207:359:381:379:322:387:319:233:244:258:388:342:389:213:380:329:387:356:389:382:16:390:310:366:388:390:347:176:274:346:391:385:306:392:393:386:58:394:304:371:395:395:367:280:396:396:229:357:392:256:397:397:320:376:54:316:398:399:400:393:401:163:402:400:403:350:365:391:399:404:398:290:394:405:0:406:326:404:375:406:402:361:28:403:401:407:385:341:408:124:336:409:410:411:379:372:281:297:398:408:351:18:412:407:413:409:412:399:118:401:380:218:331:377:348:400:386:414:400:415:414:356:416:415:416:99:417:353:418:373:351:418:106:330:420:350:410:411:421:417:262:422:212:382:423:424:413:275:402:425:420:303:308:425:427:161:112:410:283:406:423:428:429:254:302:429:329:393:421:10:265:430:194:99:387:424:397:352:428:358:431:427:432:228:420:258:430:433:434:241:434:422:431:234:433:468:277:432:383:436:437:384:438:383:384:439:198:440:440:425:417:441:415:442:15:443:423:444:445:437:443:441:443:399:185:321:446:438:447:447:448:427:265:441:447:445:444:389:413:446:449:450:408:451:452:247:407:300:364:434:436:439:453:411:454:454:275:340:453:455:456:179:427:422:451:465:293:450:455:456:442:457:458:449:187:403:459:448:448:416:454:459:421:460:392:460:236:462:457:463:419:464:462:464:465:466:463:409:421:442:458:369:465:466:280:467:227:437:424:468:469:470:415:436:469:471:418:439:203:472:455:103:370:414:353:452:168:429:472:440:473:378:470:474:475:468:473:474:476:477:449:314:478:450:479:480:481:324:304:482:478:483:475:476:479:481:484:485:444:480:201:432:486:388:485:446:471:458:480:482:59:119:488:467:489:483:477:445:490:182:433:489:348:490:491:491:484:492:426:303:454:477:405:492:498:494:495:347:495:209:491:170:44:328:446:488:496:494:497:369:306:226:486:209:496:486:164:396:482:419:499:500:501:487:590:207:488:438:497:501:476:500:504:505:390:471:504:506:462:503:507:507:508:509:506:154:412:505:510:510:131:475:368:481:508:511:512:498:181:509:466:428:513:512:514:105:484:514:515:431:513:470:93:64:515:47:397:516:517:518:512:459:506:53:517:216:516:419:507:499:519:451:520:499:521:12:334:522:495:520:523:490:460:291:518:405:525:217:511:515:525:590:90:467:463:519:528:521:520:529:530:325:531:532:485:373:529:464:533:532:500:144:533:374:487:276:534:529:452:531:479:535:530:523:528:80:536:322:516:355:95:537:538:534:467:537:522:539:540:539:535:541:249:96:541:540:538:521:518:532:542:543:544:536:542:543:522:425:312:533:496:531:545:388:513:490:544:546:141:545:546:547:465:548:539:499:401:549:152:293:29:549:550:302:394:551:404:552:552:553:554:483:552:175:437:549:550:379:472:555:554:555:544:493:319:547:557:553:480:489:558:548:550:555:197:556:272:559:559:560:561:562:560:546:492:503:563:562:557:560:558:561:564:551:565:537:559:510:535:563:464:566:540:567:30:564:239:568:323:390:568:567:569:498:570:204:494:504:572:440:389:536:566:519:572:573:204:565:574:145:501:566:474:478:574:575:493:576:575:577:576:563:469:577:578:448:573:551:395:508:569:576:579:580:580:509:573:581:579:582:420:583:211:584:570:585:430:456:581:453:586:587:561:554:588:582:120:525:589:528:572:341:73:578:556:589:578:511:591:577:592:588:591:593:593:497:565:586:457:592:343:594:66:538:595:584:80:167:595:505:594:585:526:541:596:576:594:596:597:320:598:597:584:586:583:524:599:585:522:600:542:600:601:602:605:479:603:574:602:604:491:543:604:586:530:599:587:605:271:603:606:598:38:557:311:607:49:588:575:523:604:433:607
26,4,601,0,6591,43:1:2:21:2:4:5:6:7:4:8:5:1:9:10:3:10:12:11:13:12:14:9:8:15:16:17:15:18:19:20:19:81:22:48:36:23:18:14:20:24:4:16:6:25:12:13:26:0:28:131:25:29:29:20:30:45:24:26:31:32:7:33:17:28:33:32:30:23:4:34:21:16:34:35:32:36:35:22:0:37:38:31:30:38:23:39:39:37:40:41:7:42:43:2:38:11:41:33:44:3:19:0:46:47:45:48:49:31:50:10:50:49:44:51:13:34:47:52:51:53:54:55:36:53:56:57:28:48:94:93:42:60:49:61:61:62:63:55:64:65:54:52:62:43:64:93:66:67:1:73:67:68:60:46:69:57:65:70:35:69:22:71:8:60:71:72:56:40:68:29:63:42:74:66:74:65:75:37:43:76:75:77:81:45:78:77:76:72:79:61:80:79:11:82:83:84:84:64:79:70:85:86:85:80:81:86:80:73:87:83:63:69:55:88:89:78:90:88:91:67:91:89:14:70:78:81:88:94:46:95:92:82:5:52:44:55:96:87:95:97:96:66:97:72:50:98:17:136:99:100:101:102:103:82:104:25:103:101:105:106:103:73:107:105:104:108:98:109:108:51:109:39:100:27:15:110:71:107:111:112:113:114:54:115:116:102:110:83:116:94:114:36:107:117:118:68:119:77:120:113:112:58:120:115:121:122:122:119:111:62:90:117:123:121:115:99:124:125:126:118:41:47:124:127:126:128:129:130:29:130:131:122:132:125:133:123:117:133:127:18:126:129:128:34:132:109:19:134:97:135:58:134:137:135:138:109:96:139:127:78:140:141:31:142:140:143:137:130:101:141:142:144:145:136:146:129:91:146:139:27:84:119:147:144:138:312:149:150:147:312:95:151:53:151:123:127:120:125:87:152:153:41:153:145:152:149:100:149:39:154:155:150:156:157:107:156:133:155:128:136:158:154:157:75:158:93:159:142:160:143:146:161:162:163:164:162:161:59:160:165:166:150:163:159:112:167:153:168:169:58:124:169:168:170:89:6:84:131:56:171:172:172:137:156:89:167:171:173:170:174:173:175:174:165:159:176:166:140:177:175:164:178:176:121:177:178:179:180:180:181:181:182:158:183:26:134:184:179:175:185:116:186:186:180:95:187:173:185:184:17:188:139:187:189:190:191:150:24:113:192:182:191:179:193:191:134:105:194:110:138:189:183:67:186:195:194:196:197:190:27:132:197:198:195:199:143:74:184:106:177:155:196:200:193:152:192:181:144:57:183:201:141:138:202:200:51:203:391:199:189:205:205:104:206:160:207:207:208:201:168:203:198:171:209:210:6:211:2:111:172:208:211:200:209:164:212:202:213:194:212:214:214:3:193:167:210:206:170:114:201:137:135:168:215:147:122:161:188:169:213:216:217:217:85:153:55:218:219:220:151:216:192:22:221:220:219:221:165:195:222:223:224:223:224:221:163:222:215:174:216:182:184:225:226:227:218:228:229:228:226:188:218:210:230:123:225:136:231:50:74:224:232:231:212:230:197:102:233:77:98:234:234:235:234:236:221:237:238:154:88:236:199:239:118:208:240:237:232:241:240:241:242:232:239:235:233:27:223:219:5:243:133:243:215:230:242:76:108:227:244:226:245:244:246:222:228:247:248:246:145:235:249:250:247:251:249:252:135:225:253:251:248:229:40:250:252:110:249:209:166:97:176:253:231:240:242:254:255:245:256:257:255:258:185:259:256:254:258:257:260:21:261:360:162:263:264:178:265:259:213:263:261:238:266:259:267:211:254:260:248:265:268:252:268:269:270:264:271:272:243:9:57:193:196:273:269:271:267:227:274:275:276:277:276:275:278:279:272:270:273:274:280:281:282:86:71:283:277:268:284:278:285:239:282:116:286:246:247:149:287:274:286:284:270:278:220:267:266:202:288:289:287:290:260:180:92:281:285:169:292:289:290:291:279:293:108:294:284:206:245:283:295:294:296:121:91:190:292:297:273:298:162:299:300:286:301:288:157:295:302:231:303:300:69:283:297:301:271:293:260:219:277:265:304:305:304:261:205:298:306:292:307:308:302:309:291:305:205:237:295:308:287:296:191:310:311:24:198:311:313:309:314:315:142:316:266:250:313:314:317:306:314:92:298:230:299:253:14:303:307:158:318:289:309:257:238:317:320:321:320:113:299:316:317:315:321:318:322:267:60:323:323:323:203:157:324:325:326:251:68:310:327:319:324:328:104:305:325:288:328:329:285:330:322:294:331:331:332:333:332:334:335:336:337:338:334:339:222:339:321:340:335:333:341:340:338:330:329:342:214:229:342:343:335:282:336:307:235:337:72:326:327:344:345:346:347:269:345:341:348:349:349:85:346:350:348:351:351:343:352:241:255:299:342:310:353:344:1:115:354:349:301:23:350:339:264:352:315:355:355:353:279:356:328:335:65:347:357:356:318:358:357:359:354:354:337:83:327:360:199:361:362:363:311:364:365:361:363:359:355:364:366:367:368:332:360:102:369:365:358:366:252:338:370:371:272:206:368:372:369:373:370:374:25:374:297:375:343:376:262:100:263:273:362:371:8:377:378:245:376:375:377:363:373:333:367:368:378:126:372:52:276:376:311:345:379:380:370:284:381:382:225:313:383:344:377:383:262:384:385:381:296:386:362:262:129:207:359:381:379:322:387:319:233:244:258:388:342:389:213:380:329:387:356:389:382:16:390:310:366:388:390:347:176:274:346:391:385:306:392:393:386:58:394:304:371:395:395:367:280:396:396:229:357:392:256:397:397:320:376:54:316:398:399:400:393:401:163:402:400:403:350:365:391:399:404:398:290:394:405:0:406:326:404:375:406:402:361:28:403:401:407:385:341:408:124:336:409:410:411:379:372:281:297:398:408:351:18:412:407:413:409:412:399:118:401:380:218:331:377:348:400:386:414:400:415:414:356:416:415:416:99:417:353:418:373:351:418:106:330:420:350:410:411:421:417:262:422:212:382:423:424:413:275:402:425:420:303:308:425:427:161:112:410:283:406:423:428:429:254:302:429:329:393:421:10:265:430:194:99:387:424:397:352:428:358:431:427:432:228:420:258:430:433:434:241:434:422:431:234:433:468:277:432:383:436:437:384:438:383:384:439:198:440:440:425:417:441:415:442:15:443:423:444:445:437:443:441:443:399:185:321:446:438:447:447:448:427:265:441:447:445:444:389:413:446:449:450:408:451:452:247:407:300:364:434:436:439:453:411:454:454:275:340:453:455:456:179:427:422:451:465:293:450:455:456:442:457:458:449:187:403:459:448:448:416:454:459:421:460:392:460:236:462:457:463:419:464:462:464:465:466:463:409:421:442:458:369:465:466:280:467:227:437:424:468:469:470:415:436:469:471:418:439:203:472:455:103:370:414:353:452:168:429:472:440:473:378:470:474:475:468:473:474:476:477:449:314:478:450:479:480:481:324:304:482:478:483:475:476:479:481:484:485:444:480:201:432:486:388:485:446:471:458:480:482:59:119:488:467:489:483:477:445:490:182:433:489:348:490:491:491:484:492:426:303:454:477:405:492:498:494:495:347:495:209:491:170:44:328:446:488:496:494:497:369:306:226:486:209:496:486:164:396:482:419:499:500:501:487:590:207:488:438:497:501:476:500:504:505:390:471:504:506:462:503:507:507:508:509:506:154:412:505:510:510:131:475:368:481:508:511:512:498:181:509:466:428:513:512:514:105:484:514:515:431:513:470:93:64:515:47:397:516:517:518:512:459:506:53:517:216:516:419:507:499:519:451:520:499:521:12:334:522:495:520:523:490:460:291:518:405:525:217:511:515:525:590:90:467:463:519:528:521:520:529:530:325:531:532:485:373:529:464:533:532:500:144:533:374:487:276:534:529:452:531:479:535:530:523:528:80:536:322:516:355:95:537:538:534:467:537:522:539:540:539:535:541:249:96:541:540:538:521:518:532:542:543:544:536:542:543:522:425:312:533:496:531:545:388:513:490:544:546:141:545:546:547:465:548:539:499:401:549:152:293:29:549:550:302:394:551:404:552:552:553:554:483:552:175:437:549:550:379:472:555:554:555:544:493:319:547:557:553:480:489:558:548:550:555:197:556:272:559:559:560:561:562:560:546:492:503:563:562:557:560:558:561:564:551:565:537:559:510:535:563:464:566:540:567:30:564:239:568:323:390:568:567:569:498:570:204:494:504:572:440:389:536:566:519:572:573:204:565:574:145:501:566:474:478:574:575:493:576:575:577:576:563:469:577:578:448:573:551:395:508:569:576:579:580:580:509:573:581:579:582:420:583:211:584:570:585:430:456:581:453:586:587:561:554:588:582:120:525:589:528:572:341:73:578:556:589:578:511:591:577:592:588:591:593:593:497:565:586:457:592:343:594:66:538:595:584:80:167:595:505:594:585:526:541:596:576:594:596:426:320:598:426:584:586:583:524:599:585:522:600:542:600:601:602:605:479:603:574:602:604:491:543:604:586:530:599:587:605:271:603:606:598:38:557:311:607:49:588:575:523:604:433:607
29,6,601,0,6590,43:1:2:21:2:4:5:6:7:4:8:5:1:9:10:3:10:12:11:13:12:14:9:8:15:16:17:15:18:19:20:19:81:22:48:36:23:18:14:20:24:4:16:6:25:12:13:26:0:28:131:25:29:29:20:30:45:24:26:31:32:7:33:17:28:33:32:30:23:4:34:21:16:34:35:32:36:35:22:0:37:38:31:30:38:23:39:39:37:40:41:7:42:43:2:38:11:41:33:44:3:19:0:46:47:45:48:49:31:50:10:50:49:44:51:13:34:47:52:51:53:54:55:36:53:56:57:28:48:94:93:42:60:49:61:61:62:63:55:64:65:54:52:62:43:64:93:66:67:1:73:67:68:60:46:69:57:65:70:35:69:22:71:8:60:71:72:56:40:68:29:63:42:74:66:74:65:75:37:43:76:75:77:81:45:78:77:76:72:79:61:80:79:11:82:83:84:84:64:79:70:85:86:85:80:81:86:80:73:87:83:63:69:55:88:89:78:90:88:91:67:91:89:14:70:78:81:88:94:46:95:92:82:5:52:44:55:96:87:95:97:96:66:97:72:50:98:17:136:99:100:101:102:103:82:104:25:103:101:105:106:103:73:107:105:104:108:98:109:108:51:109:39:100:27:15:110:71:107:111:112:113:114:54:115:116:102:110:83:116:94:114:36:107:117:118:68:119:77:120:113:112:58:120:115:121:122:122:119:111:62:90:117:123:121:115:99:124:125:126:118:41:47:124:127:126:128:129:130:29:130:131:122:132:125:133:123:117:133:127:18:126:129:128:34:132:109:19:134:97:135:58:134:137:135:138:109:96:139:127:78:140:141:31:142:140:143:137:130:101:141:142:144:145:136:146:129:91:146:139:27:84:119:147:144:138:312:149:150:147:312:95:151:53:151:123:127:120:125:87:152:153:41:153:145:152:149:100:149:39:154:155:150:156:157:107:156:133:155:128:136:158:154:157:75:158:93:159:142:160:143:146:161:162:163:164:162:161:59:160:165:166:150:163:159:112:167:153:168:169:58:124:169:168:170:89:6:84:131:56:171:172:172:137:156:89:167:171:173:170:174:173:175:174:165:159:176:166:140:177:175:164:178:176:121:177:178:179:180:180:181:181:182:158:183:26:134:184:179:175:185:116:186:186:180:95:187:173:185:184:17:220:139:187:189:190:191:150:24:113:192:182:191:179:193:191:134:105:194:110:138:189:183:67:186:195:194:196:197:190:27:132:197:198:195:199:143:74:184:106:177:155:196:200:193:152:192:181:144:57:183:201:141:138:202:200:51:203:391:199:189:205:205:104:206:160:207:207:208:201:168:203:198:171:209:210:6:211:2:111:172:208:211:200:209:164:212:202:213:194:212:214:214:3:193:167:210:206:170:114:201:137:135:168:215:147:122:161:188:169:213:216:217:217:85:153:55:218:219:220:151:216:192:22:221:220:219:221:165:195:222:223:224:223:224:221:163:222:215:174:216:182:184:225:226:227:218:228:229:228:226:155:218:210:230:123:225:136:231:50:74:224:232:231:212:230:197:102:233:77:98:234:234:235:234:236:221:237:238:154:88:236:199:239:118:208:240:237:232:241:240:241:242:232:239:235:233:27:223:219:5:243:133:243:215:230:242:76:108:227:244:226:245:244:246:222:228:247:248:246:145:235:249:250:247:251:249:252:135:225:253:251:248:229:40:250:252:110:249:209:166:97:176:253:231:240:242:254:255:245:256:257:255:258:185:259:256:254:258:257:260:21:261:360:162:263:264:178:265:259:213:263:261:238:266:259:267:211:254:260:248:265:268:252:268:269:270:264:271:272:243:9:57:193:196:273:269:271:267:227:274:275:276:277:276:275:278:279:272:270:273:274:280:281:282:86:71:283:277:268:284:278:285:239:282:116:286:246:247:149:287:274:286:284:270:278:220:267:266:202:288:289:287:290:260:180:92:281:285:169:292:289:290:291:279:293:108:294:284:206:245:283:295:294:296:121:91:190:292:297:273:298:162:299:300:286:301:288:157:295:302:231:303:300:69:283:297:301:271:293:260:219:277:265:304:305:304:261:205:298:306:292:188:308:302:309:291:305:205:237:295:308:287:296:191:310:311:24:198:311:313:309:314:315:142:316:266:250:313:314:317:306:314:92:298:230:299:253:14:303:111:158:318:289:309:257:238:317:320:321:320:113:299:316:317:315:321:318:322:267:60:323:323:323:203:157:324:325:326:251:68:310:327:319:324:328:104:305:325:288:328:329:285:330:322:294:331:331:332:333:332:334:335:336:337:338:334:339:222:339:321:340:335:333:341:340:338:330:329:342:214:229:342:343:335:282:336:307:235:337:72:326:327:344:345:346:347:269:345:341:348:349:349:85:346:350:348:351:351:343:352:241:255:299:342:310:353:344:1:115:354:349:301:23:350:339:264:352:315:355:355:353:279:356:328:335:65:347:357:356:318:358:357:359:354:354:337:83:327:360:199:361:362:363:311:364:365:361:363:359:355:364:366:367:368:332:360:102:369:365:358:366:252:338:370:371:272:206:368:372:369:373:370:374:25:374:297:375:343:376:262:100:263:273:362:371:8:377:378:245:376:375:377:363:373:333:367:368:378:126:372:52:276:376:311:345:379:380:370:284:381:382:225:313:383:344:377:383:307:384:385:381:296:386:362:262:129:207:359:381:379:322:387:319:233:244:258:388:342:389:213:380:329:387:356:389:382:16:390:310:366:388:390:347:176:274:346:391:385:306:392:393:386:58:394:304:371:395:395:367:280:396:396:229:357:392:256:397:397:320:376:54:316:398:399:400:393:401:163:402:400:403:350:365:391:399:404:398:290:394:405:0:406:326:404:375:406:402:361:28:403:401:407:385:341:408:124:336:409:410:411:379:372:281:297:398:408:351:18:412:407:413:409:412:399:118:401:380:218:331:377:348:400:386:414:400:415:414:356:416:415:416:99:417:353:418:373:351:418:106:330:420:350:410:411:421:417:262:422:212:382:423:424:413:275:402:425:420:303:308:425:427:161:112:410:283:406:423:428:429:254:302:429:329:393:421:10:265:430:194:99:387:424:397:352:428:358:431:427:432:228:420:258:430:433:434:241:434:422:431:234:433:468:277:432:383:436:437:384:438:383:384:439:198:440:440:425:417:441:415:442:15:443:423:444:445:437:443:441:443:399:185:321:446:438:447:447:448:427:265:441:447:445:444:389:413:446:449:450:408:451:452:247:407:300:364:434:436:439:453:411:454:454:275:340:453:455:456:179:427:422:451:465:293:450:455:456:442:457:458:449:187:403:459:448:448:416:454:459:421:460:392:460:236:462:457:463:419:464:462:464:465:466:463:409:421:442:458:369:465:466:280:467:227:437:424:468:469:470:415:436:469:471:418:439:203:472:455:103:370:414:353:452:168:429:472:440:473:378:470:474:475:468:473:474:476:477:449:314:478:450:479:480:481:324:304:482:478:483:475:476:479:481:484:485:444:480:201:432:486:388:485:446:471:458:480:482:59:119:488:467:489:483:477:445:490:182:433:489:348:490:491:491:484:492:426:303:454:477:405:492:498:494:495:347:495:209:491:170:44:328:446:488:496:494:497:369:306:226:486:209:496:486:164:396:482:419:499:500:501:487:590:207:488:438:497:501:476:500:504:505:390:471:504:506:462:503:507:507:508:509:506:154:412:505:510:510:131:475:368:481:508:511:512:498:181:509:466:428:513:512:514:105:484:514:515:431:513:470:93:64:515:47:397:516:517:518:512:459:506:53:517:216:516:419:507:499:519:451:520:499:521:12:334:522:495:520:523:490:460:291:518:405:525:217:511:515:525:590:90:467:463:519:528:521:520:529:530:325:531:532:485:373:529:464:533:532:500:144:533:374:487:276:534:529:452:531:479:535:530:523:528:80:536:322:516:355:95:537:538:534:467:537:522:539:540:539:535:541:249:96:541:540:538:521:518:532:542:543:544:536:542:543:522:425:312:533:496:531:545:388:513:490:544:546:141:545:546:547:465:548:539:499:401:549:152:293:29:549:550:302:394:551:404:552:552:553:554:483:552:175:437:549:550:379:472:555:554:555:544:493:319:547:557:553:480:489:558:548:550:555:197:556:272:559:559:560:561:562:560:546:492:503:563:562:557:560:558:561:564:551:565:537:559:510:535:563:464:566:540:567:30:564:239:568:323:390:568:567:569:498:570:204:494:504:572:440:389:536:566:519:572:573:204:565:574:145:501:566:474:478:574:575:493:576:575:577:576:563:469:577:578:448:573:551:395:508:569:576:579:580:580:509:573:581:579:582:420:583:211:584:570:585:430:456:581:453:586:587:561:554:588:582:120:525:589:528:572:341:73:578:556:589:578:511:591:577:592:588:591:593:593:497:565:586:457:592:343:594:66:538:595:584:80:167:595:505:594:585:526:541:596:576:594:596:426:320:598:426:584:586:583:524:599:585:522:600:542:600:601:602:605:479:603:574:602:604:491:543:604:586:530:599:587:605:271:603:606:598:38:557:311:607:49:588:575:523:604:433:607
31,7,601,0,6589,43:1:2:21:2:4:5:6:7:4:8:5:1:9:10:3:10:12:11:13:12:14:9:8:15:16:17:15:18:19:20:19:81:22:48:36:23:18:14:20:24:4:16:6:25:12:13:26:0:28:131:25:29:29:20:30:45:24:26:31:32:7:33:17:28:33:32:30:23:4:34:21:16:34:35:32:36:35:22:0:37:38:31:30:38:23:39:39:37:40:41:7:42:43:2:38:11:41:33:44:3:19:0:46:47:45:48:49:31:50:10:50:49:44:51:13:34:47:52:51:53:54:55:36:53:56:57:28:48:94:93:42:60:49:61:61:62:63:55:64:65:54:52:62:43:64:93:66:67:1:73:67:68:60:46:69:57:65:70:35:69:22:71:8:60:71:72:56:40:68:29:63:42:74:66:74:65:75:37:43:76:75:77:81:45:78:77:76:72:79:61:80:79:11:82:83:84:84:64:79:70:85:86:85:80:81:86:80:73:87:83:63:69:55:88:89:78:90:88:91:67:91:89:14:70:78:81:88:94:46:95:92:82:5:52:44:55:96:87:95:97:96:66:97:72:50:98:17:136:99:100:101:102:103:82:104:25:103:101:105:106:103:73:107:105:104:108:98:109:108:51:109:39:100:27:15:110:71:107:111:112:113:114:54:115:116:102:110:83:116:94:114:36:107:117:118:68:119:77:120:113:112:58:120:115:121:122:122:119:111:62:90:117:123:121:115:99:124:125:126:118:41:47:124:127:126:128:129:130:29:130:131:122:132:125:133:123:117:133:127:18:126:129:128:34:132:109:19:134:97:135:58:134:137:135:138:109:96:139:127:78:140:141:31:142:140:143:137:130:101:141:142:144:145:136:146:129:91:146:139:27:84:119:147:144:138:312:149:150:147:312:95:151:53:151:123:127:120:125:87:152:153:41:153:145:152:149:100:149:39:154:155:150:156:157:107:156:133:155:128:136:158:154:157:75:158:93:159:142:160:143:146:161:162:163:164:162:161:59:160:165:166:150:163:159:112:167:153:168:169:58:124:169:168:170:89:6:84:131:56:171:172:172:137:156:89:167:171:173:170:174:173:175:174:165:159:176:166:140:177:175:164:178:176:121:177:178:179:180:180:181:181:182:158:183:26:134:184:179:175:185:116:186:186:180:95:187:173:185:184:17:220:139:187:189:190:191:150:24:113:192:182:191:179:193:191:134:105:194:110:138:189:183:67:186:195:194:196:197:190:27:132:197:198:195:199:143:74:184:106:177:155:196:200:193:152:192:181:144:57:183:201:141:138:202:200:51:203:391:199:189:205:205:104:206:160:207:207:208:201:168:203:198:171:209:210:6:211:2:111:172:208:211:200:209:164:212:202:213:194:212:214:214:3:193:167:210:206:170:114:201:137:135:168:215:147:122:161:188:169:213:216:217:217:85:153:55:218:219:220:151:216:192:22:221:220:219:221:165:195:222:223:224:223:224:221:163:222:215:174:216:182:184:225:226:227:218:228:229:228:226:155:218:210:230:123:225:136:231:50:74:224:232:231:212:230:197:102:233:77:98:234:234:235:234:236:221:237:238:154:88:236:199:239:118:208:240:237:232:241:240:241:242:232:239:235:233:27:223:219:5:243:133:243:215:230:242:76:108:227:244:226:245:244:246:222:228:247:248:246:145:235:249:250:247:251:249:252:135:225:253:251:248:229:40:250:252:110:249:209:166:97:176:253:231:240:242:254:255:245:256:257:255:258:185:259:256:254:258:257:260:21:261:360:162:263:264:178:265:259:213:263:261:238:266:259:267:211:254:260:248:265:268:252:268:269:270:264:271:272:243:9:57:193:196:273:269:271:267:227:274:275:276:277:276:275:278:279:272:270:273:274:280:281:282:86:71:283:277:268:284:278:285:239:282:116:286:246:247:149:287:274:286:284:270:278:220:267:266:202:288:289:287:290:260:180:92:281:285:169:292:289:290:291:279:293:108:294:284:206:245:283:295:294:296:121:91:190:292:297:273:298:162:299:300:286:301:288:157:295:302:231:303:300:69:283:297:301:271:293:260:219:277:265:304:305:304:261:205:298:306:292:188:308:302:309:291:305:205:237:295:308:287:296:191:310:311:24:198:311:313:309:314:315:142:316:266:250:313:314:317:306:314:92:298:230:299:253:14:303:111:158:318:289:309:257:238:317:320:321:320:113:299:316:317:315:321:318:322:267:60:323:323:323:203:157:324:325:326:251:68:310:327:319:324:328:104:305:325:288:328:329:285:330:322:294:331:331:332:333:332:334:335:336:337:338:334:339:222:339:321:340:335:333:341:340:338:330:329:342:214:229:342:343:335:282:336:188:235:337:72:326:327:344:345:346:347:269:345:341:348:349:349:85:346:350:348:351:351:343:352:241:255:299:342:310:353:344:1:115:354:349:301:23:350:339:264:352:315:355:355:353:279:356:328:335:65:347:357:356:318:358:357:359:354:354:337:83:327:360:199:361:362:363:311:364:365:361:363:359:355:364:366:367:368:332:360:102:369:365:358:366:252:338:370:371:272:206:368:372:369:373:370:374:25:374:297:375:343:376:262:100:263:273:362:371:8:377:378:245:376:375:377:363:373:333:367:368:378:126:372:52:276:376:311:345:379:380:370:284:381:382:225:313:383:344:377:383:262:384:385:381:296:386:362:262:129:207:359:381:379:322:387:319:233:244:258:388:342:389:213:380:329:387:356:389:382:16:390:310:366:388:390:347:176:274:346:391:385:306:392:393:386:58:394:304:371:395:395:367:280:396:396:229:357:392:256:397:397:320:376:54:316:398:399:400:393:401:163:402:400:403:350:365:391:399:404:398:290:394:405:0:406:326:404:375:406:402:361:28:403:401:407:385:341:408:124:336:409:410:411:379:372:281:297:398:408:351:18:412:407:413:409:412:399:118:401:380:218:331:377:348:400:386:414:400:415:414:356:416:415:416:99:417:353:418:373:351:418:106:330:420:350:410:411:421:417:262:307:212:382:423:424:413:275:402:425:420:303:308:425:427:161:112:410:283:406:423:428:429:254:302:429:329:393:421:10:265:430:194:99:387:424:397:352:428:358:431:427:432:228:420:258:430:433:434:241:434:547:431:234:433:468:277:432:383:436:437:384:438:383:384:439:198:440:440:425:417:441:415:442:15:443:423:444:445:437:443:441:443:399:185:321:446:438:447:447:448:427:265:441:447:445:444:389:413:446:449:422:408:451:452:247:407:300:364:434:436:439:453:411:454:454:275:340:453:455:456:179:427:237:451:465:293:422:455:456:442:457:458:449:187:403:459:448:448:416:454:459:421:460:392:460:236:462:457:463:419:464:462:464:465:466:463:409:421:442:458:369:465:466:280:467:227:437:424:468:469:470:415:436:469:471:418:439:203:472:455:103:370:414:353:452:168:429:472:440:473:378:470:474:475:468:473:474:476:477:449:314:478:450:479:480:481:324:304:482:478:483:475:476:479:481:484:485:444:480:201:432:486:388:485:446:471:458:480:482:59:119:488:467:489:483:477:445:490:182:433:489:348:490:491:491:484:492:426:303:454:477:405:492:498:494:495:347:495:209:491:170:44:328:446:488:496:494:497:369:306:226:486:209:496:486:164:396:482:419:499:500:501:487:590:207:488:438:497:501:476:500:504:505:390:471:504:506:462:503:507:507:508:509:506:154:412:505:510:510:131:475:368:481:508:511:512:498:181:509:466:428:513:512:514:105:484:514:515:431:513:470:93:64:515:47:397:516:517:518:512:459:506:53:517:216:516:419:507:499:519:451:520:499:521:12:334:522:495:520:523:490:460:291:518:405:525:217:511:515:525:590:90:467:463:519:528:521:520:529:530:325:531:532:485:373:529:464:533:532:500:144:533:374:487:276:534:529:452:531:479:535:530:523:528:80:536:322:516:355:95:537:538:534:467:537:522:539:540:539:535:541:249:96:541:540:538:521:518:532:542:543:544:536:542:543:522:425:312:533:496:531:545:388:513:490:544:546:141:545:546:547:465:548:539:499:401:549:152:293:29:549:550:302:394:551:404:552:552:553:554:483:552:175:437:549:550:379:472:555:554:555:544:493:319:547:557:553:480:489:558:548:550:555:197:556:272:559:559:560:561:562:560:546:492:503:563:562:557:560:558:561:564:551:565:537:559:510:535:563:464:566:540:567:30:564:239:568:323:390:568:567:569:498:570:204:494:504:572:440:389:536:566:519:572:573:204:565:574:145:501:566:474:478:574:575:493:576:575:577:576:563:469:577:578:448:573:551:395:508:569:576:579:580:580:509:573:581:579:582:420:583:211:584:570:585:430:456:581:453:586:587:561:554:588:582:120:525:589:528:572:341:73:578:556:589:578:511:591:577:592:588:591:593:593:497:565:586:457:592:343:594:66:538:595:584:80:167:595:505:594:585:526:541:596:576:594:596:426:320:598:426:584:586:583:524:599:585:522:600:542:600:601:602:605:479:603:574:602:604:491:543:604:586:530:599:587:605:271:603:606:598:38:557:311:607:49:588:575:523:604:433:607
34,10,600,0,6587,43:1:2:21:2:4:5:6:7:4:8:5:1:9:10:3:10:12:11:13:12:14:9:8:15:16:17:15:18:19:20:19:81:22:48:36:23:18:14:20:24:4:16:6:25:12:13:26:0:28:131:25:29:29:20:30:45:24:26:31:32:7:33:17:28:33:32:30:23:4:34:21:16:34:35:32:36:35:22:0:37:38:31:30:38:23:39:39:37:40:41:7:42:43:2:38:11:41:33:44:3:19:0:46:47:45:48:49:31:50:10:50:49:44:51:13:34:47:52:51:53:54:55:36:53:56:57:28:48:94:93:42:60:49:61:61:62:63:55:64:65:54:52:62:43:64:93:66:67:1:73:67:68:60:46:69:57:65:70:35:69:22:71:8:60:71:72:56:40:68:29:63:42:74:66:74:65:75:37:43:76:75:77:81:45:78:77:76:72:79:61:80:79:11:82:83:84:84:64:79:70:85:86:85:80:81:86:80:73:87:83:63:69:55:88:89:78:90:88:91:67:91:89:14:70:78:81:88:94:46:95:92:82:5:52:44:55:96:87:95:97:96:66:97:72:50:98:17:136:99:100:101:102:103:82:104:25:103:101:105:106:103:73:107:105:104:108:98:109:108:51:109:39:100:27:15:110:71:107:111:112:113:114:54:115:116:102:110:83:116:94:114:36:107:117:118:68:119:77:120:113:112:58:120:115:121:122:122:119:111:62:90:117:123:121:115:99:124:125:126:118:41:47:124:127:126:128:129:130:29:130:131:122:132:125:133:123:117:133:127:18:126:129:128:34:132:109:19:134:97:135:58:134:137:135:138:109:96:139:127:78:140:141:31:142:140:143:137:130:101:141:142:144:145:136:146:129:91:146:139:27:84:119:147:144:138:312:149:150:147:312:95:151:53:151:123:127:120:125:87:152:153:41:153:145:152:149:100:149:39:154:155:150:156:157:107:156:133:155:128:136:158:154:157:75:158:93:159:142:160:143:146:161:162:163:164:162:161:59:160:165:166:150:163:159:112:167:153:168:169:58:124:169:168:170:89:6:84:131:56:171:172:172:137:156:89:167:171:173:170:174:173:175:174:165:159:176:166:140:177:175:164:178:176:121:177:178:179:180:180:181:181:182:158:183:26:134:184:179:175:185:116:186:186:180:95:187:173:185:184:17:220:139:187:189:190:191:150:24:113:192:182:191:179:193:191:134:105:194:110:138:189:183:67:186:195:194:196:197:190:27:132:197:198:195:199:143:74:184:106:177:155:196:200:193:152:192:181:144:57:183:201:141:138:202:200:51:203:391:199:189:205:205:104:206:160:207:207:208:201:168:203:198:171:209:210:6:211:2:111:172:208:211:200:209:164:212:202:213:194:212:214:214:3:193:167:210:206:170:114:201:137:135:168:215:147:122:161:188:169:213:216:217:217:85:153:55:218:219:220:151:216:192:22:221:220:219:221:165:195:222:223:224:223:224:221:163:222:215:174:216:182:184:225:226:227:218:228:229:228:226:155:218:210:230:123:225:136:231:50:74:224:232:231:212:230:197:102:233:77:98:234:234:235:234:236:221:237:238:154:88:236:199:239:118:208:240:237:232:241:240:241:242:232:239:235:233:27:223:219:5:243:133:243:215:230:242:76:108:227:244:226:245:244:246:222:228:247:248:246:145:235:249:250:247:251:249:252:135:225:253:251:248:229:40:250:252:110:249:209:166:97:176:253:231:240:242:254:255:245:256:257:255:258:185:259:256:254:258:257:260:21:261:360:162:263:264:178:265:259:213:263:261:238:266:259:267:211:254:260:248:265:268:252:268:269:270:264:271:272:243:9:57:193:196:273:269:271:267:227:274:275:276:277:276:275:278:279:272:270:273:274:280:281:282:86:71:283:277:268:284:278:285:239:282:116:286:246:247:149:287:274:286:284:270:278:220:267:266:202:288:289:287:290:260:180:92:281:285:169:292:289:290:291:279:293:108:294:284:206:245:283:295:294:296:121:91:190:292:297:273:298:162:299:300:286:301:288:157:295:302:231:303:300:69:283:297:301:271:293:260:219:277:265:304:305:304:261:205:298:306:292:188:308:302:309:291:305:205:237:295:308:287:296:191:310:311:24:198:311:313:309:314:315:142:316:266:250:313:314:317:306:314:92:298:230:299:253:14:303:111:158:318:289:309:257:238:317:320:321:320:113:299:316:317:315:321:318:322:267:60:323:323:323:203:157:324:325:326:251:68:310:327:319:324:328:104:305:325:288:328:329:285:330:322:294:331:331:332:333:332:334:335:336:337:338:334:339:222:339:321:340:335:333:341:340:338:330:329:342:214:229:342:343:335:282:336:188:235:337:72:326:327:344:345:346:347:269:345:341:348:349:349:85:346:350:348:351:351:343:352:241:255:299:342:310:353:344:1:115:354:349:301:23:350:339:264:352:315:355:355:353:279:356:328:335:65:347:357:356:318:358:357:359:354:354:337:83:327:360:199:361:362:363:311:364:365:361:363:359:355:364:366:367:368:332:360:102:369:365:358:366:252:338:370:371:272:206:368:372:369:373:370:374:25:374:297:375:343:376:262:100:263:273:362:371:8:377:378:245:376:375:377:363:373:333:367:368:378:126:372:52:276:376:311:345:379:380:370:284:381:382:225:313:383:344:377:383:262:384:385:381:296:386:362:262:129:207:359:381:379:322:387:319:233:244:258:388:342:389:213:380:329:387:356:389:382:16:390:310:366:388:390:347:176:274:346:391:385:306:392:393:386:58:394:304:371:395:395:367:280:396:396:229:357:392:256:397:397:320:376:54:316:398:399:400:393:401:163:402:400:403:350:365:391:399:404:398:290:394:405:0:406:326:404:375:406:402:361:28:403:401:407:385:341:408:124:336:409:410:411:379:372:281:297:398:408:351:18:412:407:413:409:412:399:118:401:380:218:331:377:348:400:386:414:400:415:414:356:416:415:416:99:417:353:418:373:351:418:106:330:420:350:410:411:421:417:262:307:212:382:423:424:413:275:402:425:420:303:308:425:427:161:112:410:283:406:423:428:429:254:302:429:329:393:421:10:265:430:194:99:387:424:397:352:428:358:431:427:432:228:420:258:430:433:434:241:434:547:431:234:433:468:277:432:383:436:437:384:438:383:384:439:198:440:440:425:417:441:415:442:15:307:423:444:445:437:523:441:450:399:185:321:446:438:447:447:448:427:265:441:447:445:444:389:413:446:449:422:408:451:452:247:407:300:364:434:436:439:453:411:454:454:275:340:453:455:456:179:427:237:451:465:293:422:455:456:442:457:458:449:187:403:459:448:448:416:454:459:421:460:392:460:236:462:457:463:419:464:462:464:465:466:463:409:421:442:458:369:465:466:280:467:227:437:424:468:469:470:415:436:469:471:418:439:203:472:455:103:370:414:353:452:168:429:472:440:473:378:470:474:475:468:473:474:476:477:449:314:478:450:479:480:481:324:304:482:478:483:475:476:479:481:484:485:444:480:201:432:486:388:485:446:471:458:480:482:59:119:488:467:489:483:477:445:490:182:433:489:348:490:491:491:484:492:426:303:454:477:405:492:498:494:495:347:495:209:491:170:44:328:446:488:496:494:497:369:306:226:486:209:496:486:164:396:482:419:499:500:501:487:590:207:488:438:497:501:476:500:504:505:390:471:504:506:462:503:507:507:508:509:506:154:412:505:510:510:131:475:368:481:508:511:512:498:181:509:466:428:513:512:514:105:484:514:515:431:513:470:93:64:515:47:397:516:517:518:512:459:506:53:517:216:516:419:507:499:519:451:520:499:521:12:334:522:495:520:523:490:460:291:518:405:525:217:511:515:525:590:90:467:463:519:528:521:520:529:530:325:531:532:485:373:529:464:533:532:500:144:533:374:487:276:534:529:452:531:479:535:530:523:528:80:536:322:516:355:95:537:538:534:467:537:522:539:540:539:535:541:249:96:541:540:538:521:518:532:542:543:544:536:542:543:522:425:312:533:496:531:545:388:513:490:544:546:141:545:546:547:465:548:539:499:401:549:152:293:29:549:550:302:394:551:404:552:552:553:554:483:552:175:437:549:550:379:472:555:554:555:544:493:319:547:557:553:480:489:558:548:550:555:197:556:272:559:559:560:561:562:560:546:492:503:563:562:557:560:558:561:564:551:565:537:559:510:535:563:464:566:540:567:30:564:239:568:323:390:568:567:569:498:570:204:494:504:572:440:389:536:566:519:572:573:204:565:574:145:501:566:474:478:574:575:493:576:575:577:576:563:469:577:578:448:573:551:395:508:569:576:579:580:580:509:573:581:579:582:420:583:211:584:570:585:430:456:581:453:586:587:561:554:588:582:120:525:589:528:572:341:73:578:556:589:578:511:591:577:592:588:591:593:593:497:565:586:457:592:343:594:66:538:595:584:80:167:595:505:594:585:526:541:596:576:594:596:426:320:598:426:584:586:583:524:599:585:522:600:542:600:601:602:605:479:603:574:602:604:491:543:604:586:530:599:587:605:271:603:606:598:38:557:311:607:49:588:575:523:604:433:607
35,10,600,0,6585,43:1:2:21:2:4:5:6:7:4:8:5:1:9:10:3:10:12:11:13:12:14:9:8:15:16:17:15:18:19:20:19:81:22:48:36:23:18:14:20:24:4:16:6:25:12:13:26:0:28:131:25:29:29:20:30:45:24:26:31:32:7:33:17:28:33:32:30:23:4:34:21:16:34:35:32:36:35:22:0:37:38:31:30:38:23:39:39:37:40:41:7:42:43:2:38:11:41:33:44:3:19:0:46:47:45:48:49:31:50:10:50:49:44:51:13:34:47:52:51:53:54:55:36:53:56:57:28:48:94:93:42:60:49:61:61:62:63:55:64:65:54:52:62:43:64:93:66:67:1:73:67:68:60:46:69:57:65:70:35:69:22:71:8:60:71:72:56:40:68:29:63:42:74:66:74:65:75:37:43:76:75:77:81:45:78:77:76:72:79:61:80:79:11:82:83:84:84:64:79:70:85:86:85:80:81:86:80:73:87:83:63:69:55:88:89:78:90:88:91:67:91:89:14:70:78:81:88:94:46:95:92:82:5:52:44:55:96:87:95:97:96:66:97:72:50:98:17:136:99:100:101:102:103:82:104:25:103:101:105:106:103:73:107:105:104:108:98:109:108:51:109:39:100:27:15:110:71:107:111:112:113:114:54:115:116:102:110:83:116:94:114:36:107:117:118:68:119:77:120:113:112:58:120:115:121:122:122:119:111:62:90:117:123:121:115:99:124:125:126:118:41:47:124:127:126:128:129:130:29:130:131:122:132:125:133:123:117:133:127:18:126:129:128:34:132:109:19:134:97:135:58:134:137:135:138:109:96:139:127:78:140:141:31:142:140:143:137:130:101:141:142:144:145:136:146:129:91:146:139:27:84:119:147:144:138:312:149:150:147:312:95:151:53:151:123:127:120:125:87:152:153:41:153:145:152:149:100:149:39:154:155:150:156:157:107:156:133:155:128:136:158:154:157:75:158:93:159:142:160:143:146:161:162:163:164:162:161:59:160:165:166:150:163:159:112:167:153:168:169:58:124:169:168:170:89:6:84:131:56:171:172:172:137:156:89:167:171:173:170:174:173:175:174:165:159:176:166:140:177:175:164:178:176:121:177:20:179:180:180:181:181:182:158:183:26:134:184:179:175:185:116:186:186:180:95:187:173:185:184:17:220:139:187:189:190:191:150:24:113:192:182:191:179:193:191:134:105:194:110:138:189:183:67:186:195:194:196:197:190:27:132:197:198:195:199:143:74:184:106:177:155:196:200:193:152:192:181:144:57:183:201:141:138:202:200:51:203:391:199:189:205:205:104:206:160:207:207:208:201:168:203:198:171:209:210:6:211:2:111:172:208:211:200:209:164:212:202:213:194:212:214:214:3:193:167:210:206:170:114:201:137:135:168:215:147:122:161:188:169:213:216:217:217:85:153:55:218:219:220:151:216:192:22:221:220:219:221:165:195:222:223:224:223:224:221:163:222:215:174:216:182:184:225:226:227:218:228:229:228:226:155:218:210:230:123:225:136:231:50:74:224:232:231:212:230:197:102:233:77:98:234:234:235:234:236:221:237:238:154:88:236:199:239:118:208:240:237:232:241:240:241:242:232:239:235:233:27:223:219:5:243:133:243:215:230:242:76:108:227:244:226:245:244:246:222:228:247:248:246:145:235:249:250:247:251:249:252:135:225:253:251:248:229:40:250:252:110:249:209:166:97:176:253:231:240:242:254:255:245:256:257:255:258:185:259:256:254:258:257:260:21:261:360:162:263:264:178:265:259:213:263:261:238:266:259:267:211:254:260:248:265:268:252:268:269:270:264:271:272:243:9:57:193:196:273:269:271:267:227:274:275:276:277:276:275:278:279:272:270:273:274:280:281:282:86:71:283:277:268:284:278:285:239:282:116:286:246:247:149:287:274:286:284:270:278:220:267:266:202:288:289:287:290:260:180:92:281:285:169:292:289:290:291:279:293:108:294:284:206:245:283:295:294:296:121:91:190:292:297:273:298:162:299:300:286:301:288:157:295:302:231:303:300:69:283:297:301:271:293:260:219:277:265:304:305:304:261:205:86:306:292:188:308:302:309:291:305:205:237:295:308:287:296:191:310:311:24:198:311:313:309:314:315:142:316:266:250:313:314:317:306:314:92:298:230:299:253:14:303:111:158:318:289:309:257:238:317:320:321:320:113:299:316:317:315:321:318:322:267:60:323:323:323:203:157:324:325:326:251:68:310:327:319:324:328:104:305:325:288:328:329:285:330:322:294:331:331:332:333:332:334:335:336:337:338:334:339:222:339:321:340:335:333:341:340:338:330:329:342:214:229:342:343:335:282:336:188:235:337:72:326:327:344:345:346:347:269:345:341:348:349:349:85:346:350:348:351:351:343:352:241:255:299:342:310:353:344:1:115:354:349:301:23:350:339:264:352:315:355:355:353:279:356:328:335:65:347:357:356:318:358:357:359:354:354:337:83:327:360:199:361:362:363:311:364:365:361:363:359:355:364:366:367:368:332:360:102:369:365:358:366:252:338:370:371:272:206:368:372:369:373:370:374:25:374:297:375:343:376:262:100:263:273:362:371:8:377:378:245:376:375:377:363:373:333:367:368:378:126:372:52:276:376:311:345:379:380:370:284:381:382:225:313:383:344:377:383:262:384:385:381:296:386:362:262:129:207:359:381:379:322:387:319:233:244:258:388:342:389:213:380:329:387:356:389:382:16:390:310:366:388:390:347:176:274:346:391:385:306:392:393:386:58:394:304:371:395:395:367:280:396:396:229:357:392:256:397:397:320:376:54:316:398:399:400:393:401:163:402:400:403:350:365:391:399:404:398:290:394:405:0:406:326:404:375:406:402:361:28:403:401:407:385:341:408:124:336:298:410:411:379:372:281:297:398:408:351:18:412:407:413:178:412:399:118:401:380:218:331:377:348:400:386:414:400:415:414:356:416:415:416:99:417:353:418:373:351:418:106:330:420:350:410:411:421:417:262:307:212:382:423:424:413:275:402:425:420:303:308:425:427:161:112:410:283:406:423:428:429:254:302:429:329:393:421:10:265:430:194:99:387:424:397:352:428:358:431:427:432:228:420:258:430:433:434:241:434:547:431:234:433:468:277:432:383:436:437:384:438:383:384:439:198:440:440:425:417:441:415:442:15:307:423:444:445:437:523:441:450:399:185:321:446:438:447:447:448:427:265:441:447:445:444:389:413:446:449:422:408:451:452:247:407:300:364:434:436:439:453:411:454:454:275:340:453:455:456:179:427:237:451:465:293:422:455:456:442:457:458:449:187:403:459:448:448:416:454:459:421:460:392:460:236:462:457:463:419:464:462:464:465:466:463:409:421:442:458:369:465:466:280:467:227:437:424:468:469:470:415:436:469:471:418:439:203:472:455:103:370:414:353:452:168:429:472:440:473:378:470:474:475:468:473:474:476:477:449:314:478:450:479:480:481:324:304:482:478:483:475:476:479:481:484:485:444:480:201:432:486:388:485:446:471:458:480:482:59:119:488:467:489:483:477:445:490:182:433:489:348:490:491:491:484:492:426:303:454:477:405:492:498:494:495:347:495:209:491:170:44:328:446:488:496:494:497:369:306:226:486:209:496:486:164:396:482:419:499:500:501:487:590:207:488:438:497:501:476:500:504:505:390:471:504:506:462:503:507:507:508:509:506:154:412:505:510:510:131:475:368:481:508:511:512:498:181:509:466:428:513:512:514:105:484:514:515:431:513:470:93:64:515:47:397:516:517:518:512:459:506:53:517:216:516:419:507:499:519:451:520:499:521:12:334:522:495:520:523:490:460:291:518:405:525:217:511:515:525:590:90:467:463:519:528:521:520:529:530:325:531:532:485:373:529:464:533:532:500:144:533:374:487:276:534:529:452:531:479:535:530:523:528:80:536:322:516:355:95:537:538:534:467:537:522:539:540:539:535:541:249:96:541:540:538:521:518:532:542:543:544:536:542:543:522:425:312:533:496:531:545:388:513:490:544:546:141:545:546:547:465:548:539:499:401:549:152:293:29:549:550:302:394:551:404:552:552:553:554:483:552:175:437:549:550:379:472:555:554:555:544:493:319:547:557:553:480:489:558:548:550:555:197:556:272:559:559:560:561:562:560:546:492:503:563:562:557:560:558:561:564:551:565:537:559:510:535:563:464:566:540:567:30:564:239:568:323:390:568:567:569:498:570:204:494:504:572:440:389:536:566:519:572:573:204:565:574:145:501:566:474:478:574:575:493:576:575:577:576:563:469:577:578:448:573:551:395:508:569:576:579:580:580:509:573:581:579:582:420:583:211:584:570:585:430:456:581:453:586:587:561:554:588:582:120:525:589:528:572:341:73:578:556:589:578:511:591:577:592:588:591:593:593:497:565:586:457:592:343:594:66:538:595:584:80:167:595:505:594:585:526:541:596:576:594:596:426:320:598:426:584:586:583:524:599:585:522:600:542:600:601:602:605:479:603:574:602:604:491:543:604:586:530:599:587:605:271:603:606:598:38:557:311:607:49:588:575:523:604:433:607
38,12,600,0,6583,43:1:2:21:2:4:5:6:7:4:8:5:1:9:10:3:10:12:11:13:12:14:9:8:15:16:17:15:18:19:20:19:81:22:48:36:23:18:14:20:24:4:16:6:25:12:13:26:0:28:131:25:29:29:20:30:45:24:26:31:32:7:33:17:28:33:32:30:23:4:34:21:16:34:35:32:36:35:22:0:37:38:31:30:38:23:39:39:37:40:41:7:42:43:2:38:11:41:33:44:3:19:0:46:47:45:48:49:31:50:10:50:49:44:51:13:34:47:52:51:53:54:55:36:53:56:57:28:48:94:93:42:60:49:61:61:62:63:55:64:65:54:52:62:43:64:93:66:67:1:73:67:68:60:46:69:57:65:70:35:69:22:71:8:60:71:72:56:40:68:29:63:42:74:66:74:65:75:37:43:76:75:77:81:45:78:77:76:72:79:61:80:79:11:82:83:84:84:64:79:70:85:86:85:80:81:86:80:73:87:83:63:69:55:88:89:78:90:88:91:67:91:89:14:70:78:81:88:94:46:95:92:82:5:52:44:55:96:87:95:97:96:66:97:72:50:98:17:136:99:100:101:102:103:82:104:25:103:101:105:106:103:73:107:105:104:108:98:109:108:51:109:39:100:27:15:110:71:107:111:112:113:114:54:115:116:102:110:83:116:94:114:36:107:117:118:68:119:77:120:113:112:58:120:115:121:122:122:119:111:62:90:117:123:121:115:99:124:125:126:118:41:47:124:127:126:128:129:130:29:130:131:122:132:125:133:123:117:133:127:18:126:129:128:34:132:109:19:134:97:135:58:134:137:135:138:109:96:139:127:78:140:141:31:142:140:143:137:130:101:141:142:144:145:136:146:129:91:146:139:27:84:119:147:144:138:312:149:150:147:312:95:151:53:151:123:127:120:125:87:152:153:41:153:145:152:149:100:149:39:154:155:150:156:157:107:156:133:155:128:136:158:154:157:75:158:93:159:142:160:143:146:161:162:163:164:162:161:59:160:165:166:150:163:159:112:167:153:168:169:58:124:169:168:170:89:6:84:131:56:171:172:172:137:156:89:167:171:173:170:174:173:175:174:165:159:176:166:140:177:175:164:178:176:121:177:20:179:180:180:181:181:182:158:183:26:134:184:179:175:185:116:186:186:180:95:187:173:185:184:17:220:139:187:189:190:191:150:24:113:192:182:191:179:193:191:134:105:194:110:138:189:183:67:186:195:194:196:197:190:27:132:197:198:195:199:143:74:184:106:177:155:196:200:193:152:192:181:144:57:183:201:141:138:202:200:51:203:391:199:189:205:205:104:206:160:207:207:208:201:168:203:198:171:209:210:6:211:2:111:172:208:211:200:209:164:212:202:213:194:212:214:214:3:193:167:210:206:170:114:201:137:135:168:215:147:122:161:188:169:213:216:217:217:85:153:55:218:219:220:151:216:192:22:221:220:219:221:165:195:222:223:224:223:224:221:163:222:215:174:216:182:184:225:226:227:218:228:229:228:226:155:218:210:230:123:225:136:231:50:74:224:232:231:212:230:197:102:233:77:98:234:234:235:234:236:221:237:238:154:88:236:199:239:118:208:240:237:232:241:240:241:242:232:239:235:233:27:223:219:5:243:133:243:215:230:242:76:108:227:244:226:245:244:246:222:228:247:248:246:145:235:249:250:247:251:249:252:135:225:253:251:248:229:40:250:252:110:249:209:166:97:176:253:231:240:242:254:255:245:256:257:255:258:185:259:256:254:258:257:260:21:261:360:162:263:264:178:265:259:213:263:261:238:266:259:267:211:254:260:248:265:268:252:268:269:270:264:271:272:243:9:57:193:196:273:269:271:267:227:274:275:276:277:276:275:278:279:272:270:273:274:280:281:282:86:71:283:277:268:284:278:285:239:282:116:286:246:247:149:287:274:286:284:270:278:220:267:266:202:288:289:287:290:260:180:92:281:285:169:292:289:290:291:279:293:108:294:284:206:245:283:295:294:296:121:91:190:292:297:273:298:162:299:300:286:301:288:157:295:302:231:303:300:69:283:297:301:271:293:260:219:277:265:304:305:304:261:205:86:306:292:188:308:302:309:291:305:205:237:295:308:287:296:191:310:311:24:198:311:313:309:314:315:142:316:266:250:313:314:317:306:314:92:298:230:299:253:14:303:111:158:318:289:309:257:238:317:320:321:320:113:299:316:317:315:321:318:322:267:60:323:323:323:203:157:324:325:326:251:68:310:327:319:324:328:104:305:325:288:328:329:285:330:322:294:331:331:332:333:332:334:335:336:337:338:334:339:222:339:321:340:335:333:341:340:338:330:329:342:214:229:342:343:335:282:336:188:235:337:72:326:327:344:345:346:347:269:345:341:348:349:349:85:346:350:348:351:351:343:352:241:255:299:342:310:353:344:1:115:354:349:301:23:350:339:264:352:315:355:355:353:279:356:328:335:65:347:357:356:318:358:357:359:354:354:337:83:327:360:199:361:362:363:311:364:365:361:363:359:355:364:366:367:368:332:360:102:369:365:358:366:252:338:370:371:272:206:368:372:369:373:370:374:25:374:297:375:343:376:262:100:263:273:362:371:8:377:378:245:376:375:377:363:373:333:367:368:378:126:372:52:276:376:311:345:379:380:370:284:381:382:225:313:383:344:377:383:262:384:385:381:296:386:362:262:129:207:359:381:379:322:387:319:233:244:258:388:342:389:213:380:329:387:356:389:382:16:390:310:366:388:390:347:176:274:346:391:385:306:392:393:386:58:394:304:371:395:395:367:280:396:396:229:357:392:256:397:397:320:376:54:316:398:399:400:393:401:163:402:400:403:350:365:391:399:404:398:290:394:405:0:406:326:404:375:406:402:361:28:403:401:407:385:341:408:124:336:298:410:411:379:372:281:297:398:408:351:18:412:407:413:178:412:399:118:401:380:218:331:377:348:400:386:414:400:415:414:356:416:415:416:99:417:353:418:373:351:418:106:330:420:350:410:411:421:417:262:307:212:382:423:424:413:275:402:425:420:303:308:425:427:161:112:410:283:406:423:428:429:254:302:429:329:393:421:10:265:430:194:99:387:424:397:352:428:358:431:427:432:228:420:258:430:433:434:241:434:547:431:234:433:468:277:432:383:436:437:384:438:383:384:439:198:440:440:425:417:441:415:442:15:307:423:444:445:437:523:441:450:399:185:321:446:438:447:447:448:427:265:441:447:445:444:389:413:446:449:422:408:451:452:247:407:300:364:434:436:439:453:411:454:454:275:340:453:455:456:179:427:237:451:465:293:422:455:456:442:457:458:449:187:403:459:448:448:416:454:459:421:460:392:460:236:462:457:463:419:464:462:464:465:466:463:409:421:442:458:369:465:466:280:467:227:437:424:468:469:470:415:436:469:471:418:439:203:472:455:103:370:414:353:452:168:429:472:440:473:378:470:474:475:468:473:474:476:477:449:314:478:450:479:480:481:324:304:482:478:483:475:476:479:481:484:494:444:480:201:432:486:388:485:446:471:458:480:482:59:119:488:467:489:483:477:445:490:182:433:489:348:490:491:491:484:492:426:303:454:477:405:492:498:494:495:347:495:209:491:170:44:328:446:488:496:494:497:369:306:226:486:209:496:486:164:396:482:419:499:500:501:487:590:207:488:438:497:501:476:500:504:505:390:471:504:506:462:503:507:507:508:509:506:154:412:505:510:510:131:475:368:481:508:511:512:498:181:509:466:428:513:512:514:105:484:514:515:431:513:470:93:64:515:47:397:516:517:518:512:459:506:53:517:216:516:419:507:499:519:451:520:499:521:12:334:522:495:520:523:490:460:291:518:405:525:217:511:515:525:590:90:467:463:519:528:521:520:529:530:325:531:532:188:373:529:464:533:532:500:144:533:374:487:276:534:529:452:531:479:535:530:523:528:80:536:322:516:355:95:537:485:534:467:537:522:539:540:539:535:541:249:96:541:540:255:521:518:532:542:543:544:536:542:543:522:425:312:533:496:531:545:388:513:490:544:546:141:545:546:547:465:548:539:499:401:549:152:293:29:549:550:302:394:551:404:552:552:553:554:483:552:175:437:549:550:379:472:555:554:555:544:493:319:547:557:553:480:489:558:548:550:555:197:556:272:559:559:560:561:562:560:546:492:503:563:562:557:560:558:561:564:551:565:537:559:510:535:563:464:566:540:567:30:564:239:568:323:390:568:567:569:498:570:204:494:504:572:440:389:536:566:519:572:573:204:565:574:145:501:566:474:478:574:575:493:576:575:577:576:563:469:577:578:448:573:551:395:508:569:576:579:580:580:509:573:581:579:582:420:583:211:584:570:585:430:456:581:453:586:587:561:554:588:582:120:525:589:528:572:341:73:578:556:589:578:511:591:577:592:588:591:593:593:497:565:586:457:592:343:594:66:538:595:584:80:167:595:505:594:585:526:541:596:576:594:596:426:320:598:426:584:586:583:524:599:585:522:600:542:600:601:602:605:479:603:574:602:604:491:543:604:586:530:599:587:605:271:603:606:598:38:557:311:607:49:588:575:523:604:433:607
39,12,600,0,6582,43:1:2:21:2:4:5:6:7:4:8:5:1:9:10:3:10:12:11:13:12:14:9:8:15:16:17:15:18:19:20:19:81:22:48:36:23:18:14:20:24:4:16:6:25:12:13:26:0:28:131:25:29:29:20:30:45:24:26:31:32:7:33:17:28:33:32:30:23:4:34:21:16:34:35:32:36:35:22:0:37:38:31:30:38:23:39:39:37:40:41:7:42:43:2:38:11:41:33:44:3:19:0:46:47:45:48:49:31:50:10:50:49:44:51:13:34:47:52:51:53:54:55:36:53:56:57:28:48:94:93:42:60:49:61:61:62:63:55:64:65:54:52:62:43:64:93:66:67:1:73:67:68:60:46:69:57:65:70:35:69:22:71:8:60:71:72:56:40:68:29:63:42:74:66:74:65:75:37:43:76:75:77:81:45:78:77:76:72:79:61:80:79:11:82:83:84:84:64:79:70:85:86:85:80:81:86:80:73:87:83:63:69:55:88:89:78:90:88:91:67:91:89:14:70:78:81:88:94:46:95:92:82:5:52:44:55:96:87:95:97:96:66:97:72:50:98:17:136:99:100:101:102:103:82:104:25:103:101:105:106:103:73:107:105:104:108:98:109:108:51:109:39:100:27:15:110:71:107:111:112:113:114:54:115:116:102:110:83:116:94:114:36:107:117:118:68:119:77:120:113:112:58:120:115:121:122:122:119:111:62:90:117:123:121:115:99:124:125:126:118:41:47:124:127:126:128:129:130:29:130:131:122:132:125:133:123:117:133:127:18:126:129:128:34:132:109:19:134:97:135:58:134:137:135:138:109:96:139:127:78:140:141:31:142:140:143:137:130:101:141:142:144:145:136:146:129:91:146:139:27:84:119:147:144:138:312:149:150:147:312:95:151:53:151:123:127:120:125:87:152:153:41:153:145:152:149:100:149:39:154:155:150:156:157:107:156:133:155:128:136:158:154:157:75:158:93:159:142:160:143:146:161:162:163:59:162:161:59:160:165:166:150:163:159:112:167:153:168:169:58:124:169:168:170:89:6:84:131:56:171:172:172:137:156:89:167:171:173:170:174:173:175:174:165:159:176:166:140:177:175:164:178:176:121:177:20:179:180:180:181:181:182:158:183:26:134:184:179:175:185:116:186:186:180:95:187:173:185:184:17:220:139:187:189:190:191:150:24:113:192:182:191:179:193:191:134:105:194:110:138:189:183:67:186:195:194:196:197:190:27:132:197:198:195:199:143:74:184:106:177:155:196:200:193:152:192:181:144:57:183:201:141:138:202:200:51:203:391:199:189:205:205:104:206:160:207:207:208:201:168:203:198:171:209:210:6:211:2:111:172:208:211:200:209:164:212:202:213:194:212:214:214:3:193:167:210:206:170:114:201:137:135:168:215:147:122:161:188:169:213:216:217:217:85:153:55:218:219:220:151:216:192:22:221:220:219:221:165:195:222:223:224:223:224:221:163:222:215:174:216:182:184:225:226:227:218:228:229:228:226:155:218:210:230:123:225:136:231:50:74:224:232:231:212:230:197:102:233:77:98:234:234:235:234:236:221:237:238:154:88:236:199:239:118:208:240:237:232:241:240:241:242:232:239:235:233:27:223:219:5:243:133:243:215:230:242:76:108:227:244:226:245:244:246:222:228:247:248:246:145:235:249:250:247:251:249:252:135:225:253:251:248:229:40:250:252:110:249:209:166:97:176:253:231:240:242:254:255:245:256:257:255:258:185:259:256:254:258:257:260:21:261:360:162:263:264:178:265:259:213:263:261:238:266:259:267:211:254:260:248:265:268:252:268:269:270:264:271:272:243:9:57:193:196:273:269:271:267:227:274:275:276:277:276:275:278:279:272:270:273:274:280:281:282:86:71:283:277:268:284:278:285:239:282:116:286:246:247:149:287:274:286:284:270:278:220:267:266:202:288:289:287:290:260:180:92:281:285:169:292:289:290:291:279:293:108:294:284:206:245:283:295:294:296:121:91:190:292:297:273:298:162:299:300:286:301:288:157:295:302:231:303:300:69:283:297:301:271:293:260:219:277:265:304:305:304:261:205:86:306:292:188:308:302:309:291:305:205:237:295:308:287:296:191:310:311:24:198:311:313:309:314:315:142:316:266:250:313:314:317:306:314:92:298:230:299:253:14:303:111:158:318:289:309:257:238:317:320:321:320:113:299:316:317:315:321:318:322:267:60:323:323:323:203:157:324:325:326:251:68:310:327:319:324:328:104:305:325:288:328:329:285:330:322:294:331:331:332:333:332:334:335:336:337:338:334:339:222:339:321:340:335:333:341:340:338:330:329:342:214:229:342:343:335:282:336:188:235:337:72:326:327:344:345:346:347:269:345:341:348:349:349:85:346:350:348:351:351:343:352:241:255:299:342:310:353:344:1:115:354:349:301:23:350:339:264:352:315:355:355:353:279:356:328:335:65:347:357:356:318:358:357:359:354:354:337:83:327:360:199:361:362:363:311:364:365:361:363:359:355:364:366:367:368:332:360:102:369:365:358:366:252:338:370:371:272:206:368:372:369:373:370:374:25:374:297:375:343:376:262:100:263:273:362:371:8:377:378:245:376:375:377:363:373:333:367:368:378:126:372:52:276:376:311:345:379:380:370:284:381:382:225:313:383:344:377:383:262:384:385:381:296:386:362:262:129:207:359:381:379:322:387:319:233:244:258:388:342:389:213:380:329:387:356:389:382:16:390:310:366:388:390:347:176:274:346:391:385:306:392:393:386:58:394:304:371:395:395:367:280:396:396:229:357:392:256:397:397:320:376:54:316:398:399:400:393:401:163:402:400:403:350:365:391:399:404:398:290:394:405:0:406:326:404:375:406:402:361:28:403:401:407:385:341:408:124:336:298:410:411:379:372:281:297:398:408:351:18:412:407:413:178:412:399:118:401:380:218:331:377:348:400:386:414:400:415:414:356:416:415:416:99:417:353:418:373:351:418:106:330:420:350:410:411:421:417:262:307:212:382:423:424:413:275:402:425:420:303:308:425:427:161:112:410:283:406:423:428:429:254:302:429:329:393:421:10:265:430:194:99:387:424:397:352:428:358:431:427:432:228:420:258:430:433:434:241:434:547:431:234:433:468:277:432:383:436:437:384:438:383:384:439:198:440:440:425:417:441:415:442:15:307:423:444:445:437:523:441:450:399:185:321:446:438:447:447:448:427:265:441:447:445:444:389:413:446:449:422:408:451:452:247:407:300:364:434:436:439:453:411:454:454:275:340:453:455:456:179:427:237:451:465:293:422:455:456:442:457:458:449:187:403:459:448:448:416:454:459:421:460:392:460:236:164:457:463:419:464:462:464:465:466:463:409:421:442:458:369:465:466:280:467:227:437:424:468:469:470:415:436:469:471:418:439:203:472:455:103:370:414:353:452:168:429:472:440:473:378:470:474:475:468:473:474:476:477:449:314:478:450:479:480:481:324:304:482:478:483:475:476:479:481:484:494:444:480:201:432:486:388:485:446:471:458:480:482:59:119:488:467:489:483:477:445:490:182:433:489:348:490:491:491:484:492:426:303:454:477:405:492:498:494:495:347:495:209:491:170:44:328:446:488:496:494:497:369:306:226:486:209:496:486:409:396:482:419:499:500:501:487:590:207:488:438:497:501:476:500:504:505:390:471:504:506:462:503:507:507:508:509:506:154:412:505:510:510:131:475:368:481:508:511:512:498:181:509:466:428:513:512:514:105:484:514:515:431:513:470:93:64:515:47:397:516:517:518:512:459:506:53:517:216:516:419:507:499:519:451:520:499:521:12:334:522:495:520:523:490:460:291:518:405:525:217:511:515:525:590:90:467:463:519:528:521:520:529:530:325:531:532:188:373:529:464:533:532:500:144:533:374:487:276:534:529:452:531:479:535:530:523:528:80:536:322:516:355:95:537:485:534:467:537:522:539:540:539:535:541:249:96:541:540:255:521:518:532:542:543:544:536:542:543:522:425:312:533:496:531:545:388:513:490:544:546:141:545:546:547:465:548:539:499:401:549:152:293:29:549:550:302:394:551:404:552:552:553:554:483:552:175:437:549:550:379:472:555:554:555:544:493:319:547:557:553:480:489:558:548:550:555:197:556:272:559:559:560:561:562:560:546:492:503:563:562:557:560:558:561:564:551:565:537:559:510:535:563:464:566:540:567:30:564:239:568:323:390:568:567:569:498:570:204:494:504:572:440:389:536:566:519:572:573:204:565:574:145:501:566:474:478:574:575:493:576:575:577:576:563:469:577:578:448:573:551:395:508:569:576:579:580:580:509:573:581:579:582:420:583:211:584:570:585:430:456:581:453:586:587:561:554:588:582:120:525:589:528:572:341:73:578:556:589:578:511:591:577:592:588:591:593:593:497:565:586:457:592:343:594:66:538:595:584:80:167:595:505:594:585:526:541:596:576:594:596:426:320:598:426:584:586:583:524:599:585:522:600:542:600:601:602:605:479:603:574:602:604:491:543:604:586:530:599:587:605:271:603:606:598:38:557:311:607:49:588:575:523:604:433:607
42,14,600,0,6581,43:1:2:21:2:4:5:6:7:4:8:5:1:9:10:3:10:12:11:13:12:14:9:8:15:16:17:15:18:19:20:19:81:22:48:36:23:18:14:20:24:4:16:6:25:12:13:26:0:28:131:25:29:29:20:30:45:24:26:31:32:7:33:17:28:33:32:30:23:4:34:21:16:34:35:32:36:35:22:0:37:38:31:30:38:23:39:39:37:40:41:7:42:43:2:38:11:41:33:44:3:19:0:46:47:45:48:49:31:50:10:50:49:44:51:13:34:47:52:51:53:54:55:36:53:56:57:28:48:94:93:42:60:49:61:61:62:63:55:64:65:54:52:62:43:64:93:66:67:1:73:67:68:60:46:69:57:65:70:35:69:22:71:8:60:71:72:56:40:68:29:63:42:74:66:74:65:75:37:43:76:75:77:81:45:78:77:76:72:79:61:80:79:11:82:83:84:84:64:79:70:85:86:85:80:81:86:80:73:87:83:63:69:55:88:89:78:90:88:91:67:91:89:14:70:78:81:88:94:46:95:92:82:5:52:44:55:96:87:95:97:96:66:97:72:50:98:17:136:99:100:101:102:103:82:104:25:103:101:105:106:103:73:107:105:104:108:98:109:108:51:109:39:100:27:15:110:71:107:111:112:113:114:54:115:116:102:110:83:116:94:114:36:107:117:118:68:119:77:120:113:112:58:120:115:121:122:122:119:111:62:90:117:123:121:115:99:124:125:126:118:41:47:124:127:126:128:129:130:29:130:131:122:132:125:133:123:117:133:127:18:126:129:128:34:132:109:19:134:97:135:58:134:137:135:138:109:96:139:127:78:140:141:31:142:140:143:137:130:101:141:142:144:145:136:146:129:91:146:139:27:84:119:147:144:138:312:149:150:147:312:95:151:53:151:123:127:120:125:87:152:153:41:153:145:152:149:100:149:39:154:155:150:156:157:107:156:133:155:128:136:158:154:157:75:158:93:159:142:160:143:146:161:162:163:59:162:161:59:160:165:166:150:163:159:112:167:153:168:169:58:124:169:168:170:89:6:84:131:56:171:172:172:137:156:89:167:171:173:170:174:173:175:174:165:159:176:166:140:177:175:164:178:176:121:177:20:179:180:180:181:181:182:158:183:26:134:184:179:175:185:116:186:186:180:95:187:173:185:184:17:220:139:187:189:190:191:150:24:113:192:182:191:179:193:191:134:105:194:110:138:189:183:67:186:195:194:196:197:190:27:132:197:198:195:199:143:74:184:106:177:155:196:200:193:152:192:181:144:57:183:201:141:138:202:200:51:203:391:199:189:205:205:104:206:160:207:207:208:201:168:203:198:171:209:210:6:211:2:111:172:208:211:200:209:164:212:202:213:194:212:214:214:3:193:167:210:206:170:114:201:137:135:168:215:147:122:161:188:169:213:216:217:217:85:153:55:218:219:220:151:216:192:22:221:220:219:221:165:195:222:223:224:223:224:221:163:222:215:174:216:182:184:225:226:227:218:228:229:228:226:155:218:210:230:123:225:136:231:50:74:224:232:231:212:230:197:102:233:77:98:234:234:235:234:236:221:237:238:154:88:236:199:239:118:208:240:237:232:241:240:241:242:232:239:235:233:27:223:219:5:243:133:243:215:230:242:76:108:227:244:226:245:244:246:222:228:247:248:246:145:235:249:250:247:251:249:252:135:225:253:251:248:229:40:250:252:110:249:209:166:97:176:253:231:240:242:254:255:245:256:257:255:258:185:259:256:254:258:257:260:21:261:360:162:263:264:178:265:259:213:263:261:238:266:259:267:211:254:260:248:265:268:252:268:269:270:264:271:272:243:9:57:193:196:273:269:271:267:227:274:275:276:277:276:275:278:279:272:270:273:274:280:281:282:86:71:283:277:268:284:278:285:239:282:116:286:246:247:149:287:274:286:284:270:278:220:267:266:202:288:289:287:290:260:180:92:281:285:169:292:289:290:291:279:293:108:294:284:206:245:283:295:294:296:121:91:190:292:297:273:298:162:299:300:286:301:288:157:295:302:231:303:300:69:283:297:301:271:293:260:219:277:265:304:305:304:261:205:86:306:292:188:308:302:309:291:305:205:237:295:308:287:296:191:310:311:24:198:311:313:309:314:315:142:316:266:250:313:314:317:306:314:92:298:230:299:253:14:303:111:158:318:289:309:257:238:317:320:321:320:113:299:316:317:315:321:318:322:267:60:323:323:323:203:157:324:325:326:251:68:310:327:319:324:328:104:305:325:288:328:329:285:330:322:294:331:331:332:333:332:334:335:336:337:338:334:339:222:339:321:340:335:333:341:340:338:330:329:342:214:229:342:343:335:282:336:188:235:337:72:326:327:344:345:346:347:269:345:341:348:349:349:85:346:350:348:351:351:343:352:241:255:299:342:310:353:344:1:115:354:349:301:23:350:339:264:352:315:355:355:353:279:356:328:335:65:347:357:356:318:358:357:359:354:354:337:83:327:360:199:361:362:363:311:364:365:361:363:359:355:364:366:367:368:332:360:102:369:365:358:366:252:338:370:371:272:206:368:372:369:373:370:374:25:374:297:375:343:376:262:100:263:273:362:371:8:377:378:245:376:375:377:363:373:333:367:368:378:126:372:52:276:376:311:345:379:380:370:284:381:382:225:313:383:344:377:383:262:384:385:381:296:386:362:262:129:207:359:381:379:322:387:319:233:244:258:388:342:389:213:380:329:387:356:389:382:16:390:310:366:388:390:347:176:274:346:391:385:306:392:393:386:58:394:304:371:395:395:367:280:396:396:229:357:392:256:397:397:320:376:54:316:398:399:400:393:401:163:402:400:403:350:365:391:399:404:398:290:394:405:0:406:326:404:375:406:402:361:28:403:401:407:385:341:408:124:336:298:410:411:379:372:281:297:398:408:351:18:412:407:413:178:412:399:118:401:380:218:331:377:348:400:386:414:400:415:414:356:416:415:416:99:417:353:418:373:351:418:106:330:420:350:410:411:421:417:262:307:212:382:423:424:413:275:402:425:420:303:308:425:427:161:112:410:283:406:423:428:429:254:302:429:329:393:421:10:265:430:194:99:387:424:397:352:428:358:431:427:432:228:420:258:430:433:434:241:434:547:431:234:433:468:277:432:383:436:437:384:438:383:384:439:198:440:440:425:417:441:415:442:15:307:423:450:445:437:523:441:450:399:185:321:446:438:447:447:448:427:265:441:447:445:444:389:413:446:449:422:408:451:452:247:407:300:364:434:436:439:453:411:454:454:275:340:453:455:456:179:427:237:451:465:293:422:455:456:442:457:458:449:187:403:459:448:448:416:454:459:421:460:392:460:236:164:457:463:419:464:462:464:465:466:463:409:421:442:458:369:465:466:280:467:227:437:424:468:469:470:415:436:469:471:418:439:203:472:455:103:370:414:353:452:168:429:472:440:473:378:470:474:475:468:473:474:476:477:449:314:478:422:479:480:481:324:304:482:478:483:475:476:479:481:484:494:444:480:201:432:486:388:485:446:471:458:480:482:59:119:488:467:489:483:477:445:490:182:433:489:348:490:491:491:484:492:426:303:454:477:405:492:498:494:495:347:495:209:491:170:44:328:446:488:496:494:497:369:306:226:486:209:496:486:409:396:482:419:499:500:501:487:590:207:488:438:497:501:476:500:504:505:390:471:504:506:462:503:507:507:508:509:506:154:412:505:510:510:131:475:368:481:508:511:512:498:181:509:466:428:513:512:514:105:484:514:515:431:513:470:93:64:515:47:397:516:517:518:512:459:506:53:517:216:516:419:507:499:519:451:520:499:521:12:334:522:495:520:523:490:460:291:518:405:525:217:511:515:525:590:90:467:463:519:528:521:520:529:530:325:531:532:188:373:529:464:533:532:500:144:533:374:487:276:534:529:452:531:479:535:530:523:528:80:536:322:516:355:95:537:485:534:467:537:522:539:540:539:535:541:249:96:541:540:255:521:518:532:542:543:544:536:542:543:522:425:312:533:496:531:545:388:513:490:544:546:141:545:546:547:465:548:539:499:401:549:152:293:29:549:550:302:394:551:404:552:552:553:554:483:552:175:437:549:550:379:472:555:554:555:544:493:319:547:557:553:480:489:558:548:550:555:197:556:272:559:559:560:561:562:560:546:492:503:563:562:557:560:558:561:564:551:565:537:559:510:535:563:464:566:540:567:30:564:239:568:323:390:568:567:569:498:570:204:494:504:572:440:389:536:566:519:572:573:204:565:574:145:501:566:474:478:574:575:493:576:575:577:576:563:469:577:578:448:573:551:395:508:569:576:579:580:580:509:573:581:579:582:420:583:211:584:570:585:430:456:581:453:586:587:561:554:588:582:120:525:589:528:572:341:73:578:556:589:578:511:591:577:592:588:591:593:593:497:565:586:457:592:343:594:66:538:595:584:80:167:595:505:594:585:526:541:596:576:594:596:426:320:598:426:584:586:583:524:599:585:522:600:542:600:601:602:605:479:603:574:602:604:491:543:604:586:530:599:587:605:271:603:606:598:38:557:311:607:49:588:575:523:604:433:607
44,15,599,0,6580,43:1:2:21:2:4:5:6:7:4:8:5:1:9:10:3:10:12:11:35:12:14:9:8:15:16:17:15:18:19:20:19:81:22:48:36:23:18:14:20:24:4:16:6:25:12:460:26:0:28:131:25:29:29:20:30:45:24:26:31:32:7:33:17:28:33:32:30:23:4:34:21:16:34:35:32:36:35:22:0:37:38:31:30:38:23:39:39:37:40:41:7:42:43:2:38:11:41:33:44:3:19:0:46:47:45:48:49:31:50:10:50:49:44:51:460:34:47:52:51:53:54:55:36:53:56:57:28:48:94:93:42:60:49:61:61:62:63:55:64:65:54:52:62:43:64:93:66:67:1:73:67:68:60:46:69:57:65:70:182:69:22:71:8:60:71:72:56:40:68:29:63:42:74:66:74:65:75:37:43:76:75:77:81:45:78:77:76:72:79:61:80:79:11:82:83:84:84:64:79:70:85:86:85:80:81:86:80:73:87:83:63:69:55:88:89:78:90:88:91:67:91:89:14:70:78:81:88:94:46:95:92:82:5:52:44:55:96:87:95:97:96:66:97:72:50:98:17:136:99:100:101:102:103:82:104:25:103:101:105:106:103:73:107:105:104:108:98:109:108:51:109:39:100:27:15:110:71:107:111:112:113:114:54:115:116:102:110:83:116:94:114:36:107:117:118:68:119:77:120:113:112:58:120:115:121:122:122:119:111:62:90:117:123:121:115:99:124:125:126:118:41:47:124:127:126:128:129:130:29:130:131:122:132:125:133:123:117:133:127:18:126:129:128:34:132:109:19:134:97:135:58:134:137:135:138:109:96:139:127:78:140:141:31:142:140:143:137:130:101:141:142:144:145:136:146:129:91:146:139:27:84:119:147:144:138:312:149:150:147:312:95:151:53:151:123:127:120:125:87:152:153:41:153:145:152:149:100:149:39:154:155:150:156:157:107:156:133:155:128:136:158:154:157:75:158:93:159:142:160:143:146:161:162:163:59:162:161:59:160:165:166:150:163:159:112:167:153:168:169:58:124:169:168:170:89:6:84:131:56:171:172:172:137:156:89:167:171:173:170:174:173:175:174:165:159:176:166:140:177:175:164:178:176:121:177:20:179:180:180:181:181:182:158:183:26:134:184:179:175:185:116:186:186:180:95:187:173:185:184:17:220:139:187:189:190:191:150:24:113:192:90:191:179:193:191:134:105:194:110:138:189:183:67:186:195:194:196:197:190:27:132:197:198:195:199:143:74:184:106:177:155:196:200:193:152:192:181:144:57:183:201:141:138:202:200:51:203:391:199:189:205:205:104:206:160:207:207:208:201:168:203:198:171:209:210:6:211:2:111:172:208:211:200:209:164:212:202:213:194:212:214:214:3:193:167:210:206:170:114:201:137:135:168:215:147:122:161:188:169:213:216:217:217:85:153:55:218:219:220:151:216:192:22:221:220:219:221:165:195:222:223:224:223:224:221:163:222:215:174:216:182:184:225:226:227:218:228:229:228:226:155:218:210:230:123:225:136:231:50:74:224:232:231:212:230:197:102:233:77:98:234:234:235:234:236:221:237:238:154:88:236:199:239:118:208:240:237:232:241:240:241:242:232:239:235:233:27:223:219:5:243:133:243:215:230:242:76:108:227:244:226:245:244:246:222:228:247:248:246:145:235:249:250:247:251:249:252:135:225:253:251:248:229:40:250:252:110:249:209:166:97:176:253:231:240:242:254:255:245:256:257:255:258:185:259:256:254:258:257:260:21:261:360:162:263:264:178:265:259:213:263:261:238:266:259:267:211:254:260:248:265:268:252:268:269:270:264:271:272:243:9:57:193:196:273:269:271:267:227:274:275:276:277:276:275:278:279:272:270:273:274:280:281:282:86:71:283:277:268:284:278:285:239:282:116:286:246:247:149:287:274:286:284:270:278:220:267:266:202:384:289:287:290:260:180:92:281:285:169:292:289:290:291:279:293:108:294:284:206:245:283:295:294:296:121:91:190:292:297:273:298:162:299:300:286:301:288:157:295:302:231:303:300:69:283:297:301:271:293:260:219:277:265:304:305:304:261:205:86:306:292:188:308:302:309:291:305:205:237:295:308:287:296:191:310:311:24:198:311:313:309:314:315:142:316:266:250:313:314:317:306:314:92:298:230:299:253:14:303:111:158:318:289:309:257:238:317:320:321:320:113:299:316:317:315:321:318:322:267:60:323:323:323:203:157:324:325:326:251:68:310:327:319:324:328:104:305:325:288:328:329:285:330:322:294:331:331:332:333:332:334:335:336:337:338:334:339:222:339:321:340:335:333:341:340:338:330:329:342:214:229:342:343:335:282:336:188:235:337:72:326:327:344:345:346:347:269:345:341:348:349:349:85:346:350:348:351:351:343:352:241:255:299:342:310:353:344:1:115:354:349:301:23:350:339:264:352:315:355:355:353:279:356:328:335:65:347:357:356:318:358:357:359:354:354:337:83:327:360:199:361:362:363:311:364:365:361:363:359:355:364:366:367:368:332:360:102:369:365:358:366:252:338:370:371:272:206:368:372:369:373:370:374:25:374:297:375:343:376:262:100:263:273:362:371:8:377:378:245:376:375:377:363:373:333:367:368:378:126:372:52:276:376:311:345:379:380:370:284:381:382:225:106:383:344:377:383:262:384:385:381:296:386:362:262:129:207:359:381:379:322:387:319:233:244:258:388:342:389:213:380:329:387:356:389:382:16:390:310:366:388:390:347:176:274:346:391:385:306:392:393:386:58:394:304:371:395:395:367:280:396:396:229:357:392:256:397:397:320:376:54:316:398:399:400:393:401:163:402:400:403:350:365:391:399:404:398:290:394:405:0:406:326:404:375:406:402:361:28:403:401:407:385:341:408:124:336:298:410:411:379:372:281:297:398:408:351:18:412:407:413:178:412:399:118:401:380:218:331:377:348:400:386:414:400:415:414:356:416:415:416:99:417:353:418:373:351:418:106:330:420:350:410:411:421:417:262:307:212:382:423:424:413:275:402:425:420:303:308:425:427:161:112:410:283:406:423:428:429:254:302:429:329:393:421:10:265:430:194:99:387:424:397:352:428:358:431:427:432:228:420:258:430:433:434:241:434:547:431:234:433:468:277:432:383:436:437:384:438:383:384:439:198:440:440:425:417:441:415:442:15:307:423:450:445:437:523:441:450:399:185:321:446:438:447:447:448:427:265:441:447:445:444:389:413:446:449:422:408:451:452:247:407:300:364:434:436:439:453:411:454:454:275:340:453:455:456:179:427:237:451:465:293:422:455:456:442:457:458:449:187:403:459:448:448:416:454:459:421:59:392:444:236:164:457:463:419:464:462:464:465:466:463:409:421:442:458:369:465:466:280:467:227:437:424:468:469:470:415:436:469:471:418:439:203:472:455:103:370:414:353:452:168:429:472:440:473:378:470:474:475:468:473:474:476:477:449:314:478:422:479:480:481:324:304:482:478:483:475:476:479:481:484:494:444:480:201:432:486:388:485:446:471:458:480:482:59:119:488:467:489:483:477:445:490:182:433:489:348:490:491:491:484:492:426:303:454:477:405:492:498:494:495:347:495:209:491:170:44:328:446:488:496:494:497:369:306:226:486:209:496:486:409:396:482:419:499:500:501:487:590:207:488:438:497:501:476:500:504:505:390:471:504:506:462:503:507:507:508:509:506:154:412:505:510:510:131:475:368:481:508:511:512:498:181:509:466:428:513:512:514:105:484:514:515:431:513:470:93:64:515:47:397:516:517:518:512:459:506:53:517:216:516:419:507:499:519:451:520:499:521:12:334:522:495:520:523:490:313:291:518:405:525:217:511:515:525:590:90:467:463:519:528:521:520:529:530:325:531:532:188:373:529:464:533:532:500:144:533:374:487:276:534:529:452:531:479:535:530:523:528:80:536:322:516:355:95:537:485:534:467:537:522:539:540:539:535:541:249:96:541:540:255:521:518:532:542:543:544:536:542:543:522:425:312:533:496:531:545:388:513:490:544:546:141:545:546:547:465:548:539:499:401:549:152:293:29:549:550:302:394:551:404:552:552:553:554:483:552:175:437:549:550:379:472:555:554:555:544:493:319:547:557:553:480:489:558:548:550:555:197:556:272:559:559:560:561:562:560:546:492:503:563:562:557:560:558:561:564:551:565:537:559:510:535:563:464:566:540:567:30:564:239:568:323:390:568:567:569:498:570:204:494:504:572:440:389:536:566:519:572:573:204:565:574:145:501:566:474:478:574:575:493:576:575:577:576:563:469:577:578:448:573:551:395:508:569:576:579:580:580:509:573:581:579:582:420:583:211:584:570:585:430:456:581:453:586:587:561:554:588:582:120:525:589:528:572:341:73:578:556:589:578:511:591:577:592:588:591:593:593:497:565:586:457:592:343:594:66:538:595:584:80:167:595:505:594:585:526:541:596:576:594:596:426:320:598:426:584:586:583:524:599:585:522:600:542:600:601:602:605:479:603:574:602:604:491:543:604:586:530:599:587:605:271:603:606:598:38:557:311:607:49:588:575:523:604:433:607
46,17,599,0,6579,43:1:2:21:2:4:5:6:7:4:8:5:1:9:10:3:10:12:11:35:12:14:9:8:15:16:17:15:18:19:20:19:81:22:48:36:23:18:14:20:24:4:16:6:25:12:312:26:0:28:131:25:29:29:20:30:45:24:26:31:32:7:33:17:28:33:32:30:23:4:34:21:16:34:35:32:36:35:22:0:37:38:31:30:38:23:39:39:37:40:41:7:42:43:2:38:11:41:33:44:3:19:0:46:47:45:48:49:31:50:10:50:49:44:51:77:34:47:52:51:53:54:55:36:53:56:57:28:48:94:93:42:60:49:61:61:62:63:55:64:65:54:52:62:43:64:93:66:67:1:73:67:68:60:46:69:57:65:70:182:69:22:71:8:60:71:72:56:40:68:29:63:42:74:66:74:65:75:37:43:76:75:77:81:45:78:233:76:72:79:61:80:79:11:82:83:84:84:64:79:70:85:86:85:80:81:86:80:73:87:83:63:69:55:88:89:78:90:88:91:67:91:89:14:70:78:81:88:94:46:95:92:82:5:52:44:55:96:87:95:97:96:66:97:72:50:98:17:136:99:100:101:102:103:82:104:25:103:101:105:106:103:73:107:105:104:108:98:109:108:51:109:39:100:27:15:110:71:107:111:112:113:114:54:115:116:102:110:83:116:94:114:36:107:117:118:68:119:77:120:113:112:58:120:115:121:122:122:119:111:62:90:117:123:121:115:99:124:125:126:118:41:47:124:127:126:128:129:130:29:130:131:122:132:125:133:123:117:133:127:18:126:129:128:34:132:109:19:134:97:135:58:134:137:135:138:109:96:139:127:78:140:141:31:142:140:143:137:130:101:141:142:144:145:136:146:129:91:146:139:27:84:119:147:144:138:312:149:150:147:233:95:151:53:151:123:127:120:125:87:152:153:41:153:145:152:149:100:149:39:154:155:150:156:157:107:156:133:155:128:136:158:154:157:75:158:93:159:142:160:143:146:161:162:163:59:162:161:59:160:165:166:150:163:159:112:167:153:168:169:58:124:169:168:170:89:6:84:131:56:171:172:172:137:156:89:167:171:173:170:174:173:175:174:165:159:176:166:140:177:175:164:178:176:121:177:20:179:180:180:181:181:182:158:183:26:134:184:179:175:185:116:186:186:180:95:187:173:185:184:17:220:139:187:189:190:191:150:24:113:192:90:191:179:193:191:134:105:194:110:138:189:183:67:186:195:194:196:197:190:27:132:197:198:195:199:143:74:184:106:177:155:196:200:193:152:192:181:144:57:183:201:141:138:202:200:51:203:391:199:189:205:205:104:206:160:207:207:208:201:168:203:198:171:209:210:6:211:2:111:172:208:211:200:209:164:212:202:213:194:212:214:214:3:193:167:210:206:170:114:201:137:135:168:215:147:122:161:188:169:213:216:217:217:85:153:55:218:219:220:151:216:192:22:221:220:219:221:165:195:222:223:224:223:224:221:163:222:215:174:216:182:184:225:226:227:218:228:229:228:226:155:218:210:230:123:225:136:231:50:74:224:232:231:212:230:197:102:45:77:98:234:234:235:234:236:221:237:238:154:88:236:199:239:118:208:240:237:232:241:240:241:242:232:239:235:233:27:223:219:5:243:133:243:215:230:242:76:108:227:244:226:245:244:246:222:228:247:248:246:145:235:249:250:247:251:249:252:135:225:253:251:248:229:40:250:252:110:249:209:166:97:176:253:231:240:242:254:255:245:256:257:255:258:185:259:256:254:258:257:260:21:261:360:162:263:264:178:265:259:213:263:261:238:266:259:267:211:254:260:248:265:268:252:268:269:270:264:271:272:243:9:57:193:196:273:269:271:267:227:274:275:276:277:276:275:278:279:272:270:273:274:280:281:282:86:71:283:277:268:284:278:285:239:282:116:286:246:247:149:287:274:286:284:270:278:220:267:266:202:384:289:287:290:260:180:92:281:285:169:292:289:290:291:279:293:108:294:284:206:245:283:295:294:296:121:91:190:292:297:273:298:162:299:300:286:301:288:157:295:302:231:303:300:69:283:297:301:271:293:260:219:277:265:304:305:304:261:205:86:306:292:188:308:302:309:291:305:205:237:295:308:287:296:191:310:311:24:198:311:313:309:314:315:142:316:266:250:313:314:317:306:314:92:298:230:299:253:14:303:111:158:318:289:309:257:238:317:320:321:320:113:299:316:317:315:321:318:322:267:60:323:323:323:203:157:324:325:326:251:68:310:327:319:324:328:104:305:325:288:328:329:285:330:322:294:331:331:332:460:332:334:335:336:337:338:334:339:222:339:321:340:335:460:341:340:338:330:329:342:214:229:342:343:335:282:336:188:235:337:72:326:327:344:345:346:347:269:345:341:348:349:349:85:346:350:348:351:351:343:352:241:255:299:342:310:353:344:1:115:354:349:301:23:350:339:264:352:315:355:355:353:279:356:328:335:65:347:357:356:318:358:357:359:354:354:337:83:327:360:199:361:362:363:311:364:365:361:363:359:355:364:366:367:368:332:360:102:369:365:358:366:252:338:370:371:272:206:368:372:369:373:370:374:25:374:297:375:343:376:262:100:263:273:362:371:8:377:378:245:376:375:377:363:373:333:367:368:378:126:372:52:276:376:311:345:379:380:370:284:381:382:225:106:383:344:377:383:262:384:385:381:296:386:362:262:129:207:359:381:379:322:387:319:333:244:258:388:342:389:213:380:329:387:356:389:382:16:390:310:366:388:390:347:176:274:346:391:385:306:392:393:386:58:394:304:371:395:395:367:280:396:396:229:357:392:256:397:397:320:376:54:316:398:399:400:393:401:163:402:400:403:350:365:391:399:404:398:290:394:405:0:406:326:404:375:406:402:361:28:403:401:407:385:341:408:124:336:298:410:411:379:372:281:297:398:408:351:18:412:407:413:178:412:399:118:401:380:218:331:377:348:400:386:414:400:415:414:356:416:415:416:99:417:353:418:373:351:418:106:330:420:350:410:411:421:417:262:307:212:382:423:424:413:275:402:425:420:303:308:425:427:161:112:410:283:406:423:428:429:254:302:429:329:393:421:10:265:430:194:99:387:424:397:352:428:358:431:427:432:228:420:258:430:433:434:241:434:547:431:234:433:468:277:432:383:436:437:384:438:383:384:439:198:440:440:425:417:441:415:442:15:307:423:450:445:437:523:441:450:399:185:321:446:438:447:447:448:427:265:441:447:445:444:389:413:446:449:422:408:451:452:247:407:300:364:434:436:439:453:411:454:454:275:340:453:455:456:179:427:237:451:465:293:422:455:456:442:457:458:449:187:403:459:448:448:416:454:459:421:59:392:444:236:164:457:463:419:464:462:464:465:466:463:409:421:442:458:369:465:466:280:467:227:437:424:468:469:470:415:436:469:471:418:439:203:472:455:103:370:414:353:452:168:429:472:440:473:378:470:474:475:468:473:474:476:477:449:314:478:422:479:480:481:324:304:482:478:483:475:476:479:481:484:494:444:480:201:432:486:388:485:446:471:458:480:482:59:119:488:467:489:483:477:445:490:182:433:489:348:490:491:491:484:492:426:303:454:477:405:492:498:494:495:347:495:209:491:170:44:328:446:488:496:494:497:369:306:226:486:209:496:486:409:396:482:419:499:500:501:487:590:207:488:438:497:501:476:500:504:505:390:471:504:506:462:503:507:507:508:509:506:154:412:505:510:510:131:475:368:481:508:511:512:498:181:509:466:428:513:512:514:105:484:514:515:431:513:470:93:64:515:47:397:516:517:518:512:459:506:53:517:216:516:419:507:499:519:451:520:499:521:12:334:522:495:520:523:490:313:291:518:405:525:217:511:515:525:590:90:467:463:519:528:521:520:529:530:325:531:532:188:373:529:464:533:532:500:144:533:374:487:276:534:529:452:531:479:535:530:523:528:80:536:322:516:355:95:537:485:534:467:537:522:539:540:539:535:541:249:96:541:540:255:521:518:532:542:543:544:536:542:543:522:425:312:533:496:531:545:388:513:490:544:546:141:545:546:547:465:548:539:499:401:549:152:293:29:549:550:302:394:551:404:552:552:553:554:483:552:175:437:549:550:379:472:555:554:555:544:493:319:547:557:553:480:489:558:548:550:555:197:556:272:559:559:560:561:562:560:546:492:503:563:562:557:560:558:561:564:551:565:537:559:510:535:563:464:566:540:567:30:564:239:568:323:390:568:567:569:498:570:204:494:504:572:440:389:536:566:519:572:573:204:565:574:145:501:566:474:478:574:575:493:576:575:577:576:563:469:577:578:448:573:551:395:508:569:576:579:580:580:509:573:581:579:582:420:583:211:584:570:585:430:456:581:453:586:587:561:554:588:582:120:525:589:528:572:341:73:578:556:589:578:511:591:577:592:588:591:593:593:497:565:586:457:592:343:594:66:538:595:584:80:167:595:505:594:585:526:541:596:576:594:596:426:320:598:426:584:586:583:524:599:585:522:600:542:600:601:602:605:479:603:574:602:604:491:543:604:586:530:599:587:605:271:603:606:598:38:557:311:607:49:588:575:523:604:433:607
49,19,599,0,6576,43:1:2:21:2:4:5:6:7:4:8:5:1:9:10:3:10:12:11:35:12:14:9:8:15:16:17:15:18:19:20:19:81:22:48:36:23:18:14:20:24:4:16:6:25:12:312:26:0:28:131:25:29:29:20:30:45:24:26:31:32:7:33:17:28:33:32:30:23:4:34:21:16:34:35:32:36:35:22:0:37:38:31:30:38:23:39:39:37:40:41:7:42:43:2:38:11:41:33:44:3:19:0:46:47:45:48:49:31:50:10:50:49:44:51:77:34:47:52:51:53:54:55:36:53:21:57:28:48:94:93:42:60:49:61:61:62:63:55:64:65:54:52:62:43:64:93:66:67:1:73:67:68:60:46:69:57:65:70:182:69:22:71:8:60:71:72:56:40:68:29:63:42:74:66:74:65:75:37:43:76:75:77:81:45:78:233:76:72:79:61:80:79:11:82:83:84:56:64:79:70:85:86:85:80:81:86:80:73:87:83:63:69:55:88:89:78:90:88:91:67:91:89:14:70:78:81:88:94:46:95:92:82:5:52:44:55:96:87:95:97:96:66:97:72:50:98:17:136:99:100:101:102:103:82:104:25:103:101:105:106:103:73:107:105:104:108:98:109:108:51:109:39:100:27:15:110:71:107:111:112:113:114:54:115:116:102:110:83:116:94:114:36:107:117:118:68:119:77:120:113:112:58:120:115:121:122:122:119:111:62:90:117:123:121:115:99:124:125:126:118:41:47:124:127:126:128:129:130:29:130:131:122:132:125:133:123:117:133:127:18:126:129:128:34:132:109:19:134:97:135:58:134:137:135:138:109:96:139:127:78:140:141:31:142:84:143:137:130:101:141:142:144:145:136:146:129:91:146:139:27:84:119:147:144:138:312:149:150:147:233:95:151:53:151:123:127:120:125:87:152:153:41:153:145:152:149:100:149:39:154:155:150:156:157:107:156:133:155:128:136:158:154:157:75:158:93:159:142:160:143:146:161:162:163:59:162:161:59:160:165:166:150:140:159:112:167:153:168:169:58:124:169:168:170:89:6:84:131:56:171:172:172:137:156:89:167:171:173:170:174:173:175:174:165:159:176:166:140:177:175:164:178:176:121:177:20:179:180:180:181:181:182:158:183:26:134:184:179:175:185:116:186:186:180:95:187:173:185:184:17:220:139:187:189:190:191:150:24:113:192:90:191:179:193:191:134:105:194:110:138:189:183:67:186:195:194:196:197:190:27:132:197:198:195:199:143:74:184:106:177:155:196:200:193:152:192:181:144:57:183:201:141:138:202:200:51:203:391:199:189:205:205:104:206:160:207:207:208:201:168:203:198:171:209:210:6:211:2:111:172:208:211:200:209:164:212:202:213:194:212:214:214:3:193:167:210:206:170:114:201:137:135:168:215:147:122:161:188:169:213:216:217:217:85:153:55:218:219:220:151:216:192:22:221:220:219:221:165:195:222:223:224:223:224:221:163:222:215:174:216:182:184:225:226:227:218:228:229:228:226:155:218:210:230:123:225:136:231:50:74:224:232:231:212:230:197:102:45:77:98:234:234:235:234:236:221:237:238:154:88:236:199:239:118:208:240:237:232:241:240:241:242:232:239:235:233:27:223:219:5:243:133:243:215:230:242:76:108:227:244:226:245:244:246:222:228:247:248:246:145:235:249:250:247:251:249:252:135:225:253:251:248:229:40:250:252:110:249:209:166:97:176:253:231:240:242:254:255:245:256:257:255:258:185:259:256:254:258:257:260:21:261:360:162:263:264:178:265:259:213:263:261:238:266:259:267:211:254:260:248:265:268:252:268:269:270:264:271:272:243:9:57:193:196:273:269:271:267:227:274:275:276:277:276:275:278:279:272:270:273:274:280:163:282:86:71:283:277:268:284:278:285:239:282:116:286:246:247:149:287:274:286:284:270:278:220:267:266:202:384:289:287:290:260:180:92:300:285:169:292:289:290:291:279:293:108:294:284:206:245:283:295:294:296:121:91:190:292:297:273:298:162:299:300:286:301:288:157:295:302:231:303:300:69:283:297:301:271:293:260:219:277:265:304:305:304:261:205:86:306:292:188:308:302:309:291:305:205:237:295:308:287:296:191:310:311:24:198:311:313:309:314:315:142:316:266:250:313:314:317:306:314:92:298:230:299:253:14:303:111:158:318:289:309:257:238:317:320:321:320:113:299:316:317:315:321:318:322:267:60:323:323:323:203:157:324:325:326:251:68:310:327:319:324:328:104:305:325:288:328:329:285:330:322:294:331:331:332:460:332:334:335:336:337:338:334:339:222:339:321:340:335:460:341:340:338:330:329:342:214:229:342:343:335:282:336:188:235:337:72:326:327:344:345:346:347:269:345:341:348:349:349:85:346:350:348:351:351:343:352:241:255:299:342:310:353:344:1:115:354:349:301:23:350:339:264:352:315:355:355:353:279:356:328:335:65:347:357:356:318:358:357:359:354:354:337:83:327:360:199:361:362:363:311:364:365:361:363:359:355:364:366:367:368:332:360:102:369:365:358:366:252:338:370:371:272:206:368:372:369:373:370:374:25:374:297:375:343:376:262:100:263:273:362:371:8:377:378:245:376:375:377:363:373:333:367:368:378:126:372:52:276:376:311:345:379:380:370:284:381:382:225:106:383:344:377:383:262:384:385:381:296:386:362:262:129:207:359:381:379:322:387:319:333:244:258:388:342:389:213:380:329:387:356:389:382:16:390:310:366:388:390:347:176:274:346:391:385:306:392:393:386:58:394:304:371:395:395:367:280:396:396:229:357:392:256:397:397:320:376:54:316:398:399:400:393:401:163:402:400:403:350:365:391:399:404:398:290:394:405:0:406:326:404:375:406:402:361:28:403:401:407:385:341:408:124:336:298:410:411:379:372:281:297:398:408:351:18:412:407:413:178:412:399:118:401:380:218:331:377:348:400:386:414:400:415:414:356:416:415:416:99:417:353:418:373:351:418:106:330:420:350:410:411:421:417:262:307:212:382:423:424:413:275:402:425:420:303:308:425:427:161:112:410:283:406:423:428:429:254:302:429:329:393:421:10:265:430:194:99:387:424:397:352:428:358:431:427:432:228:420:258:430:433:434:241:434:547:431:234:433:468:277:432:383:436:437:384:438:383:384:439:198:440:440:425:417:441:415:442:15:307:423:450:445:437:523:441:450:399:185:321:446:438:447:447:448:427:265:441:447:445:444:389:413:446:449:422:408:451:452:247:407:523:364:434:436:439:453:411:454:454:275:340:453:455:456:179:427:237:451:465:293:422:455:456:442:457:458:449:187:403:459:448:448:416:454:459:421:59:392:444:236:164:457:463:419:464:462:464:465:466:463:409:421:442:458:369:465:466:280:467:227:437:424:468:469:470:415:436:469:471:418:439:203:472:455:103:370:414:353:452:168:429:472:440:281:378:470:473:475:468:186:569:476:477:449:314:478:422:479:480:481:324:304:482:478:483:475:476:479:481:484:494:444:480:201:432:486:388:485:446:471:458:480:482:59:119:488:467:489:483:477:445:490:182:433:489:348:490:491:491:484:492:426:303:454:477:405:492:498:494:495:347:495:209:491:170:44:328:446:488:496:494:497:369:306:226:486:209:496:486:409:396:482:419:499:500:501:487:590:207:488:438:497:501:476:500:504:505:390:471:504:506:462:503:507:507:508:509:506:154:412:505:510:510:131:475:368:481:508:511:512:498:181:509:466:428:513:512:514:105:484:514:515:431:513:470:93:64:515:47:397:516:517:518:512:459:506:53:517:216:516:419:507:499:519:451:520:499:521:12:334:522:495:520:523:490:313:291:518:405:525:217:511:515:525:590:90:467:463:519:528:521:520:529:530:325:531:532:188:373:529:464:533:532:500:144:533:374:487:276:534:529:452:531:479:535:530:523:528:80:536:322:516:355:95:537:485:534:467:537:522:539:540:539:535:541:249:96:541:540:255:521:518:532:542:543:544:536:542:543:522:425:312:533:496:531:545:388:513:490:544:546:141:545:546:547:465:548:539:499:401:549:152:293:29:549:550:302:394:551:404:552:552:553:554:483:552:175:437:549:550:379:472:555:554:555:544:493:319:547:557:553:480:489:558:548:550:555:197:556:272:559:559:560:561:562:560:546:492:503:563:562:557:560:558:561:564:551:565:537:559:510:535:563:464:566:540:567:30:564:239:568:323:390:568:567:569:498:570:204:494:504:572:440:389:536:566:519:572:573:204:565:574:145:501:566:474:478:574:575:493:576:575:577:576:563:469:577:578:448:573:551:395:508:569:576:579:580:580:509:573:581:579:582:420:583:211:584:570:585:430:456:581:453:586:587:561:554:588:582:120:525:589:528:572:341:73:578:556:589:578:511:591:577:592:588:591:593:593:497:565:586:457:592:343:594:66:538:595:584:80:167:595:505:594:585:526:541:596:576:594:596:426:320:598:426:584:586:583:524:599:585:522:600:542:600:601:602:605:479:603:574:602:604:491:543:604:586:530:599:587:605:271:603:606:598:38:557:311:607:49:588:575:523:604:433:607
51,20,598,0,6575,43:1:2:32:2:4:5:6:7:4:8:5:1:9:10:3:10:12:11:312:12:14:9:8:15:16:17:15:18:19:20:19:81:22:48:36:23:18:14:20:24:4:16:6:25:12:38:26:0:28:131:25:29:29:20:30:45:24:26:31:606:7:33:17:28:33:21:30:23:4:34:21:16:34:312:48:36:312:22:0:37:46:31:30:38:23:39:39:606:40:41:7:42:43:2:38:3:41:33:44:3:19:0:46:47:45:606:49:31:50:10:50:49:44:51:77:34:47:52:51:53:54:55:36:53:32:57:28:48:94:93:42:60:49:61:61:62:63:55:64:65:54:52:62:43:64:93:66:67:1:73:67:68:60:37:69:57:65:70:182:69:22:71:8:60:71:72:56:40:68:29:63:42:74:66:74:65:75:37:43:76:75:77:81:45:78:233:76:72:79:61:80:79:11:82:83:84:56:64:79:70:85:86:85:80:81:86:80:73:87:83:63:69:55:88:89:78:90:88:91:67:91:89:14:70:78:81:88:94:46:95:92:82:5:52:44:55:96:87:95:97:96:66:97:72:50:98:17:136:99:100:101:102:103:82:104:25:103:101:105:106:103:73:107:105:104:108:98:109:108:51:109:39:100:27:15:110:71:107:111:112:113:114:54:115:116:102:110:83:116:94:114:36:107:117:118:68:119:77:120:132:112:58:120:115:121:122:122:119:111:62:90:117:123:113:115:99:124:125:126:118:41:47:124:127:126:128:129:130:29:130:131:122:132:125:133:123:117:133:127:18:126:129:128:34:132:109:19:134:97:135:58:134:137:135:138:109:96:139:127:78:140:141:31:142:84:143:137:130:101:141:142:144:145:136:146:129:91:146:139:27:84:119:147:144:138:121:149:150:147:233:95:151:53:151:123:127:120:125:87:152:153:41:153:145:152:149:100:149:39:154:155:150:156:157:107:156:133:155:128:136:158:154:157:75:158:93:159:142:160:143:146:161:162:163:59:162:161:59:160:165:166:150:140:159:112:167:153:168:169:58:124:169:168:170:89:6:84:131:56:171:172:172:137:156:89:167:171:173:170:174:173:175:174:165:159:176:166:140:177:175:164:11:176:178:177:20:179:180:180:181:181:182:158:183:26:134:184:179:175:185:116:186:186:180:95:187:173:185:184:17:220:139:187:189:190:191:150:24:113:192:90:191:179:193:191:134:105:194:110:138:189:183:67:186:195:194:196:197:190:27:132:197:198:195:199:143:74:184:106:177:155:196:200:193:152:192:181:144:57:183:201:141:138:202:200:51:203:391:199:189:205:205:104:206:160:207:207:208:201:168:203:198:171:209:210:6:211:2:111:172:208:211:200:209:164:212:202:213:194:212:214:214:32:193:167:210:206:170:114:201:137:135:168:215:147:122:161:188:169:213:216:217:217:85:153:55:218:219:220:151:216:192:22:221:220:219:221:165:195:222:223:224:223:224:221:163:222:215:174:216:182:184:225:226:227:218:228:229:228:226:155:218:210:230:123:225:136:231:50:74:224:232:231:212:230:197:102:45:77:98:234:234:235:234:236:221:237:238:154:88:236:199:239:118:208:240:237:232:241:240:241:242:232:239:235:233:27:223:219:5:243:133:243:215:230:242:76:108:227:244:226:245:244:246:222:228:247:248:246:145:235:249:250:247:251:249:252:135:225:253:251:248:229:40:250:252:110:249:209:166:97:176:253:231:240:242:254:255:245:256:257:255:258:185:259:256:254:258:257:260:21:261:360:162:263:264:178:265:259:213:263:261:238:266:259:267:211:254:260:248:265:268:252:268:269:270:264:271:272:243:9:57:193:196:273:269:271:267:227:274:275:276:277:276:275:278:279:272:270:273:274:280:163:282:86:71:283:277:268:284:278:285:239:282:116:286:246:247:149:287:274:286:284:270:278:220:267:266:202:384:289:287:290:260:180:92:300:285:169:292:289:290:291:279:293:108:294:284:206:245:283:295:294:296:121:91:190:292:297:273:298:162:299:300:286:301:288:157:295:302:231:303:300:69:283:297:301:271:293:260:219:277:265:304:305:304:261:205:86:306:292:188:308:302:309:291:305:205:237:295:308:287:296:191:310:311:24:198:311:313:309:314:315:142:316:266:250:313:314:317:306:314:92:298:230:299:253:14:303:111:158:318:289:309:257:238:317:320:321:320:113:299:316:317:315:321:318:322:267:60:323:323:323:203:157:324:325:326:251:68:310:327:319:324:328:104:305:325:288:328:329:285:330:322:294:331:331:332:460:332:334:335:336:337:338:334:339:222:339:321:340:335:460:341:340:338:330:329:342:214:229:342:343:335:282:336:188:235:337:72:326:327:344:345:346:347:269:345:341:348:349:349:85:346:350:348:351:351:343:352:241:255:299:342:310:353:344:1:115:354:349:301:23:350:339:264:352:315:355:355:353:279:356:328:335:65:347:357:356:318:358:357:359:354:354:337:83:327:360:199:361:362:363:311:364:365:361:363:359:355:364:366:367:368:332:360:102:369:365:358:366:252:338:370:371:272:206:368:372:369:373:370:374:25:374:297:375:343:376:262:100:263:273:362:371:8:377:378:245:376:375:377:363:373:333:367:368:378:126:372:52:276:376:311:345:379:380:370:284:381:382:225:106:383:344:377:383:262:384:385:381:296:386:362:262:129:207:359:381:379:322:387:319:333:244:258:388:342:389:213:380:329:387:356:389:382:16:390:310:366:388:390:347:176:274:346:391:385:306:392:393:386:58:394:304:371:395:395:367:280:396:396:229:357:392:256:397:397:320:376:54:316:398:399:400:393:401:163:402:400:403:350:365:391:399:404:398:290:394:405:0:406:326:404:375:406:402:361:28:403:401:407:385:341:408:124:336:298:410:411:379:372:281:297:398:408:351:18:412:407:413:178:412:399:118:401:380:218:331:377:348:400:386:414:400:415:414:356:416:415:416:99:417:353:418:373:351:418:106:330:420:350:410:411:421:417:262:307:212:382:423:424:413:275:402:425:420:303:308:425:427:161:112:410:283:406:423:428:429:254:302:429:329:393:421:10:265:430:194:99:387:424:397:352:428:358:431:427:432:228:420:258:430:433:434:241:434:547:431:234:433:468:277:432:383:436:437:384:438:383:384:439:198:440:440:425:417:441:415:442:15:307:423:450:445:437:523:441:450:399:185:321:446:438:447:447:448:427:265:441:447:445:444:389:413:446:449:422:408:451:452:247:407:523:364:434:436:439:453:411:454:454:275:340:453:455:456:179:427:237:451:465:293:422:455:456:442:457:458:449:187:403:459:448:448:416:454:459:421:59:392:444:236:164:457:463:419:464:462:464:465:466:463:409:421:442:458:369:465:466:280:467:227:437:424:468:469:470:415:436:469:471:418:439:203:472:455:103:370:414:353:452:168:429:472:440:281:378:470:473:475:468:186:569:476:477:449:314:478:422:479:480:481:324:304:482:478:483:475:476:479:481:484:494:444:480:201:432:486:388:485:446:471:458:480:482:59:119:488:467:489:483:477:445:490:182:433:489:348:490:491:491:484:492:426:303:454:477:405:492:498:494:495:347:495:209:491:170:44:328:446:488:496:494:497:369:306:226:486:209:496:486:409:396:482:419:499:500:501:487:590:207:488:438:497:501:476:500:504:505:390:471:504:506:462:503:507:507:508:509:506:154:412:505:510:510:131:475:368:481:508:511:512:498:181:509:466:428:513:512:514:105:484:514:515:431:513:470:93:64:515:47:397:516:517:518:512:459:506:53:517:216:516:419:507:499:519:451:520:499:521:12:334:522:495:520:523:490:313:291:518:405:525:217:511:515:525:590:90:467:463:519:528:521:520:529:530:325:531:532:188:373:529:464:533:532:500:144:533:374:487:276:534:529:452:531:479:535:530:523:528:80:536:322:516:355:95:537:485:534:467:537:522:539:540:539:535:541:249:96:541:540:255:521:518:532:542:543:544:536:542:543:522:425:312:533:496:531:545:388:513:490:544:546:141:545:546:547:465:548:539:499:401:549:152:293:29:549:550:302:394:551:404:552:552:553:554:483:552:175:437:549:550:379:472:555:554:555:544:493:319:547:557:553:480:489:558:548:550:582:197:556:272:559:559:560:561:562:560:546:492:503:563:562:557:560:558:561:564:551:565:537:559:510:535:563:464:566:540:567:30:564:239:568:323:390:568:567:569:498:570:204:494:504:572:440:389:536:566:519:572:573:204:565:574:145:501:566:474:478:574:575:493:576:575:577:576:563:469:577:578:448:573:551:395:508:569:576:579:580:580:509:573:581:579:582:420:583:211:584:570:585:430:456:581:453:586:587:561:554:588:582:120:525:589:528:572:341:73:578:556:589:578:511:591:577:592:588:591:593:593:497:565:586:457:592:343:594:66:538:595:584:80:167:595:505:594:585:526:541:596:576:594:596:426:320:598:426:584:586:583:524:599:585:522:600:542:600:601:602:605:479:603:574:602:604:491:543:604:586:530:599:587:605:271:603:555:598:579:557:311:607:49:588:575:523:604:433:607
52,20,597,0,6574,43:1:2:32:2:4:5:6:7:4:8:5:1:9:10:3:10:12:11:312:12:14:9:8:15:16:17:15:18:19:20:19:81:22:48:36:23:18:14:20:24:4:16:6:25:12:38:26:0:28:131:25:29:29:20:30:45:24:26:31:606:7:33:17:28:33:21:30:23:4:34:21:16:34:312:48:36:312:22:0:37:46:31:30:38:23:39:39:606:40:41:7:42:43:2:38:3:41:33:44:3:19:0:46:47:45:606:49:31:50:10:50:49:44:51:77:34:47:52:51:53:54:55:36:53:32:57:28:48:94:93:42:60:49:61:61:62:63:55:64:65:54:52:62:43:64:93:66:67:1:73:67:68:60:37:69:57:65:70:182:69:22:71:8:60:71:72:56:40:68:29:63:42:74:66:74:65:75:37:43:76:75:77:81:45:78:233:76:72:79:61:80:79:11:82:83:84:56:64:79:70:85:86:85:80:81:86:80:73:87:83:63:69:55:88:89:78:90:88:91:67:91:89:14:70:78:81:88:94:46:95:92:82:5:52:44:55:96:87:95:97:96:66:97:72:50:98:17:136:99:100:101:102:103:82:104:25:103:101:105:106:103:73:107:105:104:108:98:109:108:51:109:39:100:27:15:110:71:107:111:112:113:114:54:115:116:102:110:83:116:94:114:36:107:117:118:68:119:77:120:132:112:58:120:115:121:122:122:119:111:62:90:117:123:113:115:99:124:125:126:118:41:47:124:127:126:128:129:130:29:130:131:122:132:125:133:123:117:133:127:18:126:129:128:34:132:109:19:134:97:135:58:134:137:135:138:109:96:139:127:78:140:141:31:142:84:143:137:130:101:141:142:144:145:136:146:129:91:146:139:27:84:119:147:144:138:121:149:150:147:233:95:151:53:151:123:127:120:125:87:152:153:41:153:145:152:149:100:149:39:154:155:150:156:157:107:156:133:155:128:136:158:154:157:75:158:93:159:142:160:143:146:161:162:163:59:162:161:59:160:165:166:150:140:159:112:167:153:168:169:58:124:169:168:170:89:6:84:131:56:171:172:172:137:156:89:167:171:173:170:174:173:175:174:165:159:176:166:140:177:175:164:11:176:178:177:20:179:180:180:181:181:182:158:183:26:134:184:179:175:185:116:186:186:180:95:187:173:185:184:17:220:139:187:189:190:191:150:24:113:192:90:191:179:193:191:134:105:194:110:138:189:183:67:186:195:194:196:197:190:27:132:197:198:195:199:143:74:184:106:177:155:196:200:193:152:192:181:144:57:183:201:141:138:202:200:51:203:391:199:189:205:205:104:206:160:207:207:208:201:168:203:198:171:209:210:6:211:2:111:172:208:211:200:209:164:212:202:213:194:212:214:214:32:193:167:210:206:170:114:201:137:135:168:215:147:122:161:188:169:213:216:217:217:85:153:55:218:219:220:151:216:192:22:221:220:219:221:165:195:222:223:224:223:224:221:163:222:215:174:216:182:184:225:226:227:218:228:229:228:226:155:218:210:230:123:225:136:231:50:74:224:232:231:212:230:197:102:45:77:98:234:234:235:234:236:221:237:238:154:88:236:199:239:118:208:240:237:232:241:240:241:242:232:239:235:233:27:223:219:5:243:133:243:215:230:242:76:108:227:244:226:245:244:246:222:228:247:248:246:145:235:249:250:247:251:249:252:135:225:253:251:248:229:40:250:252:110:249:209:166:97:176:253:231:240:242:254:255:245:256:257:255:258:185:259:256:254:258:257:260:21:261:360:162:263:264:178:265:259:213:263:261:238:266:259:267:211:254:260:248:265:268:252:268:269:270:264:271:272:243:9:57:193:196:273:269:271:267:227:274:275:276:277:276:275:278:279:272:270:273:274:280:163:282:86:71:283:277:268:284:278:285:239:282:116:286:246:247:149:287:274:286:284:270:278:220:267:266:202:384:289:287:290:260:180:92:300:285:169:292:289:290:291:279:293:108:294:284:206:245:283:295:294:296:121:91:190:292:297:273:298:162:299:300:286:301:288:157:295:302:231:303:300:69:283:297:301:271:293:260:219:277:265:304:305:304:261:205:86:306:292:188:308:302:309:291:305:205:237:295:308:287:296:191:310:311:24:198:311:313:309:314:315:142:316:266:250:313:314:317:306:314:92:298:230:299:253:14:303:111:158:318:289:309:257:238:317:320:321:320:113:299:316:317:315:321:318:322:267:60:323:323:323:203:157:324:325:326:251:68:310:327:319:324:328:104:305:325:288:328:329:285:330:322:294:331:331:332:460:332:334:335:336:337:338:334:339:222:339:321:340:335:460:341:340:338:330:329:342:214:229:342:343:335:282:336:188:235:337:72:326:327:344:345:346:347:269:345:341:348:349:349:85:346:350:348:351:351:343:352:241:255:299:342:310:353:344:1:115:354:349:301:23:350:339:264:352:315:355:355:353:279:356:328:335:65:347:357:356:318:358:357:359:354:354:337:83:327:360:199:361:362:363:311:364:365:361:363:359:355:364:366:367:368:332:360:102:369:365:358:366:252:338:370:371:272:206:368:372:369:373:370:374:25:374:297:375:343:376:262:100:263:273:362:371:8:377:378:245:376:375:377:363:373:333:367:368:378:126:372:52:276:376:311:345:379:380:370:284:381:382:225:106:383:344:377:383:262:384:385:381:296:386:362:262:129:207:359:381:379:322:387:319:333:244:258:388:342:389:213:380:329:387:356:389:382:16:390:310:366:388:390:347:176:274:346:391:385:306:392:393:386:58:394:304:371:395:395:367:280:396:396:229:357:392:256:397:397:320:376:54:316:398:399:400:393:401:163:402:400:403:350:365:391:399:404:398:290:394:405:0:406:326:404:375:406:402:361:28:403:401:407:385:341:408:124:336:298:410:411:379:372:281:297:398:408:351:18:412:407:413:178:412:399:118:401:380:218:331:377:348:400:386:414:400:415:414:356:416:415:416:99:417:353:418:373:351:418:106:330:420:350:410:411:421:417:262:307:212:382:423:424:413:275:402:425:420:303:308:425:427:161:112:410:283:406:423:428:429:254:302:429:329:393:421:10:265:430:194:99:387:424:397:352:428:358:431:427:432:228:420:258:430:433:434:241:434:547:431:234:433:468:277:432:383:436:437:384:438:383:384:439:198:440:440:425:417:441:415:442:15:307:423:450:445:437:523:441:450:399:185:321:446:438:447:447:448:427:265:441:447:445:444:389:413:446:449:422:408:451:452:247:407:523:364:434:436:439:453:411:454:454:275:340:453:455:456:179:427:237:451:465:293:422:455:456:442:457:458:449:187:403:459:448:448:416:454:459:421:59:392:444:236:164:457:463:419:464:462:464:465:466:463:409:421:442:390:369:465:466:280:467:227:437:424:468:469:470:415:436:469:471:418:439:203:472:455:103:370:414:353:452:168:429:472:440:281:378:470:473:475:468:186:569:476:477:449:314:478:422:479:480:481:324:304:482:478:483:475:476:479:481:484:494:444:480:201:432:486:388:485:446:471:460:480:482:59:119:488:467:489:483:477:445:490:182:433:489:348:490:491:491:484:492:426:303:454:477:405:492:498:494:495:347:495:209:491:170:44:328:446:488:496:494:497:369:306:226:486:209:496:486:409:396:482:419:499:500:501:487:590:207:488:438:497:501:476:500:504:505:390:471:504:506:462:503:507:507:508:509:506:154:412:505:510:510:131:475:368:481:508:511:512:498:181:509:466:428:513:512:514:105:484:514:515:431:513:470:93:64:515:47:397:516:517:518:512:459:506:53:517:216:516:419:507:499:519:451:520:499:521:12:334:522:495:520:523:490:313:291:518:405:525:217:511:515:525:590:90:467:463:519:528:521:520:529:530:325:531:532:188:373:529:464:533:532:500:144:533:374:487:276:534:529:452:531:479:535:530:523:528:80:536:322:516:355:95:537:485:534:467:537:522:539:540:539:535:541:249:96:541:540:255:521:518:532:542:543:544:536:542:543:522:425:312:533:496:531:545:388:513:490:544:546:141:545:546:547:465:548:539:499:401:549:152:293:29:549:550:302:394:551:404:552:552:553:554:483:552:175:437:549:550:379:472:555:554:555:544:493:319:547:557:553:480:489:558:548:550:582:197:556:272:601:601:560:561:562:560:546:492:503:563:562:557:560:558:561:564:551:565:537:458:510:535:563:464:566:540:567:30:564:239:568:323:390:568:567:569:498:570:204:494:504:572:440:389:536:566:519:572:573:204:565:574:145:501:566:474:478:574:575:493:576:575:577:576:563:469:577:578:448:573:551:395:508:569:576:579:580:580:509:573:581:579:582:420:583:211:584:570:585:430:456:581:453:586:587:561:554:588:582:120:525:589:528:572:341:73:578:556:589:578:511:591:577:592:588:591:593:593:497:565:586:457:592:343:594:66:538:595:584:80:167:595:505:594:585:526:541:596:576:594:596:426:320:598:426:584:586:583:524:599:585:522:600:542:600:601:602:605:479:603:574:602:604:491:543:604:586:530:599:587:605:271:603:555:598:579:557:311:607:49:588:575:523:604:433:607
54,21,596,0,6573,43:1:2:32:2:4:5:6:7:4:8:5:1:9:10:3:10:12:11:312:12:14:9:8:15:16:17:15:18:19:20:19:81:22:48:36:23:18:14:20:24:4:16:6:25:12:38:26:0:28:131:25:29:29:20:30:45:24:26:31:606:7:33:17:28:33:21:30:23:4:34:21:16:34:312:48:36:312:22:0:37:46:31:30:38:23:39:39:606:40:41:7:42:43:2:38:3:41:33:44:3:19:0:46:47:45:606:49:31:50:10:50:49:44:51:77:34:47:52:51:53:54:55:36:53:32:57:28:48:94:93:42:60:49:61:61:62:63:55:64:65:54:52:62:43:64:93:66:67:1:73:67:68:60:37:69:57:65:70:182:69:22:71:8:60:71:72:56:40:68:29:63:42:74:66:74:65:75:37:43:76:75:77:81:45:78:233:76:72:79:61:80:79:11:82:83:84:56:64:79:70:85:86:85:80:81:86:80:73:87:83:63:69:55:88:89:78:90:88:91:67:91:89:14:70:78:81:88:94:46:95:92:82:5:52:44:55:96:87:95:97:96:66:97:72:50:98:17:136:99:100:101:102:103:82:104:25:103:101:105:106:103:73:107:105:104:108:98:109:108:51:109:39:100:27:15:110:71:107:111:112:113:114:54:115:116:102:110:83:116:94:114:36:107:117:118:68:119:77:120:132:112:58:120:115:121:122:122:119:111:62:90:117:123:113:115:99:124:125:126:118:41:47:124:127:126:128:129:130:29:130:131:122:132:125:133:123:117:133:127:18:126:129:128:34:132:109:19:134:97:135:58:134:137:135:138:109:96:139:127:78:140:141:31:142:84:143:137:130:101:141:142:144:145:136:146:129:91:146:139:27:84:119:147:144:138:121:149:150:147:233:95:151:53:151:123:127:120:125:87:152:153:41:153:145:152:149:100:149:39:154:155:150:156:157:107:156:133:155:128:136:158:154:157:75:158:93:159:142:160:143:146:161:162:163:59:162:161:59:160:165:166:150:140:159:112:167:153:168:169:58:124:169:168:170:89:6:84:131:56:171:172:172:137:156:89:167:171:173:170:174:173:175:174:165:159:176:166:140:177:175:164:11:176:178:177:20:179:180:180:181:181:182:158:183:26:134:184:179:175:185:116:186:186:180:95:187:173:185:184:17:220:139:187:189:190:191:150:24:113:192:90:191:179:193:191:134:105:194:110:138:189:183:67:186:195:194:196:197:190:27:132:197:198:195:199:143:74:184:106:177:155:196:200:193:152:192:181:144:57:183:201:141:138:202:200:51:203:391:199:189:205:205:104:206:160:207:207:208:201:168:203:198:171:209:210:6:211:2:111:172:208:211:200:209:164:212:202:213:194:212:214:214:32:193:167:210:206:170:114:201:137:135:168:215:147:122:161:188:169:213:216:217:217:85:153:55:218:219:220:151:216:192:22:221:220:219:221:165:195:222:223:224:223:224:221:163:222:215:174:216:182:184:225:226:227:218:228:229:228:226:155:218:210:230:123:225:136:231:50:74:224:232:231:212:230:197:102:45:77:98:234:234:235:234:236:221:237:238:154:88:236:199:239:118:208:240:237:232:241:240:241:242:232:239:235:233:27:223:219:5:243:133:243:215:230:242:76:108:227:244:226:245:244:246:222:228:247:248:246:145:235:249:250:247:251:249:252:135:225:253:251:248:229:40:250:252:110:249:209:166:97:176:253:231:240:242:254:255:245:256:257:255:258:185:259:256:254:258:257:260:21:261:360:162:263:264:178:265:259:213:263:261:238:266:259:267:211:254:260:248:265:268:252:268:269:270:264:271:272:243:9:57:193:196:273:269:271:267:227:274:275:276:277:276:275:278:279:272:270:273:274:280:163:282:86:71:283:277:268:284:278:285:239:282:116:286:246:247:149:287:274:286:284:270:278:220:267:266:202:384:289:411:290:260:180:92:300:285:169:292:289:290:291:279:293:108:294:284:206:245:283:295:294:296:121:91:190:292:297:273:298:162:299:300:286:301:288:157:295:302:231:303:300:69:283:297:301:271:293:260:219:277:265:304:305:304:261:205:86:306:292:188:308:302:309:291:305:205:237:295:308:287:296:191:310:311:24:198:311:313:309:314:315:142:316:266:250:313:314:317:306:314:92:298:230:299:253:14:303:111:158:318:289:309:257:238:317:320:321:320:113:299:316:317:315:321:318:322:267:60:323:323:323:203:157:324:325:326:251:68:310:327:319:324:328:104:305:325:288:328:329:285:330:322:294:331:331:332:460:332:334:335:336:337:338:334:339:222:339:321:340:335:460:341:340:338:330:329:342:214:229:342:343:335:282:336:188:235:337:72:326:327:344:345:346:347:269:345:341:348:349:349:85:346:350:348:351:351:343:352:241:255:299:342:310:353:344:1:115:354:349:301:23:350:339:264:352:315:355:355:353:279:356:328:335:65:347:357:356:318:358:357:359:354:354:337:83:327:360:199:361:362:363:311:364:365:361:363:359:355:364:366:367:368:332:360:102:369:365:358:366:252:338:370:371:272:206:368:372:369:373:370:374:25:374:297:375:343:376:262:100:263:273:362:371:8:377:378:245:376:375:377:363:373:333:367:368:378:126:372:52:276:376:311:345:379:380:370:284:381:382:225:106:383:344:377:383:262:384:385:381:296:386:362:262:129:207:359:381:379:322:387:319:333:244:258:388:342:389:213:380:329:387:356:389:382:16:390:310:366:388:390:347:176:274:346:391:385:306:392:393:386:58:394:304:371:395:395:367:280:396:396:229:357:392:256:397:397:320:376:54:316:398:399:400:393:401:163:402:400:403:350:365:391:399:404:398:290:394:405:0:406:326:404:375:406:402:361:28:403:401:407:385:341:408:124:336:298:410:411:379:372:281:297:398:408:351:18:412:407:413:178:412:399:118:401:380:218:331:377:348:400:386:414:400:415:414:356:416:415:416:99:417:353:418:373:351:418:106:330:420:350:410:173:421:417:262:307:212:382:423:424:413:275:402:425:420:303:308:425:427:161:112:410:283:406:423:428:429:254:302:429:329:393:421:10:265:430:194:99:387:424:397:352:428:358:431:427:432:228:420:258:430:433:434:241:434:547:431:234:433:468:277:432:383:436:437:384:438:383:384:439:198:440:440:425:417:441:415:442:15:307:423:450:445:437:523:441:450:399:185:321:446:438:447:447:448:427:265:441:447:445:444:389:413:446:449:422:408:451:452:247:407:523:364:434:436:439:453:411:454:454:275:340:453:455:456:179:427:237:451:465:293:422:455:456:442:457:287:449:187:403:459:448:448:416:454:459:421:59:392:444:236:164:457:463:419:464:462:464:465:466:463:409:421:442:390:369:465:466:280:467:227:437:424:468:469:470:415:436:469:471:418:439:203:472:455:103:370:414:353:452:168:429:472:440:281:378:470:473:475:468:186:569:476:477:449:314:478:422:479:480:481:324:304:482:478:483:475:476:479:481:484:494:444:480:201:432:486:388:485:446:471:460:480:482:59:119:488:467:489:483:477:445:490:182:433:489:348:490:491:491:484:492:426:303:454:477:405:492:498:494:495:347:495:209:491:170:44:328:446:488:496:494:497:369:306:226:486:209:496:486:409:396:482:419:499:500:501:487:590:207:488:438:497:501:476:500:504:505:390:471:504:506:462:503:507:507:508:509:506:154:412:505:510:510:131:475:368:481:508:511:512:498:181:509:466:428:513:512:514:105:484:514:515:431:513:470:93:64:515:47:397:516:517:518:512:459:506:53:517:216:516:419:507:499:519:451:520:499:521:12:334:522:495:520:523:490:313:291:518:405:525:217:511:515:525:590:90:467:463:519:528:521:520:529:530:325:531:532:188:373:529:464:533:532:500:144:533:374:487:276:534:529:452:531:479:535:530:523:528:80:536:322:516:355:95:537:485:534:467:537:522:539:540:539:535:541:249:96:541:540:255:521:518:532:542:543:544:536:542:543:522:425:312:533:496:531:545:388:513:490:544:546:141:545:546:547:465:548:539:499:401:549:152:293:29:549:550:302:394:551:404:552:552:553:554:483:552:175:437:549:550:379:472:555:554:555:544:493:319:547:557:553:480:489:558:548:550:582:197:556:272:601:601:560:561:562:560:546:492:503:563:562:557:560:558:561:564:551:565:537:458:510:535:563:464:566:540:600:30:564:239:568:323:390:568:458:569:498:570:204:494:504:572:440:389:536:566:519:572:573:204:565:574:145:501:566:474:478:574:575:493:576:575:577:576:563:469:577:578:448:573:551:395:508:569:576:579:580:580:509:573:581:579:582:420:583:211:584:570:585:430:456:581:453:586:587:561:554:588:582:120:525:589:528:572:341:73:578:556:589:578:511:591:577:592:588:591:593:593:497:565:586:457:592:343:594:66:538:595:584:80:167:595:505:594:585:526:541:596:576:594:596:426:320:598:426:584:586:583:524:599:585:522:600:542:600:601:602:605:479:603:574:602:604:491:543:604:586:530:599:587:605:271:603:555:598:579:557:311:607:49:588:575:523:604:433:607
57,23,595,0,6570,43:1:2:32:2:4:5:6:7:4:8:5:1:9:10:3:10:12:11:312:12:14:9:8:15:16:17:15:18:19:20:19:81:22:48:36:23:18:14:20:24:4:16:6:25:12:38:26:0:28:131:25:29:29:20:30:45:24:26:31:606:7:33:17:28:33:21:30:23:4:34:21:16:34:312:48:36:312:22:0:37:46:31:30:38:23:39:39:606:40:41:7:42:43:2:38:3:41:33:44:3:19:0:46:47:45:606:49:31:50:10:50:49:44:51:77:34:47:52:51:53:54:55:36:53:32:57:28:48:94:93:42:60:49:61:61:62:63:55:64:65:54:52:62:43:64:93:66:67:1:73:67:68:60:37:69:57:65:70:182:69:22:71:8:60:71:72:56:40:68:29:63:42:74:66:74:65:75:37:43:76:75:77:81:45:78:233:76:72:79:61:80:79:11:82:83:84:56:64:79:70:85:86:85:80:81:86:80:73:87:83:63:69:55:88:89:78:90:88:91:67:91:89:14:70:78:81:88:94:46:95:92:82:5:52:44:55:96:87:95:97:96:66:97:72:50:98:17:136:99:100:101:102:103:82:104:25:103:101:105:106:103:73:107:105:104:108:98:109:108:51:109:39:100:27:15:110:71:107:111:112:113:114:54:115:116:102:110:83:116:94:114:36:107:117:118:68:119:77:120:132:112:58:120:115:121:122:122:119:111:62:90:117:123:113:115:99:124:125:126:118:41:47:124:127:126:128:129:130:29:130:131:122:132:125:133:123:117:133:127:18:126:129:128:34:132:109:19:134:97:135:58:134:137:135:138:109:96:139:127:78:140:141:31:142:84:143:137:130:101:141:142:144:145:136:146:129:91:146:139:27:84:119:147:144:138:121:149:150:147:233:95:151:53:151:123:127:120:125:87:152:153:41:153:145:152:149:100:149:39:154:155:150:156:157:107:156:133:155:128:136:158:154:157:75:158:93:159:142:160:143:146:161:162:163:59:162:161:59:160:165:166:150:140:159:112:167:153:168:169:58:124:169:168:170:89:6:84:131:56:171:172:172:137:156:89:167:171:173:170:174:173:175:174:165:159:176:166:140:177:175:164:11:176:178:177:20:179:180:180:181:181:182:158:183:26:134:184:179:175:185:116:186:186:180:95:187:173:185:184:17:220:139:187:189:190:191:150:24:113:192:90:191:179:193:191:134:105:194:110:138:189:183:67:186:195:194:196:197:190:27:132:197:198:195:199:143:74:184:106:177:155:196:200:193:152:192:181:144:57:183:201:141:138:202:200:51:203:391:199:189:205:205:104:206:160:207:207:208:201:168:203:198:171:209:210:6:211:2:111:172:208:211:200:209:164:212:202:213:194:212:214:214:32:193:167:210:206:170:114:201:137:135:168:215:147:122:161:188:169:213:216:217:217:85:153:55:218:219:220:151:216:192:22:221:220:219:221:165:195:222:223:224:223:224:221:163:222:215:174:216:182:184:225:226:227:218:228:229:228:226:155:218:210:230:123:225:136:231:50:74:224:232:231:212:230:197:102:45:77:98:234:234:235:234:236:221:237:238:154:88:236:199:239:118:208:240:237:232:241:240:241:242:232:239:235:233:27:223:219:5:243:133:243:215:230:242:76:108:227:244:226:245:244:246:222:228:247:248:246:145:235:249:250:247:251:249:252:135:225:253:251:248:229:40:250:252:110:249:209:166:97:176:253:231:240:242:254:255:245:256:257:255:258:185:259:256:254:258:257:260:21:261:360:162:263:264:178:265:259:213:263:261:238:266:259:267:211:254:260:248:265:268:252:268:269:270:264:271:272:243:9:57:193:196:273:269:271:267:227:274:275:276:277:276:275:278:279:272:270:273:274:280:163:282:86:71:283:277:268:284:278:285:239:282:116:286:246:247:149:287:274:286:284:270:278:220:267:266:202:384:289:411:290:260:180:92:300:285:169:292:289:290:291:279:293:108:294:284:206:245:283:295:294:296:121:91:190:292:297:273:298:162:299:300:286:301:288:157:295:302:231:303:300:69:283:297:301:271:293:260:219:277:265:304:305:304:261:205:86:306:292:188:308:302:309:291:305:205:237:295:308:287:296:191:310:311:24:198:311:313:309:314:315:142:316:266:250:313:314:317:306:314:92:298:230:299:253:14:303:111:158:318:289:309:257:238:317:320:321:320:113:299:316:317:315:321:318:322:267:60:323:323:323:203:157:324:325:326:251:68:310:327:319:324:328:104:305:325:288:328:329:285:330:322:294:331:331:332:460:332:334:335:336:337:338:334:339:222:339:321:340:335:460:341:340:338:330:329:342:214:229:342:343:335:282:336:188:235:337:72:326:327:344:345:346:347:269:345:341:348:349:349:85:346:350:348:351:351:343:352:241:255:299:342:310:353:344:1:115:354:349:301:23:350:339:264:352:315:355:355:353:279:356:328:335:65:347:357:356:318:358:357:359:354:354:337:83:327:360:199:361:362:363:311:364:365:361:363:359:355:364:366:367:368:332:360:102:369:365:358:366:252:338:370:371:272:206:368:372:369:373:370:374:25:374:297:375:343:376:262:100:263:273:362:371:8:377:378:245:376:375:377:363:373:333:367:368:378:126:372:52:276:376:311:345:379:380:370:284:381:382:225:106:383:344:377:383:262:384:385:381:296:386:362:262:129:207:359:381:379:322:387:319:333:244:258:388:342:389:213:380:329:387:356:389:382:16:390:310:366:388:390:347:176:274:346:391:385:306:392:393:386:58:394:304:371:395:395:367:280:396:396:229:357:392:256:397:397:320:376:54:316:398:399:400:393:401:163:402:400:403:350:365:391:399:404:398:290:394:405:0:406:326:404:375:406:402:361:28:403:401:407:385:341:408:124:336:298:410:411:379:372:281:297:398:408:351:18:412:407:413:178:412:399:118:401:380:218:331:377:348:400:386:414:400:415:414:356:416:415:416:99:417:353:418:373:351:418:106:330:420:350:410:173:421:417:262:307:212:382:452:424:413:275:402:425:420:303:308:425:427:161:112:410:283:406:457:428:429:254:302:429:329:393:421:10:265:430:194:99:387:424:397:352:428:358:431:427:432:228:420:258:430:433:434:241:434:547:431:234:433:468:277:432:383:436:437:384:438:383:384:439:198:440:440:425:417:441:415:442:15:307:499:450:445:437:523:441:450:399:185:321:446:438:447:447:448:427:265:441:447:445:444:389:413:446:449:422:408:451:452:247:407:523:364:434:436:439:453:411:454:454:275:340:453:455:456:179:427:237:451:465:293:422:455:456:442:288:287:449:187:403:459:448:448:416:454:459:421:59:392:444:236:164:429:463:419:464:462:464:465:466:463:409:421:442:390:369:465:466:280:467:227:437:424:468:469:470:415:436:469:471:418:439:203:472:455:103:370:414:353:452:168:429:472:440:281:378:470:473:475:468:186:569:476:477:449:314:478:422:479:480:481:324:304:482:478:483:475:476:479:481:484:494:444:480:201:432:486:388:485:446:471:460:480:482:59:119:488:467:489:483:477:445:490:182:433:489:348:490:491:491:484:492:426:303:454:477:405:492:498:494:495:347:495:209:491:170:44:328:446:488:496:494:497:369:306:226:486:209:496:486:409:396:482:419:164:500:501:487:590:207:488:438:497:501:476:500:504:505:390:471:504:506:462:503:507:507:508:509:506:154:412:505:510:510:131:475:368:481:508:511:512:498:181:509:466:428:513:512:514:105:484:514:515:431:513:470:93:64:515:47:397:516:517:518:512:459:506:53:517:216:516:419:507:499:519:451:520:381:521:12:334:522:495:520:523:490:313:291:518:405:525:217:511:515:525:590:90:467:463:519:528:521:520:529:530:325:531:532:188:373:529:464:533:532:500:144:533:374:487:276:534:529:452:531:479:535:530:523:528:80:536:322:516:355:95:537:485:534:467:537:522:539:540:539:535:541:249:96:541:540:255:521:518:532:542:543:544:536:542:543:522:425:312:533:496:531:545:388:513:490:544:546:141:545:546:547:465:548:539:499:401:549:152:293:29:549:550:302:394:551:404:552:552:553:554:483:552:175:437:549:550:379:472:555:554:555:544:493:319:547:557:553:480:489:558:548:550:582:197:556:272:601:601:560:561:562:560:546:492:503:563:562:557:560:558:561:564:551:565:537:458:510:535:563:464:566:540:600:30:564:239:568:323:390:568:458:569:498:570:204:494:504:572:440:389:536:566:519:572:573:204:565:574:145:501:566:474:478:574:575:493:576:575:577:576:563:469:577:578:448:573:551:395:508:569:576:579:580:580:509:573:581:579:582:420:583:211:584:570:585:430:456:581:453:586:587:561:554:588:582:120:525:589:528:572:341:73:578:556:589:578:511:591:577:592:588:591:593:593:497:565:586:457:592:343:594:66:538:595:584:80:167:595:505:594:585:526:541:596:576:594:596:426:320:598:426:584:586:583:524:599:585:522:600:542:600:601:602:605:479:603:574:602:604:491:543:604:586:530:599:587:605:271:603:555:598:579:557:311:607:49:588:575:523:604:433:607
59,25,595,0,6569,43:1:2:32:2:4:5:6:7:4:8:5:1:9:10:3:10:12:11:312:12:14:9:8:15:16:17:15:18:19:20:19:81:22:48:36:23:18:14:20:24:4:16:6:25:12:38:26:0:28:131:25:29:29:20:30:45:24:26:31:606:7:33:17:28:33:21:30:23:4:34:21:16:34:312:48:36:312:22:0:37:46:31:30:38:23:39:39:606:40:41:7:42:43:2:38:3:41:33:44:3:19:0:46:47:45:606:49:31:50:10:50:49:44:51:77:34:47:52:51:53:54:55:36:53:32:57:28:48:94:93:42:60:49:61:61:62:63:55:64:65:54:52:62:43:64:93:66:67:1:73:67:68:60:37:69:57:65:70:182:69:22:71:8:60:71:72:56:40:68:29:63:42:74:66:74:65:75:37:43:76:75:77:81:45:78:233:76:72:79:61:80:79:11:82:83:84:56:64:79:70:85:86:85:80:81:86:80:73:87:83:63:69:55:88:89:78:90:88:91:67:91:89:14:70:78:81:88:94:46:95:92:82:5:52:44:55:96:87:95:97:96:66:97:72:50:98:17:136:99:100:101:102:103:82:104:25:103:101:105:106:103:73:107:105:104:108:98:109:108:51:109:39:100:27:15:110:71:107:111:112:113:114:54:115:116:102:110:83:116:94:114:36:107:117:118:68:119:77:120:132:112:58:120:115:121:122:122:119:111:62:90:117:123:113:115:99:124:125:126:118:41:47:124:127:126:128:129:130:29:130:131:122:132:125:133:123:117:133:127:18:126:129:128:34:132:109:19:134:97:135:58:134:137:135:138:109:96:139:127:78:140:141:31:142:84:143:137:130:101:141:142:144:145:136:146:129:91:146:139:27:84:119:147:144:138:121:149:150:147:233:95:151:53:151:123:127:120:125:87:152:153:41:153:145:152:149:100:149:39:154:155:150:156:157:107:156:133:155:128:136:158:154:157:75:158:93:159:142:160:143:146:161:162:163:59:162:161:59:160:165:166:150:140:159:112:167:153:168:169:58:124:169:168:170:89:6:84:131:56:171:172:172:137:156:89:167:171:173:170:174:173:175:174:165:159:176:166:140:177:175:164:11:176:178:177:20:179:180:180:181:181:182:158:183:26:134:184:179:175:185:116:186:186:180:95:187:173:185:184:17:220:139:187:189:190:191:150:24:113:192:90:191:179:193:191:134:105:194:110:138:189:183:67:186:195:194:196:197:190:27:132:197:198:195:199:143:74:184:106:177:155:196:200:193:152:192:181:144:57:183:201:141:138:202:200:51:203:391:199:189:205:205:104:206:160:207:207:208:201:168:203:198:171:209:210:6:211:2:111:172:208:211:200:209:164:212:202:213:194:212:214:214:32:193:167:210:206:170:114:201:137:135:168:215:147:122:161:188:169:213:216:217:217:85:153:55:218:219:220:151:216:192:22:221:220:219:221:165:195:222:223:224:223:224:221:163:222:215:174:216:182:184:225:226:227:218:228:229:228:226:155:218:210:230:123:225:136:231:50:74:224:232:231:212:230:197:102:45:77:98:234:234:235:234:236:221:237:238:154:88:236:199:239:118:208:240:237:232:241:240:241:242:232:239:235:233:27:223:219:5:243:133:243:215:230:242:76:108:227:244:226:245:244:246:222:228:247:248:246:145:235:249:250:247:251:249:252:135:225:253:251:248:229:40:250:252:110:249:209:166:97:176:253:231:240:242:254:255:245:256:257:255:258:185:259:256:254:258:257:260:21:261:360:162:263:264:178:265:259:213:263:261:238:266:259:267:211:254:260:248:265:268:252:268:269:270:264:271:272:243:9:57:193:196:273:269:271:267:227:274:275:276:277:276:275:278:279:272:270:273:274:280:163:282:86:71:283:277:268:284:278:285:239:282:116:286:246:247:149:287:274:286:284:270:278:220:267:266:202:384:289:411:290:260:180:92:300:285:169:292:289:290:291:279:293:108:294:284:206:245:283:295:294:296:121:91:190:292:297:273:298:162:299:300:286:301:288:157:295:302:231:303:300:69:283:297:301:271:293:260:219:277:265:304:305:304:261:205:86:306:292:188:308:302:309:291:305:205:237:295:308:287:296:191:310:311:24:198:311:313:309:314:315:142:316:266:250:313:314:317:306:314:92:298:230:299:253:14:303:111:158:318:289:309:257:238:317:320:321:320:113:299:316:317:315:321:318:322:267:60:323:323:323:203:157:324:325:326:251:68:310:327:319:324:328:104:305:325:288:328:329:285:330:322:294:331:331:332:460:332:334:335:336:337:338:334:339:222:339:321:340:335:460:341:340:338:330:329:342:214:229:342:343:335:282:336:188:235:337:72:326:327:344:345:346:347:269:345:341:348:349:349:85:346:350:348:351:351:343:352:241:255:299:342:310:353:344:1:115:354:349:301:23:350:339:264:352:315:355:355:353:279:356:328:335:65:347:357:356:318:358:357:359:354:354:337:83:327:360:199:361:362:363:311:364:365:361:363:359:355:364:366:367:368:332:360:102:369:365:358:366:252:338:370:371:272:206:368:372:369:373:370:374:25:374:297:375:343:376:262:100:263:273:362:371:8:377:378:245:376:375:377:363:373:333:367:368:378:126:372:52:276:376:311:345:379:380:370:284:381:382:225:106:383:344:377:383:262:384:385:381:296:386:362:262:129:207:359:381:379:322:387:319:333:244:258:388:342:389:213:380:329:387:356:389:382:16:390:310:366:388:390:347:176:274:346:391:385:306:392:393:386:58:394:304:371:395:395:367:280:396:396:229:357:392:256:397:397:320:376:54:316:398:399:400:393:401:163:402:400:403:350:365:391:399:404:398:290:394:405:0:406:326:404:375:406:402:361:28:403:401:407:385:341:408:124:336:298:410:411:379:372:281:297:398:408:351:18:412:407:413:178:412:399:118:401:380:218:331:377:348:400:386:414:400:415:414:356:416:415:416:99:417:353:418:373:351:418:106:330:420:350:410:173:421:417:262:307:212:382:452:424:413:275:402:425:420:303:308:425:427:161:112:410:283:406:457:428:429:254:302:429:329:393:421:10:265:430:194:99:387:424:397:352:428:358:431:427:432:228:420:258:430:433:434:241:434:547:431:234:433:468:277:432:383:436:437:384:438:383:384:439:198:440:440:425:417:441:415:442:15:307:499:450:445:437:523:441:450:399:185:321:446:438:447:447:448:427:265:441:447:445:444:389:413:446:449:422:408:451:452:247:407:523:364:434:436:439:453:411:454:454:275:340:453:455:456:179:427:237:451:465:293:422:455:456:442:288:287:449:187:403:459:448:448:416:454:459:421:59:392:444:236:164:429:463:419:464:462:464:465:466:463:409:421:442:390:369:465:466:280:467:227:437:424:468:469:470:415:436:469:471:418:439:203:472:455:103:370:414:353:452:168:429:472:440:281:378:470:473:475:468:186:569:476:477:449:314:478:422:479:480:481:324:304:482:478:483:475:476:479:481:484:494:444:480:201:432:486:388:485:446:471:460:480:482:59:119:488:467:489:483:477:445:490:182:433:489:348:490:491:491:484:492:426:303:454:477:405:492:498:494:495:347:495:209:491:170:44:328:446:488:496:494:497:369:306:226:486:209:496:486:409:396:482:419:164:500:501:487:590:207:488:438:497:501:476:500:504:505:390:471:504:506:462:503:507:507:508:509:506:154:412:505:510:510:131:475:368:481:508:511:512:498:181:509:466:428:513:512:514:105:484:514:515:431:513:470:93:64:515:47:397:516:517:518:512:459:506:53:517:216:516:419:507:499:519:451:520:381:521:12:334:522:495:520:523:490:313:291:518:405:525:217:511:515:525:590:90:467:463:519:528:521:520:529:530:325:531:532:188:373:529:464:533:532:500:144:533:374:487:276:534:529:452:531:479:535:530:523:528:80:536:322:516:355:95:537:485:534:467:537:522:539:540:539:535:541:249:96:541:540:255:521:518:532:542:543:544:536:542:543:522:425:312:533:496:531:545:388:513:490:544:546:141:545:546:547:465:548:539:499:401:549:152:293:29:549:550:302:394:551:404:552:552:553:554:483:552:175:437:549:550:379:472:555:554:555:544:493:319:547:557:553:480:489:558:548:550:582:197:556:272:601:601:560:561:562:560:546:492:503:563:562:557:560:558:561:564:551:565:537:458:510:535:563:464:566:540:600:30:564:239:568:323:390:568:458:569:498:570:204:494:504:572:440:389:536:566:519:572:573:204:565:574:145:501:566:474:478:574:575:493:576:575:577:576:563:469:577:578:448:573:551:395:508:569:576:579:580:580:509:573:581:579:582:420:583:211:473:570:585:430:456:581:453:586:587:561:554:588:582:120:525:589:528:572:341:73:578:556:589:578:511:591:577:592:588:591:593:593:497:565:586:457:592:343:594:66:538:595:584:80:167:595:505:594:585:526:541:596:576:594:596:426:320:598:426:584:586:583:524:599:585:522:600:542:600:601:602:605:479:603:574:602:604:491:543:604:586:530:599:587:605:271:603:555:598:579:557:311:607:49:588:575:523:604:433:607
62,27,594,0,6568,43:1:2:32:2:4:5:6:7:4:8:5:1:9:10:3:10:12:11:312:12:14:9:8:15:16:17:15:18:19:20:19:81:22:48:36:23:18:14:20:24:4:16:6:25:12:38:26:0:28:131:25:29:29:20:30:45:24:26:31:606:7:33:17:28:33:21:30:23:4:34:21:16:34:312:48:36:312:22:0:37:46:31:30:38:23:39:39:606:40:41:7:42:43:2:38:3:41:33:44:3:19:0:46:47:45:606:49:31:50:10:50:49:44:51:77:34:47:52:51:53:54:55:36:53:32:57:28:48:94:93:42:60:49:61:61:62:63:55:64:65:54:52:62:43:64:93:66:67:1:73:67:68:60:37:69:57:65:70:182:69:22:71:8:60:71:72:56:40:68:29:63:42:74:66:74:65:75:37:43:76:75:77:81:45:78:233:76:72:79:61:80:79:11:82:83:84:56:64:79:70:85:86:85:80:81:86:80:73:87:83:63:69:55:88:89:78:90:88:91:67:91:89:14:70:78:81:88:94:46:95:92:82:5:52:44:55:96:87:95:97:96:66:97:72:50:98:17:136:99:100:101:102:103:82:104:25:103:101:105:106:103:73:107:105:104:108:98:109:108:51:109:39:100:27:15:110:71:107:111:112:113:114:54:115:116:102:110:83:116:94:114:36:107:117:118:68:119:77:120:132:112:58:120:115:121:122:122:119:111:62:90:117:123:113:115:99:124:125:126:118:41:47:124:127:126:128:129:130:29:130:131:122:132:125:133:123:117:133:127:18:126:129:128:34:132:109:19:134:97:135:58:134:137:135:138:109:96:139:127:78:140:141:31:142:84:143:137:130:101:141:142:144:145:136:146:129:91:146:139:27:84:119:147:144:138:121:149:150:147:233:95:151:53:151:123:127:120:125:87:152:153:41:153:145:152:149:100:149:39:154:155:150:156:157:107:156:133:155:128:136:158:154:157:75:158:93:159:142:160:143:146:161:162:163:59:162:161:59:160:165:166:150:140:159:112:167:153:168:169:58:124:169:168:170:89:6:84:131:56:171:172:172:137:156:89:167:171:173:170:174:173:175:174:165:159:176:166:140:177:175:164:11:176:178:177:20:179:180:180:181:181:182:158:183:26:134:184:179:175:185:116:186:186:180:95:187:173:185:184:17:220:139:187:189:190:191:150:24:113:192:90:191:179:193:191:134:105:194:110:138:189:183:67:186:195:194:196:197:190:27:132:197:198:195:199:143:74:184:106:177:155:196:200:193:152:192:181:144:57:183:201:141:138:202:200:51:203:391:199:189:205:205:104:206:160:207:207:208:201:168:203:198:171:209:210:6:211:2:111:172:208:211:200:209:164:212:202:213:194:212:214:214:32:193:167:210:206:170:114:201:137:135:168:215:147:122:161:188:169:213:216:217:217:85:153:55:218:219:220:151:216:192:22:221:220:219:221:165:195:222:223:224:223:224:221:163:222:215:174:216:182:184:225:226:227:218:228:229:228:226:155:218:210:230:123:225:136:231:50:74:224:232:231:212:230:197:102:45:77:98:234:234:235:234:236:221:237:238:154:88:236:199:239:118:208:240:237:232:241:240:241:242:232:239:235:233:27:223:219:5:243:133:243:215:230:242:76:108:227:244:226:245:244:246:222:228:247:248:246:145:235:249:250:247:251:249:252:135:225:253:251:248:229:40:250:252:110:249:209:166:97:176:253:231:240:242:254:255:245:256:257:255:258:185:259:256:254:258:257:260:21:261:360:162:263:264:178:265:259:213:263:261:238:266:259:267:211:254:260:248:265:268:252:268:269:270:264:271:272:243:9:57:193:196:273:269:271:267:227:274:275:276:277:276:275:278:279:272:270:273:274:280:163:282:86:71:283:277:268:284:278:285:239:282:116:286:246:247:149:287:274:286:284:270:278:220:267:266:202:384:289:411:290:260:180:92:300:285:169:292:289:290:291:279:293:108:294:284:206:245:283:295:294:296:121:91:190:292:297:273:298:162:299:300:286:524:288:157:295:302:231:303:300:69:283:297:524:271:293:260:219:277:265:304:305:304:261:205:86:306:292:188:308:302:309:291:305:205:237:295:308:287:296:191:310:311:24:198:311:313:309:314:315:142:316:266:250:313:314:317:306:314:92:298:230:299:253:14:303:111:158:318:289:309:257:238:317:320:321:320:113:299:316:317:315:321:318:322:267:60:323:323:323:203:157:324:325:326:251:68:310:327:319:324:328:104:305:325:288:328:329:285:330:322:294:331:331:332:460:332:334:335:336:337:338:334:339:222:339:321:340:335:460:341:340:338:330:329:342:214:229:342:343:335:282:336:188:235:337:72:326:327:344:345:346:347:269:345:341:348:349:349:85:346:350:348:351:351:343:352:241:255:299:342:310:353:344:1:115:354:349:524:23:350:339:264:352:315:355:355:353:279:356:328:335:65:347:357:356:318:358:357:359:354:354:337:83:327:360:199:361:362:363:311:364:365:361:363:359:355:364:366:367:368:332:360:102:369:365:358:366:252:338:370:371:272:206:368:372:369:373:370:374:25:374:297:375:343:376:262:100:263:273:362:371:8:377:378:245:376:375:377:363:373:333:367:368:378:126:372:52:276:376:311:345:379:380:370:284:381:382:225:106:383:344:377:383:262:384:385:381:296:386:362:262:129:207:359:381:379:322:387:319:333:244:258:388:342:389:213:380:329:387:356:389:382:16:390:310:366:388:390:347:176:274:346:391:385:306:392:393:386:58:394:304:371:395:395:367:280:396:396:229:357:392:256:397:397:320:376:54:316:398:399:400:393:401:163:402:400:403:350:365:391:399:404:398:290:394:405:0:406:326:404:375:406:402:361:28:403:401:407:385:341:408:124:336:298:410:411:379:372:281:297:398:408:351:18:412:407:413:178:412:399:118:401:380:218:331:377:348:400:386:414:400:415:414:356:416:415:416:99:417:353:418:373:351:418:106:330:420:350:410:173:421:417:262:307:212:382:452:424:413:275:402:425:420:303:308:425:427:161:112:410:283:406:457:428:429:254:302:429:329:393:421:10:265:430:194:99:387:424:397:352:428:358:431:427:432:228:420:258:430:433:434:241:434:547:431:234:433:468:277:432:383:436:437:384:438:383:384:439:198:440:440:425:417:441:415:442:15:307:499:450:445:437:523:441:450:399:185:321:446:438:447:447:448:427:265:441:447:445:444:389:413:446:449:422:408:451:452:247:407:523:364:434:436:439:453:411:454:454:275:340:453:455:456:179:427:237:451:465:293:422:455:456:442:288:287:449:187:403:459:448:448:416:454:459:421:59:392:444:236:164:429:463:419:464:462:464:465:466:463:409:421:442:390:369:465:466:280:467:227:437:424:468:469:470:415:436:469:471:418:439:203:472:455:103:370:414:353:452:168:429:472:440:281:378:470:473:475:468:186:569:476:477:449:314:478:422:479:480:481:324:304:301:478:483:475:476:479:481:484:494:444:480:201:432:486:388:485:446:471:460:480:301:59:119:488:467:489:483:477:445:490:182:433:489:348:490:491:491:484:492:426:303:454:477:405:492:498:494:495:347:495:209:491:170:44:328:446:488:496:494:497:369:306:226:486:209:496:486:409:396:301:419:164:500:501:487:590:207:488:438:497:501:476:500:504:505:390:471:504:506:462:503:507:507:508:509:506:154:412:505:510:510:131:475:368:481:508:511:512:498:181:509:466:428:513:512:514:105:484:514:515:431:513:470:93:64:515:47:397:516:517:518:512:459:506:53:517:216:516:419:507:499:519:451:520:381:521:12:334:522:495:520:523:490:313:291:518:405:525:217:511:515:525:590:90:467:463:519:528:521:520:529:530:325:531:532:188:373:529:464:533:532:500:144:533:374:487:276:534:529:452:531:479:535:530:523:528:80:536:322:516:355:95:537:485:534:467:537:522:539:540:539:535:541:249:96:541:540:255:521:518:532:542:543:544:536:542:543:522:425:312:533:496:531:545:388:513:490:544:546:141:545:546:547:465:548:539:499:401:549:152:293:29:549:550:302:394:551:404:552:552:553:554:483:552:175:437:549:550:379:472:555:554:555:544:493:319:547:557:553:480:489:558:548:550:582:197:556:272:601:601:560:561:562:560:546:492:503:563:562:557:560:558:561:564:551:565:537:458:510:535:563:464:566:540:600:30:564:239:568:323:390:568:458:569:498:570:204:494:504:572:440:389:536:566:519:572:573:204:565:574:145:501:566:474:478:574:575:493:576:575:577:576:563:469:577:578:448:573:551:395:508:569:576:579:580:580:509:573:581:579:582:420:583:211:473:570:585:430:456:581:453:586:587:561:554:588:582:120:525:589:528:572:341:73:578:556:589:578:511:591:577:592:588:591:593:593:497:565:586:457:592:343:594:66:538:595:584:80:167:595:505:594:585:526:541:596:576:594:596:426:320:598:426:584:586:583:517:599:585:522:600:542:600:601:602:605:479:603:574:602:604:491:543:604:586:530:599:587:605:271:603:555:598:579:557:311:607:49:588:575:523:604:433:607
65,29,594,0,6567,43:1:2:32:2:4:5:6:7:4:8:5:1:9:10:3:10:12:11:312:12:14:9:8:15:16:21:15:18:19:20:19:81:22:48:36:23:18:14:20:24:4:16:6:25:12:38:26:0:28:131:25:29:29:20:30:45:24:26:31:606:7:33:21:28:33:21:30:23:4:34:32:16:34:312:48:36:312:22:0:37:46:31:30:38:23:39:39:606:40:41:7:42:43:2:38:3:41:33:44:3:19:0:46:47:45:606:49:31:50:10:50:49:44:51:77:34:47:52:51:53:54:55:36:53:32:57:28:48:94:93:42:60:49:61:61:62:63:55:64:65:54:52:62:43:64:93:66:67:1:73:67:68:60:37:69:57:65:70:182:69:22:71:8:60:71:72:56:40:68:29:63:42:74:66:74:65:75:37:43:76:75:77:81:45:78:233:76:72:79:61:80:79:11:82:83:84:56:64:79:70:85:86:85:80:81:86:80:73:87:83:63:69:55:88:89:78:90:88:91:67:91:89:14:70:78:81:88:94:46:95:92:82:5:52:44:55:96:87:95:97:96:66:97:72:50:98:17:136:99:100:101:102:103:82:104:25:103:101:105:106:103:73:107:105:104:108:98:109:108:51:109:39:100:27:15:110:71:107:111:112:113:114:54:115:116:102:110:83:116:94:114:36:107:117:118:68:119:77:120:132:112:58:120:115:121:122:122:119:111:62:90:117:123:113:115:99:124:125:126:118:41:47:124:127:126:128:129:130:29:130:131:122:132:125:133:123:117:133:127:18:126:129:128:34:132:109:19:134:97:135:58:134:137:135:138:109:96:139:127:78:140:141:31:142:84:143:137:130:101:141:142:144:145:136:146:129:91:146:139:27:84:119:147:144:138:121:149:150:147:233:95:151:53:151:123:127:120:125:87:152:153:41:153:145:152:149:100:149:39:154:155:150:156:157:107:156:133:155:128:136:158:154:157:75:158:93:159:142:160:143:146:161:162:163:59:162:161:59:160:165:166:150:140:159:112:167:153:168:169:58:124:169:168:170:89:6:84:131:56:171:172:172:137:156:89:167:171:173:170:174:173:175:174:165:159:176:166:140:177:175:164:11:176:178:177:20:179:180:180:181:181:182:158:183:26:134:184:179:175:185:116:186:186:180:95:187:173:185:184:17:220:139:187:189:190:191:150:24:113:192:90:191:179:193:191:134:105:194:110:138:189:183:67:186:195:194:196:197:190:27:132:197:198:195:199:143:74:184:106:177:155:196:200:193:152:192:181:144:57:183:201:141:138:202:200:51:203:391:199:189:205:205:104:206:160:207:207:208:201:168:203:198:171:209:210:6:211:2:111:172:208:211:200:209:164:212:202:213:194:212:214:214:17:193:167:210:206:170:114:201:137:135:168:215:147:122:161:188:169:213:216:217:217:85:153:55:218:219:220:151:216:192:22:221:220:219:221:165:195:222:223:224:223:224:221:163:222:215:174:216:182:184:225:226:227:218:228:229:228:226:155:218:210:230:123:225:136:231:50:74:224:232:231:212:230:197:102:45:77:98:234:234:235:234:236:221:237:238:154:88:236:199:239:118:208:240:237:232:241:240:241:242:232:239:235:233:27:223:219:5:243:133:243:215:230:242:76:108:227:244:226:245:244:246:222:228:247:248:246:145:235:249:250:247:251:249:252:135:225:253:251:248:229:40:250:252:110:249:209:166:97:176:253:231:240:242:254:255:245:256:257:255:258:185:259:256:254:258:257:260:32:261:360:162:263:264:178:265:259:213:263:261:238:266:259:267:211:254:260:248:265:268:252:268:269:270:264:271:272:243:9:57:193:196:273:269:271:267:227:274:275:276:277:276:275:278:279:272:270:273:274:280:163:282:86:71:283:277:268:284:278:285:239:282:116:286:246:247:149:287:274:286:284:270:278:220:267:266:202:384:289:411:290:260:180:92:300:285:169:292:289:290:291:279:293:108:294:284:206:245:283:295:294:296:121:91:190:292:297:273:298:162:299:300:286:524:288:157:295:302:231:303:300:69:283:297:524:271:293:260:219:277:265:304:305:304:261:205:86:306:292:188:308:302:309:291:305:205:237:295:308:287:296:191:310:311:24:198:311:313:309:314:315:142:316:266:250:313:314:317:306:314:92:298:230:299:253:14:303:111:158:318:289:309:257:238:317:320:321:320:113:299:316:317:315:321:318:322:267:60:323:323:323:203:157:324:325:326:251:68:310:327:319:324:328:104:305:325:288:328:329:285:330:322:294:331:331:332:460:332:334:335:336:337:338:334:339:222:339:321:340:335:460:341:340:338:330:329:342:214:229:342:343:335:282:336:188:235:337:72:326:327:344:345:346:347:269:345:341:348:349:349:85:346:350:348:351:351:343:352:241:255:299:342:310:353:344:1:115:354:349:524:23:350:339:264:352:315:355:355:353:279:356:328:335:65:347:357:356:318:358:357:359:354:354:337:83:327:360:199:361:362:363:311:364:365:361:363:359:355:364:366:367:368:332:360:102:369:365:358:366:252:338:370:371:272:206:368:372:369:373:370:374:25:374:297:375:343:376:262:100:263:273:362:371:8:377:378:245:376:375:377:363:373:333:367:368:378:126:372:52:276:376:311:345:379:380:370:284:381:382:225:106:383:344:377:383:262:384:385:381:296:386:362:262:129:207:359:381:379:322:387:319:333:244:258:388:342:389:213:380:329:387:356:389:382:16:390:310:366:388:390:347:176:274:346:391:385:306:392:393:386:58:394:304:371:395:395:367:280:396:396:229:357:392:256:397:397:320:376:54:316:398:399:400:393:401:163:402:400:403:350:365:391:399:404:398:290:394:405:0:406:326:404:375:406:402:361:28:403:401:407:385:341:408:124:336:298:410:411:379:372:281:297:398:408:351:18:412:407:413:178:412:399:118:401:380:218:331:377:348:400:386:414:400:415:414:356:416:415:416:99:417:353:418:373:351:418:106:330:420:350:410:173:421:417:262:307:212:382:452:424:413:275:402:425:420:303:308:425:427:161:112:410:283:406:457:428:429:254:302:429:329:393:421:10:265:430:194:99:387:424:397:352:428:358:431:427:432:228:420:258:430:433:434:241:434:547:431:234:433:468:277:432:383:436:437:384:438:383:384:439:198:440:440:425:417:441:415:442:15:307:499:450:445:437:523:441:450:399:185:321:446:438:447:447:448:427:265:441:447:445:444:389:413:446:449:422:408:451:452:247:407:523:364:434:436:439:453:411:454:454:275:340:453:455:456:179:427:237:451:465:293:422:455:456:442:288:287:449:187:403:459:448:448:416:454:459:421:59:392:444:236:164:429:463:419:464:462:464:465:466:463:409:421:442:390:369:465:466:280:467:227:437:424:468:469:470:415:436:469:471:418:439:203:472:455:103:370:414:353:452:168:429:472:440:281:378:470:473:475:468:186:569:476:477:449:314:478:422:479:480:481:324:304:301:478:483:475:476:479:481:484:494:444:480:201:432:486:388:485:446:471:460:480:301:59:119:488:467:489:483:477:445:490:182:433:489:348:490:491:491:484:492:426:303:454:477:405:492:498:494:495:347:495:209:491:170:44:328:446:488:496:494:497:369:306:226:486:209:496:486:409:396:301:419:164:500:501:487:590:207:488:438:497:501:476:500:504:505:390:471:504:506:462:503:507:507:508:509:506:154:412:505:510:510:131:475:368:481:508:511:512:498:181:509:466:428:513:512:514:105:484:514:515:431:513:470:93:64:515:47:397:516:517:518:512:459:506:53:517:216:516:419:507:499:519:451:520:381:521:12:334:522:495:520:523:490:313:291:518:405:525:217:511:515:525:590:90:467:463:519:528:521:520:529:530:325:531:532:188:373:529:464:533:532:500:144:533:374:487:276:534:529:452:531:479:535:530:523:528:80:536:322:516:355:95:537:485:534:467:537:522:539:540:539:535:541:249:96:541:540:255:521:518:532:542:543:544:536:542:543:522:425:312:533:496:531:545:388:513:490:544:546:141:545:546:547:465:548:539:499:401:549:152:293:29:549:550:302:394:551:404:552:552:553:554:483:552:175:437:549:550:379:472:555:554:555:544:493:319:547:557:553:480:489:558:548:550:582:197:556:272:601:601:560:561:562:560:546:492:503:563:562:557:560:558:561:564:551:565:537:458:510:535:563:464:566:540:600:30:564:239:568:323:390:568:458:569:498:570:204:494:504:572:440:389:536:566:519:572:573:204:565:574:145:501:566:474:478:574:575:493:576:575:577:576:563:469:577:578:448:573:551:395:508:569:576:579:580:580:509:573:581:579:582:420:583:211:473:570:585:430:456:581:453:586:587:561:554:588:582:120:525:589:528:572:341:73:578:556:589:578:511:591:577:592:588:591:593:593:497:565:586:457:592:343:594:66:538:595:584:80:167:595:505:594:585:526:541:596:576:594:596:426:320:598:426:584:586:583:517:599:585:522:600:542:600:601:602:605:479:603:574:602:604:491:543:604:586:530:599:587:605:271:603:555:598:579:557:311:607:49:588:575:523:604:433:607
66,29,594,0,6566,43:1:2:32:2:4:5:6:7:4:8:5:1:9:10:3:10:12:11:312:12:14:9:8:15:16:21:15:18:19:20:19:81:22:48:36:23:18:14:20:24:4:16:6:25:12:38:26:0:28:131:25:29:29:20:30:45:24:26:31:606:7:33:21:28:33:21:30:23:4:34:32:16:34:312:48:36:312:22:0:37:46:31:30:38:23:39:39:606:40:41:7:42:43:2:38:3:41:33:44:3:19:0:46:47:45:606:49:31:50:10:50:49:44:51:77:34:47:52:51:53:54:55:36:53:32:57:28:48:94:93:42:60:49:61:61:62:63:55:64:65:54:52:62:43:64:93:66:67:1:73:67:68:60:37:69:57:65:70:182:69:22:71:8:60:71:72:56:40:68:29:63:42:74:66:74:65:75:37:43:76:75:77:81:45:78:233:76:72:79:61:80:79:11:82:83:84:56:64:79:70:85:86:85:80:81:86:80:73:87:83:63:69:55:88:89:78:90:88:91:67:91:89:14:70:78:81:88:94:46:95:92:82:5:52:44:55:96:87:95:97:96:66:97:72:50:98:17:136:99:100:101:102:103:82:104:25:103:101:105:106:103:73:107:105:104:108:98:109:108:51:109:39:100:27:15:110:71:107:111:112:113:114:54:115:116:102:110:83:116:94:114:36:107:117:118:68:119:77:120:132:112:58:120:115:121:122:122:119:111:62:90:117:123:113:115:99:124:125:126:118:41:47:124:127:126:128:129:130:29:130:131:122:132:125:133:123:117:133:127:18:126:129:128:34:132:109:19:134:97:135:58:134:137:135:138:109:96:139:127:78:140:141:31:142:84:143:137:130:101:141:142:144:145:136:146:129:91:146:139:27:84:119:147:144:138:121:149:150:147:233:95:151:53:151:123:127:120:125:87:152:153:41:153:145:152:149:100:149:39:154:155:150:156:157:107:156:133:155:128:136:158:154:157:75:158:93:159:142:160:143:146:161:162:163:59:162:161:59:160:165:166:150:140:159:112:167:153:168:169:58:124:169:168:170:89:6:84:131:56:171:172:172:137:156:89:167:171:173:170:174:173:175:174:165:159:176:166:140:177:175:164:11:176:178:177:20:179:180:180:181:181:182:158:183:26:134:184:179:175:185:116:186:186:180:95:187:173:185:184:17:220:139:187:189:190:191:150:24:113:192:90:191:179:193:191:134:105:194:110:138:189:183:67:186:195:194:196:197:190:27:132:197:198:195:199:143:74:184:106:177:155:196:200:193:152:192:181:144:57:183:201:141:138:202:200:51:203:391:199:189:205:205:104:206:160:207:207:208:201:168:203:198:171:209:210:6:211:2:111:172:208:211:200:209:164:212:202:213:194:212:214:214:17:193:167:210:206:170:114:201:137:135:168:215:147:122:161:188:169:213:216:217:217:85:153:55:218:219:220:151:216:192:22:221:220:219:221:165:195:222:223:224:223:224:221:163:222:215:174:216:182:184:225:226:227:218:228:229:228:226:155:218:210:230:123:225:136:231:50:74:224:232:231:212:230:197:102:45:77:98:234:234:235:234:236:221:237:238:154:88:236:199:239:118:208:240:237:232:241:240:241:242:232:239:235:233:27:223:219:5:243:133:243:215:230:242:76:108:227:244:226:245:244:246:222:228:247:248:246:145:235:249:250:247:251:249:252:135:225:253:251:248:229:40:250:252:110:249:209:166:97:176:253:231:240:242:254:255:245:256:257:255:258:185:259:256:254:258:257:260:32:261:360:162:263:264:178:265:259:213:263:261:238:266:259:267:211:254:260:248:265:268:252:268:269:270:264:271:272:243:9:57:193:196:273:269:271:267:227:274:275:276:277:276:275:278:279:272:270:273:274:280:163:282:86:71:283:277:268:284:278:285:239:282:116:286:246:247:149:287:274:286:284:270:278:220:267:266:202:384:289:411:290:260:180:92:300:285:169:292:289:290:291:279:293:108:294:284:206:245:283:295:294:296:121:91:190:292:297:273:298:162:299:300:286:524:288:157:295:302:231:303:300:69:283:297:524:271:293:260:219:277:265:304:305:304:261:205:86:306:292:188:308:302:309:291:305:205:237:295:308:287:296:191:310:311:24:198:311:313:309:314:315:142:316:266:250:313:314:317:306:314:92:298:230:299:253:14:303:111:158:318:289:309:257:238:317:320:321:320:113:299:316:317:315:321:318:322:267:60:323:323:323:203:157:324:325:326:251:68:310:327:319:324:328:104:305:325:288:328:329:285:330:322:294:331:331:332:460:332:334:335:336:337:338:334:339:222:339:321:340:335:460:341:340:338:330:329:342:214:229:342:343:335:282:336:188:235:337:72:326:327:344:345:346:347:269:345:341:348:349:349:85:346:350:348:351:351:343:352:241:255:299:342:310:353:344:1:115:354:349:524:23:350:339:264:352:315:355:355:353:279:356:328:335:65:347:357:356:318:358:357:359:354:354:337:83:327:360:199:361:362:363:311:364:365:361:363:359:355:364:366:367:368:332:360:102:369:365:358:366:252:338:370:371:272:206:368:372:369:373:370:374:25:374:297:375:343:376:262:100:263:273:362:371:8:377:378:245:376:375:377:363:373:333:367:368:378:126:372:52:276:376:311:345:379:380:370:284:381:382:225:106:383:344:377:383:262:384:385:381:296:386:362:262:129:207:359:381:379:322:387:319:333:244:258:388:342:389:213:380:329:387:356:389:382:16:390:310:366:388:390:347:176:274:346:391:385:306:392:393:386:58:394:304:371:395:395:367:280:396:396:229:357:392:256:397:397:320:376:54:316:398:399:400:393:401:163:402:400:403:350:365:391:399:404:398:290:394:405:0:406:326:404:375:406:402:361:28:403:401:407:385:341:408:124:336:298:410:411:379:372:281:297:398:408:351:18:412:407:413:178:412:399:118:401:380:218:331:377:348:400:386:414:400:415:414:356:416:415:416:99:417:353:418:373:351:418:106:330:420:350:410:173:421:417:262:307:212:382:452:424:413:275:402:425:420:303:308:425:427:161:112:410:283:406:457:428:429:254:302:429:329:393:421:10:265:430:194:99:387:424:397:352:428:358:431:427:432:228:420:258:430:433:434:241:434:547:431:234:433:468:277:432:383:436:437:384:438:383:384:439:198:440:440:425:417:441:415:442:15:307:499:450:445:437:523:441:450:399:185:321:446:438:447:447:448:427:265:441:447:445:444:389:413:446:449:422:408:451:452:247:407:523:364:434:436:439:453:411:454:454:275:340:453:455:456:179:427:237:451:465:293:422:455:456:442:288:287:449:187:403:459:448:448:416:454:459:421:59:392:444:236:164:429:463:419:464:462:464:465:466:463:409:421:442:390:369:465:466:280:467:227:437:424:468:469:470:415:436:469:471:418:439:203:472:455:103:370:414:353:452:168:429:472:440:281:378:470:473:475:468:186:569:476:477:449:314:478:422:479:480:481:324:304:301:478:483:475:476:479:481:484:494:444:480:201:432:486:388:485:446:471:460:480:301:59:119:488:467:489:483:477:445:490:182:433:489:348:490:491:491:484:492:426:303:454:477:405:462:498:494:495:347:495:209:491:170:44:328:446:488:496:494:497:369:306:226:486:209:496:486:409:396:301:419:164:500:501:487:590:207:488:438:497:501:476:500:504:505:390:471:504:506:462:503:507:507:508:509:506:154:412:505:510:510:131:475:368:481:508:511:512:498:181:509:466:428:513:512:514:105:484:514:515:431:513:470:93:64:515:47:397:516:517:518:512:459:506:53:517:216:516:419:507:499:519:451:520:381:521:12:334:522:495:520:523:490:313:291:518:405:525:217:511:515:525:590:90:467:463:519:528:521:520:529:530:325:531:532:188:373:529:464:533:532:500:144:533:374:487:276:534:529:452:531:479:492:530:523:528:80:536:322:516:355:95:537:485:534:467:537:522:539:540:539:499:541:249:96:541:540:255:521:518:532:542:543:544:536:542:543:522:425:312:533:496:531:545:388:513:490:544:546:141:545:546:547:465:548:539:499:401:549:152:293:29:549:550:302:394:551:404:552:552:553:554:483:552:175:437:549:550:379:472:555:554:555:544:493:319:547:557:553:480:489:558:548:550:582:197:556:272:601:601:560:561:562:560:546:535:503:563:562:557:560:558:561:564:551:565:537:458:510:535:563:464:566:540:600:30:564:239:568:323:390:568:458:569:498:570:204:494:504:572:440:389:536:566:519:572:573:204:565:574:145:501:566:474:478:574:575:493:576:575:577:576:563:469:577:578:448:573:551:395:508:569:576:579:580:580:509:573:581:579:582:420:583:211:473:570:585:430:456:581:453:586:587:561:554:588:582:120:525:589:528:572:341:73:578:556:589:578:511:591:577:592:588:591:593:593:497:565:586:457:592:343:594:66:538:595:584:80:167:595:505:594:585:526:541:596:576:594:596:426:320:598:426:584:586:583:517:599:585:522:600:542:600:601:602:605:479:603:574:602:604:491:543:604:586:530:599:587:605:271:603:555:598:579:557:311:607:49:588:575:523:604:433:607
67,29,594,0,6562,43:1:2:32:2:4:5:6:7:4:8:5:1:9:10:3:10:12:11:312:12:14:9:8:15:16:21:15:18:19:20:19:81:22:48:36:23:18:14:20:24:4:16:6:25:12:38:26:0:28:131:25:29:29:20:30:45:24:26:31:606:7:33:21:28:33:21:30:23:4:34:32:16:34:312:48:36:312:22:0:37:46:31:30:38:23:39:39:606:40:41:7:42:43:2:38:3:41:33:44:3:19:0:46:47:45:606:49:31:50:10:50:49:44:51:77:34:47:52:51:53:54:55:36:53:32:57:28:48:94:93:42:60:49:61:61:62:63:55:64:65:54:52:62:43:64:93:66:67:1:73:67:68:60:37:69:57:65:70:182:69:22:71:8:60:71:72:56:40:68:29:63:42:74:66:74:65:75:37:43:76:75:77:81:45:78:233:76:72:79:61:80:79:11:82:83:84:56:64:79:70:85:86:85:80:81:86:80:73:87:83:63:69:55:88:89:78:90:88:91:67:91:89:14:70:78:81:88:94:46:95:92:82:5:52:44:55:96:87:95:97:96:66:97:72:50:98:17:136:99:100:101:102:103:82:104:25:103:101:105:106:103:73:107:105:104:108:98:109:108:51:109:39:100:27:15:110:71:107:111:112:113:114:54:115:116:102:110:83:116:94:114:36:107:117:118:68:119:77:120:132:112:58:120:115:121:122:122:119:111:62:90:117:123:113:115:99:124:125:126:118:41:47:124:127:126:128:129:130:29:130:131:122:132:125:133:123:117:133:127:18:126:129:128:34:132:109:19:134:97:135:58:134:137:135:138:109:96:139:127:78:140:141:31:142:84:143:137:130:101:141:142:144:145:136:146:129:91:146:139:27:84:119:147:144:138:121:149:150:147:233:95:151:53:151:123:127:120:125:87:152:153:41:153:145:152:149:100:149:39:154:155:150:156:157:107:156:133:155:128:136:158:154:157:75:158:93:159:142:160:143:146:161:162:163:59:162:161:59:160:165:166:150:140:159:112:167:153:168:169:58:124:169:168:170:89:6:84:131:56:171:172:172:137:156:89:167:171:173:170:174:173:175:174:165:159:176:166:140:177:175:164:11:176:178:177:20:179:180:180:181:181:182:158:183:26:134:184:179:175:185:116:186:186:180:95:187:173:185:184:17:220:139:187:189:190:191:150:24:113:192:90:191:179:193:191:134:105:194:110:138:189:183:67:186:195:194:196:197:190:27:132:197:198:195:199:143:74:184:106:177:155:196:200:193:152:192:181:144:57:183:201:141:138:202:200:51:203:391:199:189:205:205:104:206:160:207:207:208:201:168:203:198:171:209:210:6:211:2:111:172:208:211:200:209:164:212:202:213:194:212:214:214:17:193:167:210:206:170:114:201:137:135:168:215:147:122:161:188:169:213:216:217:217:85:153:55:218:219:220:151:216:192:22:221:220:219:221:165:195:222:223:224:223:224:221:163:222:215:174:216:182:184:225:226:227:218:228:229:228:226:155:218:210:230:123:225:136:231:50:74:224:232:231:212:230:197:102:45:77:98:234:234:235:234:236:221:237:238:154:88:236:199:239:118:208:240:237:232:241:240:241:242:232:239:235:233:27:223:219:5:243:133:243:215:230:242:76:108:227:244:226:245:244:246:222:228:247:248:246:145:235:249:250:247:251:249:252:135:225:253:251:248:229:40:250:252:110:249:209:166:97:176:253:231:240:242:254:255:245:256:257:255:258:185:259:256:254:258:257:260:32:261:360:162:263:264:178:265:259:213:263:261:238:266:259:267:211:254:260:248:265:268:252:268:269:270:264:271:272:243:9:57:193:196:273:269:271:267:227:274:275:276:277:276:275:278:279:272:270:273:274:280:163:282:86:71:283:277:268:284:278:285:239:282:116:286:246:247:149:287:274:286:284:270:278:220:267:266:202:384:289:411:290:260:180:92:300:285:169:292:289:290:291:279:293:108:294:284:206:245:283:295:294:296:121:91:190:292:297:273:298:162:299:300:286:524:288:157:295:302:231:303:300:69:283:297:524:271:293:260:219:277:265:304:305:304:261:205:86:306:292:188:308:302:309:291:305:205:237:295:308:287:296:191:310:311:24:198:311:313:309:314:315:142:316:266:250:313:314:317:306:314:92:298:230:299:253:14:303:111:158:318:289:309:257:238:317:320:321:320:113:299:316:317:315:321:318:322:267:60:323:323:323:203:157:324:325:326:251:68:310:327:319:324:328:104:305:325:288:328:329:285:330:322:294:331:331:332:460:332:334:335:336:337:338:334:339:222:339:321:340:335:460:341:340:338:330:329:342:214:229:342:343:335:282:336:188:235:337:72:326:327:344:345:346:347:269:345:341:348:349:349:85:346:350:348:351:351:343:352:241:255:299:342:310:353:344:1:115:354:349:524:23:350:339:264:352:315:355:355:353:279:356:328:335:65:347:357:356:318:358:357:359:354:354:337:83:327:360:199:361:362:363:311:364:365:361:363:359:355:364:366:367:368:332:360:102:369:365:358:366:252:338:370:371:272:206:368:372:369:373:370:374:25:374:297:375:343:376:262:100:263:273:362:371:8:377:378:245:376:375:377:363:373:333:367:368:378:126:372:52:276:376:311:345:379:380:370:284:381:382:225:106:383:344:377:383:262:384:385:381:296:386:362:262:129:207:359:381:379:322:387:319:333:244:258:388:342:389:213:380:329:387:356:389:382:16:390:310:366:388:390:347:176:274:346:391:385:306:392:393:386:58:394:304:371:395:395:367:280:396:396:229:357:392:256:397:397:320:376:54:316:398:399:400:393:401:163:402:400:403:350:365:391:399:404:398:290:394:405:0:406:326:404:375:406:402:361:28:403:401:407:385:341:408:124:336:298:410:411:379:372:281:297:398:408:351:18:412:407:413:178:412:399:118:401:380:218:331:377:348:400:386:414:400:415:414:356:416:415:416:99:417:353:418:373:351:418:106:330:420:350:410:173:421:417:262:307:212:382:452:424:413:275:402:425:420:303:308:425:427:161:112:410:283:406:457:428:429:254:302:429:329:393:421:10:265:430:194:99:387:424:397:352:428:358:431:427:432:228:420:258:430:433:434:241:434:405:431:234:433:468:277:432:383:436:437:384:438:383:384:439:198:440:440:425:417:441:415:442:15:307:499:450:445:437:523:441:450:399:185:321:446:438:447:447:448:427:265:441:447:445:444:389:413:446:449:422:408:451:452:247:407:523:364:434:436:439:453:411:454:454:275:340:453:455:456:179:427:237:451:465:293:422:455:456:442:288:287:449:187:403:459:448:448:416:454:459:421:59:392:444:236:164:429:463:419:464:462:464:465:466:463:409:421:442:390:369:465:466:280:467:227:437:424:468:469:470:415:436:469:471:418:439:203:472:455:103:370:414:353:452:168:429:472:440:281:378:470:473:475:468:186:569:476:477:449:314:478:422:479:480:481:324:304:301:478:483:475:476:479:481:484:494:444:480:201:432:486:388:485:446:471:460:480:301:59:119:488:467:489:483:477:445:490:182:433:489:348:490:491:491:484:492:426:303:454:477:333:462:498:494:495:347:495:209:491:170:44:328:446:488:496:494:497:369:306:226:486:209:496:486:409:396:301:419:164:500:501:487:590:207:488:438:497:501:476:500:504:505:390:471:504:506:462:503:507:507:508:509:506:154:412:505:510:510:131:475:368:481:508:511:512:498:181:509:466:428:513:512:514:105:484:514:515:431:513:470:93:64:515:47:397:516:517:518:512:459:506:53:517:216:516:419:507:499:519:451:520:381:521:12:334:522:495:520:523:490:313:291:518:405:525:217:511:515:525:590:90:467:463:519:528:521:520:529:530:325:531:532:188:373:529:464:533:532:500:144:533:374:487:276:534:529:452:531:479:492:530:523:528:80:536:322:516:355:95:537:485:534:467:537:522:539:540:539:499:541:249:96:541:540:255:521:518:532:542:543:544:536:542:543:522:425:312:533:496:531:545:388:513:490:544:546:141:545:546:547:465:548:539:499:401:549:152:293:29:549:550:302:394:551:404:552:552:553:554:483:552:175:437:549:550:379:472:555:554:555:544:493:319:547:557:553:480:489:558:548:550:582:197:556:272:601:601:560:561:562:560:546:535:503:563:562:557:560:558:561:564:551:565:537:458:510:535:563:464:566:540:600:30:564:239:568:323:390:568:458:569:498:570:204:494:504:572:440:389:536:566:519:572:573:204:565:574:145:501:566:474:478:574:575:493:576:575:577:576:563:469:577:578:448:573:551:395:508:569:576:579:580:580:509:573:581:579:582:420:583:211:473:570:585:430:456:581:453:586:587:561:554:588:582:120:525:589:528:572:341:73:578:556:589:578:511:591:577:592:588:591:593:593:497:565:586:457:592:343:594:66:538:595:584:80:167:595:505:594:585:526:541:596:576:594:596:426:320:598:426:584:586:583:517:599:585:522:600:542:600:601:602:605:479:603:574:602:604:491:543:604:586:530:599:587:605:271:603:555:598:579:557:311:607:49:588:575:523:604:433:607
69,30,594,0,6560,43:1:2:32:2:4:5:6:7:4:8:5:1:9:10:3:10:12:11:312:12:14:9:8:15:16:21:15:18:19:20:19:81:22:48:36:23:18:14:20:24:4:16:6:25:12:38:26:0:28:131:25:29:29:20:30:45:24:26:31:606:7:33:21:28:33:21:30:23:4:34:32:16:34:312:48:36:312:22:0:37:46:31:30:38:23:39:39:606:40:41:7:42:43:2:38:3:41:33:44:3:19:0:46:47:45:606:49:31:50:10:50:49:44:51:77:34:47:52:51:53:54:55:36:53:32:57:28:48:94:93:42:60:49:61:61:62:63:55:64:65:54:52:62:43:64:93:66:67:1:73:67:68:60:37:69:57:65:70:182:69:22:71:8:60:71:72:56:40:68:29:63:42:74:66:74:65:75:37:43:76:75:77:81:45:78:233:76:72:79:61:80:79:11:82:83:84:56:64:79:70:85:86:85:80:81:86:80:73:87:83:63:69:55:88:89:78:90:88:91:67:91:89:14:70:78:81:88:94:46:95:92:82:5:52:44:55:96:87:95:97:96:66:97:72:50:98:17:136:99:100:101:102:103:82:104:25:103:101:105:106:103:73:107:105:104:108:98:109:108:51:109:39:100:27:15:110:71:107:111:112:113:114:54:115:116:102:110:83:116:94:114:36:107:117:118:68:119:77:120:132:112:58:120:115:121:122:122:119:111:62:90:117:123:113:115:99:124:125:126:118:41:47:124:127:126:128:129:130:29:130:131:122:132:125:133:123:117:133:127:18:126:129:128:34:132:109:19:134:97:135:58:134:137:135:138:109:96:139:127:78:140:141:31:142:84:143:137:130:101:141:142:144:145:136:146:129:91:146:139:27:84:119:147:144:138:121:149:150:147:233:95:151:53:151:123:127:120:125:87:152:153:41:153:145:152:149:100:149:39:154:155:150:156:157:107:156:133:155:128:136:158:154:157:75:158:93:159:142:160:143:146:161:162:163:59:162:161:59:160:165:166:150:140:159:112:167:153:168:169:58:124:169:168:170:89:6:84:131:56:171:172:172:137:156:89:167:171:173:170:174:173:175:174:165:159:176:166:140:177:175:164:11:176:178:177:20:179:180:180:181:181:182:158:183:26:134:184:179:175:185:116:186:186:180:95:187:173:185:184:17:220:139:187:189:190:191:150:24:113:192:90:191:179:193:191:134:105:194:110:138:189:183:67:186:195:194:196:197:190:27:132:197:198:195:199:143:74:184:106:177:155:196:200:193:152:192:181:144:57:183:201:141:138:202:200:51:203:391:199:189:205:205:104:206:160:207:207:208:201:168:203:198:171:209:210:6:211:2:111:172:208:211:200:209:164:212:202:213:194:212:214:214:17:193:167:210:206:170:114:201:137:135:168:215:147:122:161:188:169:213:216:217:217:85:153:55:218:219:220:151:216:192:22:221:220:219:221:165:195:222:223:224:223:224:221:163:222:215:174:216:182:184:225:226:227:218:228:229:228:226:155:218:210:230:123:225:136:231:50:74:224:232:231:212:230:197:102:45:77:98:234:234:235:234:236:221:237:238:154:88:236:199:239:118:208:240:237:232:241:240:241:242:232:239:235:233:27:223:219:5:243:133:243:215:230:242:76:108:227:244:226:245:244:246:222:228:247:248:246:145:235:249:250:247:251:249:252:135:225:253:251:248:229:40:250:252:110:249:209:166:97:176:253:231:240:242:254:255:245:256:257:255:258:185:259:256:254:258:257:260:32:261:360:162:263:264:178:265:259:213:263:261:238:266:259:267:211:254:260:248:265:268:252:268:269:270:264:271:272:243:9:57:193:196:273:269:271:267:227:274:275:276:277:276:275:278:279:272:270:273:274:280:163:282:86:71:283:277:268:284:278:285:239:282:116:286:246:247:149:287:274:286:284:270:278:220:267:266:202:384:289:411:290:260:180:92:300:285:169:292:289:290:291:279:293:108:294:284:206:245:283:295:294:296:121:91:190:292:297:273:298:162:299:300:286:524:288:157:295:302:231:303:300:69:283:297:524:271:293:260:219:277:265:304:305:304:261:205:86:306:292:188:308:302:309:291:305:205:237:295:308:287:296:191:310:311:24:198:311:313:309:314:315:142:316:266:250:313:314:317:306:314:92:298:230:299:253:14:303:111:158:318:289:309:257:238:317:320:321:320:113:299:316:317:315:321:318:322:267:60:323:323:323:203:157:324:325:326:251:68:310:327:319:324:328:104:305:325:288:328:329:285:330:322:294:331:331:332:460:332:334:335:336:337:338:334:339:222:339:321:340:335:460:341:340:338:330:329:342:214:229:342:343:335:282:336:188:235:337:72:326:327:344:345:346:347:269:345:341:348:349:349:85:346:350:348:351:351:343:352:241:255:299:342:310:353:344:1:115:354:349:524:23:350:339:264:352:315:355:355:353:279:356:328:335:65:347:357:356:318:358:357:359:354:354:337:83:327:360:199:361:362:363:311:364:365:361:363:359:355:364:366:367:368:332:360:102:369:365:358:366:252:338:370:371:272:206:368:372:369:373:370:374:25:374:297:375:343:376:262:100:263:273:362:371:8:377:378:245:376:375:377:363:373:333:367:368:378:126:372:52:276:376:311:345:379:380:370:284:381:382:225:106:383:344:377:383:262:384:385:381:296:386:362:262:129:207:359:381:379:322:387:319:333:244:258:388:342:389:213:380:329:387:356:389:382:16:390:310:366:388:390:347:176:274:346:391:385:306:392:393:386:58:394:304:371:395:395:367:280:396:396:229:357:392:256:397:397:320:376:54:316:398:399:400:393:401:163:402:400:403:350:365:391:399:404:398:290:394:405:0:406:326:404:375:406:402:361:28:403:401:407:385:341:408:124:336:298:410:411:379:372:281:297:398:408:351:18:412:407:413:178:412:399:118:401:380:218:331:377:348:400:386:414:400:415:414:356:416:415:416:99:417:353:418:373:351:418:106:330:420:350:410:173:421:417:262:307:212:382:452:424:413:275:402:425:420:303:308:425:427:161:112:410:283:406:457:428:429:254:302:429:329:393:421:10:265:430:194:99:387:424:397:352:428:358:431:427:432:228:420:258:430:433:434:241:434:405:431:234:433:468:277:432:383:436:437:384:438:383:384:439:198:440:440:425:417:441:415:442:15:307:499:450:445:437:523:441:450:399:185:321:446:438:447:447:448:427:265:441:447:445:444:389:413:446:449:422:408:451:452:247:407:523:364:434:436:439:453:411:454:454:275:340:453:455:456:179:427:237:451:465:293:422:455:456:442:288:287:449:187:403:459:448:448:416:454:459:421:59:392:444:236:164:429:463:419:464:462:464:465:466:463:409:421:442:390:369:465:466:280:467:227:437:424:468:469:470:415:436:469:471:418:439:203:472:455:103:370:414:353:452:168:429:472:440:281:378:470:473:475:468:186:569:476:477:449:314:478:422:479:480:481:324:304:301:478:483:475:476:479:481:484:494:444:480:201:432:486:388:485:446:471:460:480:301:59:119:488:467:489:483:477:445:490:182:433:489:348:490:491:491:484:492:426:303:454:477:333:462:498:494:56:347:495:209:491:170:44:328:446:488:496:494:497:369:306:226:486:209:496:486:409:396:301:419:164:500:501:487:590:207:488:438:497:501:476:500:504:505:390:471:504:506:462:503:507:507:508:509:506:154:412:505:510:510:131:475:368:481:508:511:512:498:181:509:466:428:513:512:514:105:484:514:515:431:513:470:93:64:515:47:397:516:517:518:512:459:506:53:517:216:516:419:507:499:519:451:520:381:521:12:334:522:485:520:523:490:313:291:518:405:525:217:511:515:525:590:90:467:463:519:528:521:520:529:530:325:531:532:188:373:529:464:533:532:500:144:533:374:487:276:534:529:452:531:479:492:530:523:528:80:536:322:516:355:95:537:485:534:467:537:522:539:540:539:499:541:249:96:541:540:255:521:518:532:542:543:544:536:542:543:522:425:312:533:496:531:545:388:513:490:544:546:141:545:546:547:465:548:539:499:401:549:152:293:29:549:550:302:394:551:404:552:552:553:495:483:552:175:437:549:550:379:472:555:372:555:544:493:319:547:557:553:480:489:558:548:550:582:197:556:272:601:601:560:561:562:560:546:535:503:563:562:557:560:558:561:564:551:565:537:458:510:535:563:464:566:540:600:30:564:239:568:323:390:568:458:569:498:570:204:494:504:572:440:389:536:566:519:572:573:204:565:574:145:501:566:474:478:574:575:493:576:575:577:576:563:469:577:578:448:573:551:395:508:569:576:579:580:580:509:573:581:579:582:420:583:211:473:570:585:430:456:581:453:586:587:561:554:588:582:120:525:589:528:572:341:73:578:556:589:578:511:591:577:592:588:591:593:593:497:565:586:457:592:343:594:66:538:595:584:80:167:595:505:594:585:526:541:596:576:594:596:426:320:598:426:584:586:583:517:599:585:522:600:542:600:601:602:605:479:603:574:602:604:491:543:604:586:530:599:587:605:271:603:555:598:579:557:311:607:49:588:575:523:604:433:607
71,31,593,0,6559,43:1:2:32:2:4:5:6:7:4:8:5:1:9:10:3:10:12:11:312:12:14:9:8:15:16:21:15:18:19:20:19:81:22:48:36:23:18:14:20:24:4:16:6:25:12:38:26:0:28:131:25:29:29:20:30:45:24:26:31:606:7:33:21:28:33:21:30:23:4:34:32:16:34:312:48:36:312:22:0:37:46:31:30:38:23:39:39:606:40:41:7:42:43:2:38:3:41:33:44:3:19:0:46:47:45:606:49:31:50:10:50:49:44:51:77:34:47:52:51:53:54:55:36:53:32:57:28:48:94:93:42:60:49:61:61:62:63:55:64:65:54:52:62:43:64:93:66:67:1:73:67:68:60:37:69:57:65:70:182:69:22:71:8:60:71:72:56:40:68:29:63:42:74:66:74:65:75:37:43:76:75:77:81:45:78:233:76:72:79:61:80:79:11:82:83:84:56:64:79:70:85:86:85:80:81:86:80:73:87:83:63:69:55:88:89:78:90:88:91:67:91:89:14:70:78:81:88:94:46:95:92:82:5:52:44:55:96:87:95:97:96:66:97:72:50:98:17:136:99:100:101:102:103:82:104:25:103:101:105:106:103:73:107:105:104:108:98:109:108:51:109:39:100:27:15:110:71:107:111:112:113:114:54:115:116:102:110:83:116:94:114:36:107:117:118:68:119:77:120:132:112:58:120:115:121:122:122:119:111:62:90:117:123:113:115:99:124:125:126:118:41:47:124:127:126:128:129:130:29:130:131:122:132:125:133:123:117:133:127:18:126:129:128:34:132:109:19:134:97:135:58:134:137:135:138:109:96:139:127:78:140:141:31:142:84:143:137:130:101:141:142:144:145:136:146:129:91:146:139:27:84:119:147:144:138:121:149:150:147:233:95:151:53:151:123:127:120:125:87:152:153:41:153:145:152:149:100:149:39:154:155:150:156:157:107:156:133:155:128:136:158:154:157:75:158:93:159:142:160:143:146:161:162:163:59:162:161:59:160:165:166:150:140:159:112:167:153:168:169:58:124:169:168:170:89:6:84:131:56:171:172:172:137:156:89:167:171:173:170:174:173:175:174:165:159:176:166:140:177:175:164:11:176:178:177:20:179:180:180:181:181:182:158:183:26:134:184:179:175:185:116:186:186:180:95:187:173:185:184:17:220:139:187:189:190:191:150:24:113:192:90:191:179:193:191:134:105:194:110:138:189:183:67:186:195:194:196:197:190:27:132:197:198:195:199:143:74:184:106:177:155:196:200:193:152:192:181:144:57:183:201:141:138:202:200:51:203:391:199:189:205:205:104:206:160:207:207:208:201:168:203:198:171:209:210:6:211:2:111:172:208:211:200:209:164:212:202:213:194:212:214:214:17:193:167:210:206:170:114:201:137:135:168:215:147:122:161:188:169:213:216:217:217:85:153:55:218:219:220:151:216:192:22:221:220:219:221:165:195:222:223:224:223:224:221:163:222:215:174:216:182:184:225:226:227:218:228:229:228:226:155:218:210:230:123:225:136:231:50:74:224:554:231:212:230:197:102:45:77:98:234:234:235:234:236:221:237:238:154:88:236:199:239:118:208:240:237:554:241:240:241:242:308:239:235:233:27:223:219:5:243:133:243:215:230:242:76:108:227:244:226:245:244:246:222:228:247:248:246:145:235:249:250:247:251:249:252:135:225:253:251:248:229:40:250:252:110:249:209:166:97:176:253:231:240:242:254:255:245:256:257:255:258:185:259:256:254:258:257:260:32:261:360:162:263:264:178:265:259:213:263:261:238:266:259:267:211:254:260:248:265:268:252:268:269:270:264:271:272:243:9:57:193:196:273:269:271:267:227:274:275:276:277:276:275:278:279:272:270:273:274:280:163:282:86:71:283:277:268:284:278:285:239:282:116:286:246:247:149:287:274:286:284:270:278:220:267:266:202:384:289:411:290:260:180:92:300:285:169:292:289:290:291:279:293:108:294:284:206:245:283:295:294:296:121:91:190:292:297:273:298:162:299:300:286:524:288:157:295:302:231:303:300:69:283:297:524:271:293:260:219:277:265:304:305:304:261:205:86:306:292:188:308:302:309:291:305:205:237:295:308:287:296:191:310:311:24:198:311:313:309:314:315:142:316:266:250:313:314:317:306:314:92:298:230:299:253:14:303:111:158:318:289:309:257:238:317:320:321:320:113:299:316:317:315:321:318:322:267:60:323:323:323:203:157:324:325:326:251:68:310:327:319:324:328:104:305:325:288:328:329:285:330:322:294:331:331:332:460:332:334:335:336:337:338:334:339:222:339:321:340:335:460:341:340:338:330:329:342:214:229:342:343:335:282:336:188:235:337:72:326:327:344:345:346:347:269:345:341:348:349:349:85:346:350:348:351:351:343:352:241:255:299:342:310:353:344:1:115:354:349:524:23:350:339:264:352:315:355:355:353:279:356:328:335:65:347:357:356:318:358:357:359:354:354:337:83:327:360:199:361:362:363:311:364:365:361:363:359:355:364:366:367:368:332:360:102:369:365:358:366:252:338:370:371:272:206:368:372:369:373:370:374:25:374:297:375:343:376:262:100:263:273:362:371:8:377:378:245:376:375:377:363:373:333:367:368:378:126:372:52:276:376:311:345:379:380:370:284:381:382:225:106:383:344:377:383:262:384:385:381:296:386:362:262:129:207:359:381:379:322:387:319:333:244:258:388:342:389:213:380:329:387:356:389:382:16:390:310:366:388:390:347:176:274:346:391:385:306:392:393:386:58:394:304:371:395:395:367:280:396:396:229:357:392:256:397:397:320:376:54:316:398:399:400:393:401:163:402:400:403:350:365:391:399:404:398:290:394:405:0:406:326:404:375:406:402:361:28:403:401:407:385:341:408:124:336:298:410:411:379:372:281:297:398:408:351:18:412:407:413:178:412:399:118:401:380:218:331:377:348:400:386:414:400:415:414:356:416:415:416:99:417:353:418:373:351:418:106:330:420:350:410:173:421:417:262:307:212:382:452:424:413:275:402:425:420:303:308:425:427:161:112:410:283:406:457:428:429:254:302:429:329:393:421:10:265:430:194:99:387:424:397:352:428:358:431:427:432:228:420:258:430:433:434:241:434:405:431:234:433:468:277:432:383:436:437:384:438:383:384:439:198:440:440:425:417:441:415:442:15:307:499:450:445:437:523:441:450:399:185:321:446:438:447:447:448:427:265:441:447:445:444:389:413:446:449:422:408:451:452:247:407:523:364:434:436:439:453:411:454:454:275:340:453:455:456:179:427:237:451:465:293:422:455:456:442:288:287:449:187:403:459:448:448:416:454:459:421:59:392:444:236:164:429:463:419:464:462:464:465:466:463:409:421:442:390:369:465:466:280:467:227:437:424:468:469:470:415:436:469:471:418:439:203:472:455:103:370:414:353:452:168:429:472:440:281:378:470:473:475:468:186:569:476:477:449:314:478:422:479:480:481:324:304:301:478:483:475:476:479:481:484:494:444:480:201:432:486:388:485:446:471:460:480:301:59:119:488:467:489:483:477:445:490:182:433:489:348:490:491:491:484:569:426:303:454:477:333:462:498:494:56:347:495:209:491:170:44:328:446:488:496:494:497:369:306:226:486:209:496:486:409:396:301:419:164:500:501:487:590:207:488:438:497:501:476:500:504:505:390:471:504:506:462:503:507:507:508:509:506:154:412:505:510:510:131:475:368:481:508:511:512:498:181:509:466:428:513:512:514:105:484:514:515:431:513:470:93:64:515:47:397:516:517:518:512:459:506:53:517:216:516:419:507:499:519:451:520:381:521:12:334:522:485:520:523:490:313:291:518:405:525:217:511:515:525:590:90:467:463:519:528:521:520:529:530:325:531:532:188:373:529:464:533:532:500:144:533:374:487:276:534:529:452:531:479:492:530:523:528:80:536:322:516:355:95:537:485:534:467:537:522:539:540:539:499:541:249:96:541:540:255:521:518:532:542:543:544:536:542:543:522:425:312:533:496:531:545:388:513:490:544:546:141:545:546:547:465:548:539:499:401:549:152:293:29:549:550:302:394:551:404:552:552:553:495:483:552:175:437:549:550:379:472:555:372:555:544:493:319:547:557:553:480:489:558:548:550:582:197:556:272:601:601:560:561:562:560:546:535:503:563:562:557:560:558:561:564:551:565:537:458:510:535:563:464:566:540:600:30:564:239:568:323:390:568:458:569:498:570:204:494:504:572:440:389:536:566:519:572:573:204:565:574:145:501:566:474:478:574:575:493:576:575:577:576:563:469:577:578:448:573:551:395:508:569:576:579:580:580:509:573:581:579:582:420:583:211:473:570:585:430:456:581:453:586:587:561:526:588:582:120:525:589:528:572:341:73:578:556:589:578:511:591:577:592:588:591:593:593:497:565:586:457:592:343:594:66:538:595:584:80:167:595:505:594:585:526:541:596:576:594:596:426:320:598:426:584:586:583:517:599:585:522:600:542:600:601:602:605:479:603:574:602:604:491:543:604:586:530:599:587:605:271:603:555:598:579:557:311:607:49:588:575:523:604:433:607
73,32,593,0,6558,43:1:2:32:2:4:5:6:7:4:8:5:1:9:10:3:10:12:11:312:12:14:9:8:15:16:21:15:18:19:20:19:81:22:48:36:23:18:14:20:24:4:16:6:25:12:38:26:0:28:131:25:29:29:20:30:45:24:26:31:606:7:33:21:28:33:21:30:23:4:34:32:16:34:312:48:36:312:22:0:37:46:31:30:38:23:39:39:606:40:41:7:42:43:2:38:3:41:33:44:3:19:0:46:47:45:606:49:31:50:10:50:49:44:51:77:34:47:52:51:53:54:55:36:53:32:57:28:48:94:93:42:60:49:61:61:62:63:55:64:65:54:52:62:43:64:93:66:67:1:73:67:68:60:37:69:57:65:70:182:69:22:71:8:60:71:72:56:40:68:29:63:42:74:66:74:65:75:37:43:76:75:77:81:45:78:233:76:72:79:61:80:79:11:82:83:84:56:64:79:70:85:86:85:80:81:86:80:73:87:83:63:69:55:88:89:78:90:88:91:67:91:89:14:70:78:81:88:94:46:95:92:82:5:52:44:55:96:87:95:97:96:66:97:72:50:98:17:136:99:100:101:102:103:82:104:25:103:101:105:106:103:73:107:105:104:108:98:109:108:51:109:39:100:27:15:110:71:107:111:112:113:114:54:115:116:102:110:83:116:94:114:36:107:117:118:68:119:77:120:132:112:58:120:115:121:122:122:119:111:62:90:117:123:113:115:99:124:125:126:118:41:47:124:127:126:128:129:130:29:130:131:122:132:125:133:123:117:133:127:18:126:129:128:34:132:109:19:134:97:135:58:134:137:135:138:109:96:139:127:78:140:141:31:142:84:143:137:130:101:141:142:144:145:136:146:129:91:146:139:27:84:119:147:144:138:121:149:150:147:233:95:151:53:151:123:147:120:125:87:152:153:41:153:145:152:149:100:149:39:154:155:150:156:157:107:156:133:155:128:136:158:154:157:75:158:93:159:142:160:143:146:161:162:163:59:162:161:59:160:165:166:150:140:159:112:167:153:168:169:58:124:169:168:170:89:6:84:131:56:171:172:172:137:156:89:167:171:173:170:174:173:175:174:165:159:176:166:140:177:175:164:11:176:178:177:20:179:180:180:181:181:182:158:183:26:134:184:179:175:185:116:186:186:180:95:187:173:185:184:17:220:139:187:189:190:191:150:24:113:192:90:191:179:193:191:134:105:194:110:138:189:183:67:186:195:194:196:197:190:27:132:197:198:195:199:143:74:184:106:177:155:196:200:193:152:192:181:144:57:183:201:141:138:202:200:51:203:391:199:189:205:205:104:206:160:207:207:208:201:168:203:198:171:209:210:6:211:2:111:172:208:211:200:209:164:212:202:213:194:212:214:214:17:193:167:210:206:170:114:201:137:135:168:215:147:122:161:188:169:213:216:217:217:85:153:55:218:219:220:151:216:192:22:221:220:219:221:165:195:222:223:224:223:224:221:163:222:215:174:216:182:184:225:226:227:218:228:229:228:226:155:218:210:230:123:225:136:231:50:74:224:554:231:212:230:197:102:45:77:98:234:234:235:234:236:221:237:238:154:88:236:199:239:118:208:240:237:554:241:240:241:242:308:239:235:233:27:223:219:5:243:133:243:215:230:242:76:108:227:244:226:245:244:246:222:228:247:248:246:145:235:249:250:247:251:249:252:135:225:253:251:248:229:40:250:252:110:249:209:166:97:176:253:231:240:242:254:255:245:256:257:255:258:185:259:256:254:258:257:260:32:261:360:162:263:264:178:265:259:213:263:261:238:266:259:267:211:254:260:248:265:268:252:268:269:270:264:271:272:243:9:57:193:196:273:269:271:267:227:274:275:276:277:276:275:278:279:272:270:273:274:280:163:282:86:71:283:277:268:284:278:285:239:282:116:286:246:247:149:287:274:286:284:270:278:220:267:266:202:384:289:411:290:260:180:92:300:285:169:292:289:290:291:279:293:108:294:284:206:245:283:295:294:296:121:91:190:292:297:273:298:162:299:300:286:524:288:157:295:302:231:303:300:69:283:297:524:271:293:260:219:277:265:304:305:304:261:205:86:306:292:188:308:302:309:291:305:205:237:295:308:287:296:191:310:311:24:198:311:313:309:314:315:142:316:266:250:313:314:317:306:314:92:298:230:299:253:14:303:111:158:318:289:309:257:238:317:320:321:320:113:299:316:317:315:321:318:322:267:60:323:323:323:203:157:324:325:326:251:68:310:327:319:324:328:104:305:325:288:328:329:285:330:322:294:331:331:332:460:332:334:335:336:337:338:334:339:222:339:321:340:335:460:341:340:338:330:329:342:214:229:342:343:335:282:336:188:235:337:72:326:327:344:345:346:347:269:345:341:348:349:349:85:346:350:348:351:351:343:352:241:255:299:342:310:353:344:1:115:354:349:524:23:350:339:264:352:315:355:355:353:279:356:328:335:65:347:357:356:318:358:357:359:354:354:337:83:327:360:199:361:362:363:311:364:365:361:363:359:355:364:366:367:368:332:360:102:369:365:358:366:252:338:370:371:272:206:368:372:369:373:370:374:25:374:297:375:343:376:262:100:263:273:362:371:8:377:378:245:376:375:377:363:373:333:367:368:378:126:372:52:276:376:311:345:379:380:370:284:381:382:225:106:383:344:377:383:262:384:385:381:296:386:362:262:129:207:359:381:379:322:387:319:333:244:258:388:342:389:213:380:329:387:356:389:382:16:390:310:366:388:390:347:176:274:346:391:385:306:392:393:386:58:394:304:371:395:395:367:280:396:396:229:357:392:256:397:397:320:376:54:316:398:399:400:393:401:163:402:400:403:350:365:391:399:404:398:290:394:405:0:406:326:404:375:406:402:361:28:403:401:407:385:341:408:124:336:298:410:411:379:372:281:297:398:408:351:18:412:407:413:178:412:399:118:401:380:218:331:377:348:400:386:414:400:415:414:356:416:415:416:99:417:353:418:373:351:418:106:330:420:350:410:173:421:417:262:307:212:382:452:424:413:275:402:425:420:303:308:425:427:161:112:410:283:406:457:428:429:254:302:429:329:393:421:10:265:430:194:99:387:424:397:352:428:358:431:427:432:228:420:258:430:433:434:241:434:405:431:234:433:468:277:432:383:436:437:384:438:383:384:439:198:440:440:425:417:441:415:442:15:307:499:450:445:437:523:441:450:399:185:321:446:438:447:447:448:427:265:441:447:445:444:389:413:446:449:422:408:451:452:247:407:523:364:434:436:439:453:411:454:454:275:340:453:455:456:179:427:237:451:465:293:422:455:456:442:288:287:449:187:403:459:448:448:416:454:459:421:59:392:444:236:164:429:463:419:464:462:464:465:466:463:409:421:442:390:369:465:466:280:467:227:437:424:468:469:470:415:436:469:471:418:439:203:472:455:103:370:414:353:452:168:429:472:440:281:378:470:473:475:468:186:569:476:477:449:314:478:422:479:480:481:324:304:301:478:483:475:476:479:481:484:494:444:480:201:432:486:388:485:446:471:460:480:301:59:119:488:467:489:483:477:445:490:182:433:489:348:490:491:491:484:569:426:303:454:477:333:462:498:494:56:347:495:209:491:170:44:328:446:488:496:494:497:369:306:226:486:209:496:486:409:396:301:419:164:500:501:487:590:207:488:438:497:501:476:500:504:505:390:471:504:506:462:503:507:507:508:509:506:154:412:505:510:510:131:475:368:481:508:511:512:498:181:509:466:428:513:512:514:105:484:514:515:431:513:470:93:64:515:47:397:516:517:518:512:459:506:53:517:216:516:419:507:499:519:451:520:381:521:12:334:522:485:520:523:490:313:291:518:405:525:217:511:515:525:590:90:467:463:519:528:521:520:307:530:325:531:529:188:373:294:464:533:127:500:144:533:374:487:276:534:529:452:531:479:492:530:523:528:80:536:322:516:355:95:537:485:534:467:537:522:539:540:539:499:541:249:96:541:540:255:521:518:532:542:543:544:536:542:543:522:425:312:533:496:531:545:388:513:490:544:546:141:545:546:547:465:548:539:499:401:549:152:293:29:549:550:302:394:551:404:552:552:553:495:483:552:175:437:549:550:379:472:555:372:555:544:493:319:547:557:553:480:489:558:548:550:582:197:556:272:601:601:560:561:562:560:546:535:503:563:562:557:560:558:561:564:551:565:537:458:510:535:563:464:566:540:600:30:564:239:568:323:390:568:458:569:498:570:204:494:504:572:440:389:536:566:519:572:573:204:565:574:145:501:566:474:478:574:575:493:576:575:577:576:563:469:577:578:448:573:551:395:508:569:576:579:580:580:509:573:581:579:582:420:583:211:473:570:585:430:456:581:453:586:587:561:526:588:582:120:525:589:528:572:341:73:578:556:589:578:511:591:577:592:588:591:593:593:497:565:586:457:592:343:594:66:538:595:584:80:167:595:505:594:585:526:541:596:576:594:596:426:320:598:426:584:586:583:517:599:585:522:600:542:600:601:602:605:479:603:574:602:604:491:543:604:586:530:599:587:605:271:603:555:598:579:557:311:607:49:588:575:523:604:433:607
76,35,593,0,6557,43:1:2:32:2:4:5:6:7:4:8:5:1:9:10:3:10:12:11:312:12:14:9:8:15:16:21:15:18:19:20:19:81:22:48:36:23:18:14:20:24:4:16:6:25:12:38:26:0:28:131:25:29:29:20:30:45:24:26:31:606:7:33:21:28:33:21:30:23:4:34:32:16:34:312:48:36:312:22:0:37:46:31:30:38:23:39:39:606:40:41:7:42:43:2:38:3:41:33:44:3:19:0:46:47:45:606:49:31:50:10:50:49:44:51:77:34:47:52:51:53:54:55:36:53:32:57:28:48:94:93:42:60:49:61:61:62:63:55:64:65:54:52:62:43:64:93:66:67:1:73:67:68:60:37:69:57:65:70:182:69:22:71:8:60:71:72:56:40:68:29:63:42:74:66:74:65:75:37:43:76:75:77:81:45:78:233:76:72:79:61:80:79:11:82:83:84:56:64:79:70:85:86:85:80:81:86:80:73:87:83:63:69:55:88:89:78:90:88:91:67:91:89:14:70:78:81:88:94:46:95:92:82:5:52:44:55:96:87:95:97:96:66:97:72:50:98:17:136:99:100:101:102:103:82:104:25:103:101:105:106:103:73:107:105:104:108:98:109:108:51:109:39:100:27:15:110:71:107:111:112:113:114:54:115:116:102:110:83:116:94:114:36:107:117:118:68:119:77:120:132:112:58:120:115:121:122:122:119:111:62:90:117:123:113:115:99:124:125:126:118:41:47:124:127:126:128:129:130:29:130:131:122:132:125:133:123:117:133:127:18:126:129:128:34:132:109:19:134:97:135:58:134:137:135:138:109:96:139:127:78:140:141:31:142:84:143:137:130:101:141:142:144:145:136:146:129:91:146:139:27:84:119:147:144:138:121:149:150:147:233:95:151:53:151:123:147:120:125:87:152:153:41:153:145:152:149:100:149:39:154:155:150:156:157:107:156:133:155:128:136:158:154:157:75:158:93:159:142:160:143:146:161:162:163:59:162:161:59:160:165:166:150:140:159:112:167:153:168:169:58:124:169:168:170:89:6:84:131:56:171:172:172:137:156:89:167:171:173:170:174:173:175:174:165:159:176:166:140:177:175:164:11:176:178:177:20:179:180:180:181:181:182:158:183:26:134:184:179:175:185:116:186:186:180:95:187:173:185:184:17:220:139:187:189:190:191:150:24:113:192:90:191:179:193:191:134:105:194:110:138:189:183:67:186:195:194:196:197:190:27:132:197:198:195:199:143:74:184:106:177:155:196:200:193:152:192:181:144:57:183:201:141:138:202:200:51:203:391:199:189:205:205:104:206:160:207:207:208:201:168:203:198:171:209:210:6:211:2:111:172:208:211:200:209:164:212:202:213:194:212:214:214:17:193:167:210:206:170:114:201:137:135:168:215:147:122:161:188:169:213:216:217:217:85:153:55:218:219:220:151:216:192:22:221:220:219:221:165:195:222:223:224:223:224:221:163:222:215:174:216:182:184:225:226:227:218:228:229:228:226:155:218:210:230:123:225:136:231:50:74:224:554:231:212:230:197:102:45:77:98:234:234:235:234:236:221:237:238:154:88:236:199:239:118:208:240:237:554:241:240:241:242:308:239:235:233:27:223:219:5:243:133:243:215:230:242:76:108:227:244:226:245:244:246:222:228:247:248:246:145:235:249:250:247:251:249:252:135:225:253:251:248:229:40:250:252:110:249:209:166:97:176:86:231:240:242:254:255:245:256:257:255:258:185:259:256:254:258:257:260:32:261:360:162:263:264:178:265:259:213:263:261:238:266:259:267:211:254:260:248:265:268:252:268:269:270:264:271:272:243:9:57:193:196:273:269:271:267:227:274:275:276:277:276:275:278:279:272:270:273:274:280:163:282:86:71:283:277:268:284:278:285:239:282:116:286:246:247:149:287:274:286:284:270:278:220:267:266:202:384:289:411:290:260:180:92:300:285:169:292:289:290:291:279:293:108:294:284:206:245:283:295:294:296:121:91:190:292:297:273:298:162:299:300:286:524:288:157:295:302:231:303:300:69:283:297:524:271:293:260:219:277:265:304:305:304:261:205:86:306:292:188:308:302:309:291:305:205:237:295:308:287:296:191:310:311:24:198:311:313:309:314:315:142:316:266:250:313:314:317:306:314:92:298:230:299:253:14:303:111:158:318:289:309:257:238:317:320:321:320:113:299:316:317:315:321:318:322:267:60:323:323:323:203:157:324:325:326:251:68:310:327:319:324:328:104:305:325:288:328:329:285:330:322:294:331:331:332:460:332:334:335:336:337:338:334:339:222:339:321:340:335:460:341:340:338:330:329:342:214:229:342:343:335:282:336:188:235:337:72:326:327:344:345:346:347:269:345:341:348:349:349:85:346:350:348:351:351:343:352:241:255:299:342:310:353:344:1:115:354:349:524:23:350:339:264:352:315:355:355:353:279:356:328:335:65:347:357:356:318:358:357:359:354:354:337:83:327:360:199:361:362:363:311:364:365:361:363:359:355:364:366:367:368:332:360:102:369:365:358:366:252:338:370:371:272:206:368:372:369:373:370:374:25:374:297:375:343:376:262:100:263:273:362:371:8:377:378:245:376:375:377:363:373:333:367:368:378:126:372:52:276:376:311:345:379:380:370:284:381:382:225:106:383:344:377:383:262:384:385:381:296:386:362:262:129:207:359:381:379:322:387:319:333:244:258:388:342:389:213:380:329:387:356:389:382:16:390:310:366:388:390:347:176:274:346:391:385:306:392:393:386:58:394:304:371:395:395:367:280:396:396:229:357:392:256:397:397:320:376:54:316:398:399:400:393:401:163:402:400:403:350:365:391:399:404:398:290:394:405:0:406:326:404:375:406:402:361:28:403:401:407:385:341:408:124:336:298:410:411:379:372:281:297:398:408:351:18:412:407:413:178:412:399:118:401:380:218:331:377:348:400:386:414:400:253:414:356:416:415:416:99:417:353:418:373:351:418:106:330:420:350:410:173:421:417:262:307:212:382:452:424:413:275:402:425:420:303:308:425:427:161:112:410:283:406:457:428:429:254:302:429:329:393:421:10:265:430:194:99:387:424:397:352:428:358:431:427:432:228:420:258:430:433:434:241:434:405:431:234:433:468:277:432:383:436:437:384:438:383:384:439:198:440:440:425:417:441:415:442:15:307:499:450:445:437:523:441:450:399:185:321:446:438:447:447:448:427:265:441:447:445:444:389:413:446:449:422:408:451:452:247:407:523:364:434:436:439:453:411:454:454:275:340:453:455:456:179:427:237:451:465:293:422:455:456:442:288:287:449:187:403:459:448:448:416:454:459:421:59:392:444:236:164:429:463:419:464:462:464:465:466:463:409:421:442:390:369:465:466:280:467:227:437:424:468:469:470:415:436:469:471:418:439:203:472:455:103:370:414:353:452:168:429:472:440:281:378:470:473:475:468:186:569:476:477:449:314:478:422:479:480:481:324:304:301:478:483:475:476:479:481:484:494:444:480:201:432:486:388:485:446:471:460:480:301:59:119:488:467:489:483:477:445:490:182:433:489:348:490:491:491:484:569:426:303:454:477:333:462:498:494:56:347:495:209:491:170:44:328:446:488:496:494:497:369:306:226:486:209:496:486:409:396:301:419:164:500:501:487:590:207:488:438:497:501:476:500:503:505:390:471:415:506:462:503:507:507:508:509:506:154:412:505:510:510:131:475:368:481:508:511:512:498:181:509:466:428:513:512:514:105:484:514:515:431:513:470:93:64:515:47:397:504:517:518:512:459:506:53:517:216:504:419:507:499:519:451:520:381:521:12:334:522:485:520:523:490:313:291:518:405:525:217:511:515:525:590:90:467:463:519:528:521:520:307:530:325:531:529:188:373:294:464:533:127:500:144:533:374:487:276:534:529:452:531:479:492:530:523:528:80:536:322:516:355:95:537:485:534:467:537:522:539:540:539:499:541:249:96:541:540:255:521:518:532:542:543:544:536:542:543:522:425:312:533:496:531:545:388:513:490:544:546:141:545:546:547:465:548:539:499:401:549:152:293:29:549:550:302:394:551:404:552:552:553:495:483:552:175:437:549:550:379:472:555:372:555:544:493:319:547:557:553:480:489:558:548:550:582:197:556:272:601:601:560:561:562:560:546:535:503:563:562:557:560:558:561:564:551:565:537:458:510:535:563:464:566:540:600:30:564:239:568:323:390:568:458:569:498:570:204:494:457:572:440:389:536:566:519:572:573:204:565:574:145:501:566:474:478:574:575:493:576:575:577:576:563:469:577:578:448:573:551:395:508:569:576:579:580:580:509:573:581:579:582:420:583:211:473:570:585:430:456:581:453:586:587:561:526:588:582:120:525:589:528:572:341:73:578:556:589:578:511:591:577:592:588:591:593:593:497:565:586:457:592:343:594:66:538:595:584:80:167:595:505:594:585:526:541:596:576:594:596:426:320:598:426:584:586:583:517:599:585:522:600:542:600:601:602:605:479:603:574:602:604:491:543:604:586:530:599:587:605:271:603:555:598:579:557:311:607:49:588:575:523:604:433:607
77,35,593,0,6556,43:1:2:32:2:4:5:6:7:4:8:5:1:9:10:3:10:12:11:312:12:14:9:8:15:16:21:15:18:19:20:19:81:22:48:36:23:18:14:20:24:4:16:6:25:12:38:26:0:28:131:25:29:29:20:30:45:24:26:31:606:7:33:21:28:33:21:30:23:4:34:32:16:34:312:48:36:312:22:0:37:46:31:30:38:23:39:39:606:40:41:7:42:43:2:38:3:41:33:44:3:19:0:46:47:45:606:49:31:50:10:50:49:44:51:77:34:47:52:51:53:54:55:36:53:32:57:28:48:94:93:42:60:49:61:61:62:63:55:64:65:54:52:62:43:64:93:66:67:1:73:67:68:60:37:69:57:65:70:182:69:22:71:8:60:71:72:56:40:68:29:63:42:74:66:74:65:75:37:43:76:75:77:81:45:78:233:76:72:79:61:80:79:11:82:83:84:56:64:79:70:85:86:85:80:81:86:80:73:87:83:63:69:55:88:89:78:90:88:91:67:91:89:14:70:78:81:88:94:46:95:92:82:5:52:44:55:96:87:95:97:96:66:97:72:50:98:17:136:99:100:101:102:103:82:104:25:103:101:105:106:103:73:107:105:104:108:98:109:108:51:109:39:100:27:15:110:71:107:111:112:113:114:54:115:116:102:110:83:116:94:114:36:107:117:118:68:119:77:120:132:112:58:120:115:121:122:122:119:111:62:90:117:123:113:115:99:124:125:126:118:41:47:124:127:126:128:129:130:29:130:131:122:132:125:133:123:117:133:127:18:126:129:128:34:132:109:19:134:97:135:58:134:137:135:138:109:96:139:127:78:140:141:31:142:84:143:137:130:101:141:142:144:145:136:146:129:91:146:139:27:84:119:147:144:138:121:149:150:147:233:95:151:53:151:123:147:120:125:87:152:153:41:153:145:152:149:100:149:39:154:155:150:156:157:107:156:133:155:128:136:158:154:157:75:158:93:159:142:160:143:146:161:162:163:59:162:161:59:160:165:166:150:140:159:112:167:153:168:169:58:124:169:168:170:89:6:84:131:56:171:172:172:137:156:89:167:171:173:170:174:173:175:174:165:159:176:166:140:177:175:164:11:176:178:177:20:179:180:180:181:181:182:158:183:26:134:184:179:175:185:116:186:186:180:95:187:173:185:184:17:220:139:187:189:190:191:150:24:113:192:90:191:179:193:191:134:105:194:110:138:189:183:67:186:195:194:196:197:190:27:132:197:198:195:199:143:74:184:106:177:155:196:200:193:152:192:181:144:57:183:201:141:138:202:200:51:203:391:199:189:205:205:104:206:160:207:207:208:201:168:203:198:171:209:210:6:211:2:111:172:208:211:200:209:164:212:202:213:194:212:214:214:17:193:167:210:206:170:114:201:137:135:168:215:147:122:161:188:169:213:216:217:217:85:153:55:218:219:220:151:216:192:22:221:220:219:221:165:195:222:223:224:223:224:221:163:222:215:174:216:182:184:225:226:227:218:228:229:228:226:155:218:210:230:123:225:136:231:50:74:224:554:231:212:230:197:102:45:77:98:234:234:235:234:236:221:237:238:154:88:236:199:239:118:208:240:237:554:241:240:241:242:308:239:235:233:27:223:219:5:243:133:243:215:230:242:76:108:227:244:226:245:244:246:222:228:247:248:246:145:235:249:250:247:251:249:252:135:225:253:251:248:229:40:250:252:110:249:209:166:97:176:86:231:240:242:254:255:245:256:257:255:258:185:259:256:254:258:257:260:32:261:360:162:263:264:178:265:259:213:263:261:238:266:259:267:211:254:260:248:265:268:252:268:269:270:264:271:272:243:9:57:193:196:273:269:271:267:227:274:275:276:277:276:275:278:279:272:270:273:274:280:163:282:86:71:283:277:268:284:278:285:239:282:116:286:246:247:149:287:274:286:284:270:278:220:267:266:202:384:289:411:290:260:180:92:300:285:169:292:289:290:291:279:293:108:294:284:206:245:283:295:294:296:121:91:190:292:297:273:298:162:299:300:286:524:288:157:295:302:231:303:300:69:283:297:524:271:293:260:219:277:265:304:305:304:261:205:86:306:292:188:308:302:309:291:305:205:237:295:308:287:296:191:310:311:24:198:311:313:309:314:315:142:316:266:250:313:314:317:306:314:92:298:230:299:253:14:303:111:158:318:289:309:257:238:317:320:321:320:113:299:316:317:315:321:318:322:267:60:323:323:323:203:157:324:325:326:251:68:310:327:319:324:328:104:305:325:288:328:329:285:330:322:294:331:331:332:460:332:334:335:336:337:338:334:339:222:339:321:340:335:460:341:340:338:330:329:342:214:229:342:343:335:282:336:188:235:337:72:326:327:344:345:346:347:269:345:341:348:349:349:85:346:350:348:351:351:343:352:241:255:299:342:310:353:344:1:115:354:349:524:23:350:339:264:352:315:355:355:353:279:356:328:335:65:347:357:356:318:358:357:359:354:354:337:83:327:360:199:361:362:363:311:364:365:361:363:359:355:364:366:367:368:332:360:102:369:365:358:366:252:338:370:371:272:206:368:372:369:373:370:374:25:374:297:375:343:376:262:100:263:273:362:371:8:377:378:245:376:375:377:363:373:333:367:368:378:126:372:52:276:376:311:345:379:380:370:284:381:382:225:106:383:344:377:383:262:384:385:381:296:386:362:262:129:207:359:381:379:322:387:319:333:244:258:388:342:389:213:380:329:387:356:389:382:16:390:310:366:388:390:347:176:274:346:391:385:306:392:393:386:58:394:304:371:395:395:367:280:396:396:229:357:392:256:397:397:320:376:54:316:398:399:400:393:401:163:402:400:403:350:365:391:399:404:398:290:394:405:0:406:326:404:375:406:402:361:28:403:401:407:385:341:408:124:336:298:410:411:379:372:281:297:398:408:357:18:412:407:413:178:412:399:118:401:380:218:331:377:348:400:386:414:400:253:414:356:416:415:416:99:417:353:418:373:351:418:106:330:420:350:410:173:421:417:262:307:212:382:452:424:413:275:402:425:420:303:308:425:427:161:112:410:283:406:457:428:429:254:302:429:329:393:421:10:265:430:194:99:387:424:397:352:428:358:431:427:432:228:420:258:430:433:434:241:434:405:431:234:433:468:277:432:383:436:437:384:438:383:384:439:198:440:440:425:417:441:415:442:15:307:499:450:445:437:523:441:450:399:185:321:446:438:447:447:448:427:265:441:447:445:444:389:413:446:449:422:408:451:452:247:407:523:364:434:436:439:453:411:454:454:275:340:453:455:456:179:427:237:451:465:293:422:455:456:442:288:287:449:187:403:459:448:448:416:454:459:421:59:392:444:236:164:429:463:419:464:462:464:465:466:463:409:421:442:390:369:465:466:280:467:227:437:424:468:469:470:415:436:469:471:418:439:203:472:455:103:370:414:353:452:168:429:472:440:281:378:470:473:475:468:186:569:476:477:449:314:478:422:479:480:481:324:304:301:478:483:475:476:479:481:484:494:444:480:201:432:486:388:485:446:471:460:480:301:59:119:488:467:489:483:477:445:490:182:433:489:348:490:491:491:484:569:426:303:454:477:333:462:498:494:56:347:495:209:491:170:44:328:446:488:496:494:497:369:306:226:486:209:496:486:409:396:301:419:164:500:501:487:590:207:488:438:497:501:476:500:503:505:390:471:415:506:462:503:507:507:508:509:506:154:412:505:510:510:131:475:368:481:508:511:512:498:181:509:466:428:513:512:514:105:484:514:515:431:513:470:93:64:515:47:397:504:517:518:512:459:506:53:517:216:504:419:507:499:519:451:520:381:521:12:334:351:485:520:523:490:313:291:518:405:525:217:511:515:525:590:90:467:463:519:528:521:520:307:530:325:531:529:188:373:294:464:533:127:500:144:533:374:487:276:534:529:452:531:479:492:530:523:528:80:536:322:516:355:95:537:485:534:467:537:522:539:540:539:499:541:249:96:541:540:255:521:518:532:542:543:544:536:542:543:522:425:312:533:496:531:545:388:513:490:544:546:141:545:546:547:465:548:539:499:401:549:152:293:29:549:550:302:394:551:404:552:552:553:495:483:552:175:437:549:550:379:472:555:372:555:544:493:319:547:557:553:480:489:558:548:550:582:197:556:272:601:601:560:561:562:560:546:535:503:563:562:557:560:558:561:564:551:565:537:458:510:535:563:464:566:540:600:30:564:239:568:323:390:568:458:569:498:570:204:494:457:572:440:389:536:566:519:572:573:204:565:574:145:501:566:474:478:574:575:493:576:575:577:576:563:469:577:578:448:573:551:395:508:569:576:579:580:580:509:573:581:579:582:420:583:211:473:570:585:430:456:581:453:586:587:561:526:588:582:120:525:589:528:572:341:73:578:556:589:578:511:591:577:592:588:591:593:593:497:565:586:457:592:343:594:66:538:595:584:80:167:595:505:594:585:526:541:596:576:594:596:426:320:598:426:584:586:583:517:599:585:522:600:542:600:601:602:605:479:603:574:602:604:491:543:604:586:530:599:587:605:271:603:555:598:579:557:311:607:49:588:575:523:604:433:607
78,35,593,0,6555,43:1:2:32:2:4:5:6:7:4:8:5:1:9:10:3:10:12:11:312:12:14:9:8:15:16:21:15:18:19:20:19:81:22:48:36:23:18:14:20:24:4:16:6:25:12:38:26:0:28:131:25:29:29:20:30:45:24:26:31:606:7:33:21:28:33:21:30:23:4:34:32:16:34:312:48:36:312:22:0:37:46:31:30:38:23:39:39:606:40:41:7:42:43:2:38:3:41:33:44:3:19:0:46:47:45:606:49:31:50:10:50:49:44:51:77:34:47:52:51:53:54:55:36:53:32:57:28:48:94:93:42:60:49:61:61:62:63:55:64:65:54:52:62:43:64:93:66:67:1:73:67:68:60:37:69:57:65:70:182:69:22:71:8:60:71:72:56:40:68:29:63:42:74:66:74:65:75:37:43:76:75:77:81:45:78:233:76:72:79:61:80:79:11:82:83:84:56:64:79:70:85:86:85:80:81:86:80:73:87:83:63:69:55:88:89:78:90:88:91:67:91:89:14:70:78:81:88:94:46:95:92:82:5:52:44:55:96:87:95:97:96:66:97:72:50:98:17:136:99:100:101:102:103:82:104:25:103:101:105:106:103:73:107:105:104:108:98:109:108:51:109:39:100:27:15:110:71:107:111:112:113:114:54:115:116:102:110:83:116:94:114:36:107:117:118:68:119:77:120:132:112:58:120:115:121:122:122:119:111:62:90:117:123:113:115:99:124:125:126:118:41:47:124:127:126:128:129:130:29:130:131:122:132:125:133:123:117:133:127:18:126:129:128:34:132:109:19:134:97:135:58:134:137:135:138:109:96:139:127:78:140:141:31:142:84:143:137:130:101:141:142:144:145:136:146:129:91:146:139:27:84:119:147:144:138:121:149:150:147:233:95:151:53:151:123:147:120:125:87:152:153:41:153:145:152:149:100:149:39:154:155:150:156:157:107:156:133:155:128:136:158:154:157:75:158:93:159:142:160:143:146:161:162:163:59:162:161:59:160:165:166:150:140:159:112:167:153:168:169:58:124:169:168:170:89:6:84:131:56:171:172:172:137:156:89:167:171:173:170:174:173:175:174:165:159:176:166:140:177:175:164:11:176:178:177:20:179:180:180:181:181:182:158:183:26:134:184:179:175:185:116:186:186:180:95:187:173:185:184:17:220:139:187:189:190:191:150:24:113:192:90:191:179:193:191:134:105:194:110:138:189:183:67:186:195:194:196:197:190:27:132:197:198:195:199:143:74:184:106:177:155:196:200:193:152:192:181:144:57:183:201:141:138:202:200:51:203:391:199:189:205:205:104:206:160:207:207:208:201:168:203:198:171:209:210:6:211:2:111:172:208:211:200:209:164:212:202:213:194:212:214:214:17:193:167:210:206:170:114:201:137:135:168:215:147:122:161:188:169:213:216:217:217:85:153:55:218:219:220:151:216:192:22:221:220:219:221:165:195:222:223:224:223:224:221:163:222:215:174:216:182:184:225:226:227:218:228:229:228:226:155:218:210:230:123:225:136:231:50:74:224:554:231:212:230:197:102:45:77:98:234:234:235:234:236:221:237:238:154:88:236:199:239:118:208:240:237:554:241:240:241:242:308:239:235:233:27:223:219:5:243:133:243:215:230:242:76:108:227:244:226:245:244:246:222:228:247:248:246:145:235:249:250:247:251:249:252:135:225:253:251:248:229:40:250:252:110:249:209:166:97:176:86:231:240:242:254:255:245:256:257:255:258:185:259:256:254:258:257:260:32:261:360:162:263:264:178:265:259:213:263:261:238:266:259:267:211:254:260:248:265:268:252:268:269:270:264:271:272:243:9:57:193:196:273:269:271:267:227:274:275:276:277:276:275:278:279:272:270:273:274:280:163:282:86:71:283:277:268:284:278:285:239:282:116:286:246:247:149:287:274:286:284:270:278:220:267:266:202:384:289:411:290:260:180:92:300:285:169:292:289:290:291:279:293:108:294:284:206:245:283:295:294:296:121:91:190:292:297:273:298:162:299:300:286:524:288:157:295:302:231:303:300:69:283:297:524:271:293:260:219:277:265:304:305:304:261:205:86:306:292:188:308:302:309:291:305:205:237:295:308:287:296:191:310:311:24:198:311:313:309:314:315:142:316:266:250:313:314:317:306:314:92:298:230:299:253:14:303:111:158:318:289:309:257:238:317:320:321:320:113:299:316:317:315:321:318:322:267:60:323:323:323:203:157:324:325:326:251:68:310:327:319:324:328:104:305:325:288:328:329:285:330:322:294:331:331:332:460:332:334:335:336:337:338:334:339:222:339:321:340:335:460:341:340:338:330:329:342:214:229:342:343:335:282:336:188:235:337:72:326:327:344:345:346:347:269:345:341:348:349:349:85:346:350:348:351:351:343:352:241:255:299:342:310:353:344:1:115:354:349:524:23:350:339:264:352:315:355:355:353:279:356:328:335:65:347:357:356:318:358:357:359:354:354:337:83:327:360:199:361:362:363:311:364:365:361:363:359:355:364:366:367:368:332:360:102:369:365:358:366:252:338:370:371:272:206:368:372:369:373:370:374:25:374:297:375:343:376:262:100:263:273:362:371:8:377:378:245:376:375:377:363:373:333:367:368:378:126:372:52:276:376:311:345:379:380:370:284:381:382:225:106:383:344:377:383:262:384:385:381:296:386:362:262:129:207:359:381:379:322:387:319:333:244:258:388:342:389:213:380:329:387:356:389:382:16:390:310:366:388:390:347:176:274:346:391:385:306:392:393:386:58:394:304:371:395:395:367:280:396:396:229:357:392:256:397:397:320:376:54:316:398:399:400:393:401:163:402:400:403:350:365:391:399:404:398:290:394:405:0:406:326:404:375:406:402:361:28:403:401:407:385:341:408:124:336:298:410:411:379:372:281:297:398:408:357:18:412:407:413:178:412:399:118:401:380:218:331:377:348:400:386:414:400:253:414:356:416:415:416:99:417:353:418:373:351:418:106:330:420:350:410:173:421:417:262:307:212:382:452:424:413:275:402:425:420:303:308:425:427:161:112:410:283:406:457:428:429:254:302:429:329:393:421:10:265:430:194:99:387:424:397:352:428:358:431:427:432:228:420:258:430:433:434:241:434:405:431:234:433:468:277:432:383:436:437:384:438:383:384:439:198:440:440:425:417:441:415:442:15:307:499:450:445:437:523:441:450:399:185:321:446:438:447:447:448:427:265:441:447:445:444:389:413:446:449:422:408:451:452:247:407:523:364:434:436:439:453:411:454:454:275:340:453:455:456:179:427:237:451:465:293:422:455:456:442:288:287:449:187:403:459:448:448:416:454:459:421:59:392:444:236:164:429:463:419:464:462:464:465:466:463:409:421:442:390:369:465:466:280:467:227:437:424:468:469:470:415:436:469:471:418:439:203:472:455:103:370:414:353:452:168:429:472:440:281:378:470:473:475:468:186:569:476:477:449:314:478:422:479:480:481:324:304:301:478:483:475:476:479:481:484:494:444:480:201:432:486:388:485:446:471:460:480:301:59:119:488:467:489:483:477:445:490:182:433:489:348:490:491:491:484:569:426:303:454:477:333:462:498:494:56:347:495:209:491:170:44:328:446:488:496:494:497:369:306:226:486:209:496:486:409:396:301:419:164:500:501:487:590:207:488:438:497:501:476:500:503:505:390:471:415:506:462:503:507:507:508:509:506:154:412:505:510:510:131:475:368:481:508:511:512:498:181:509:466:428:513:512:514:105:484:514:515:431:513:470:93:64:339:47:397:504:517:518:512:459:506:53:517:216:504:419:507:499:519:451:520:381:533:12:334:351:485:520:523:490:313:291:518:405:525:217:511:238:525:590:90:467:463:519:528:515:520:307:530:325:531:529:188:373:294:464:473:127:500:144:263:374:487:276:534:529:452:531:479:492:530:523:528:80:536:322:516:355:95:537:485:534:467:537:522:539:540:539:499:541:249:96:541:540:255:521:518:532:542:543:544:536:542:543:522:425:312:521:496:531:545:388:513:490:544:546:141:545:546:547:465:548:539:499:401:549:152:293:29:549:550:302:394:551:404:552:552:553:495:483:552:175:437:549:550:379:472:555:372:555:544:493:319:547:557:553:480:489:558:548:550:582:197:556:272:601:601:560:561:562:560:546:535:503:563:562:557:560:558:561:564:551:565:537:458:510:535:563:464:566:540:600:30:564:239:568:323:390:568:458:569:498:570:204:494:457:572:440:389:536:566:519:572:573:204:565:574:145:501:566:474:478:574:575:493:576:575:577:576:563:469:577:578:448:573:551:395:508:569:576:579:580:580:509:573:581:579:582:420:583:211:473:570:585:430:456:581:453:586:587:561:526:588:582:120:525:589:528:572:341:73:578:556:589:578:511:591:577:592:588:591:593:593:497:565:586:457:592:343:594:66:538:595:584:80:167:595:505:594:585:526:541:596:576:594:596:426:320:598:426:584:586:583:517:599:585:522:600:542:600:601:602:605:479:603:574:602:604:491:543:604:586:530:599:587:605:271:603:555:598:579:557:311:607:49:588:575:523:604:433:607
79,35,593,0,6554,43:1:2:32:2:4:5:6:7:4:8:5:1:9:10:3:10:12:11:312:12:14:9:8:15:16:21:15:18:19:20:19:81:22:48:36:23:18:14:20:24:4:16:6:25:12:38:26:0:28:131:25:29:29:20:30:45:24:26:31:606:7:33:21:28:33:21:30:23:4:34:32:16:34:312:48:36:312:22:0:37:46:31:30:38:23:39:39:606:40:41:7:42:43:2:38:3:41:33:44:3:19:0:46:47:45:606:49:31:50:10:50:49:44:51:77:34:47:52:51:53:54:55:36:53:32:57:28:48:94:93:42:60:49:61:61:62:63:55:64:65:54:52:62:43:64:93:66:67:1:73:67:68:60:37:69:57:65:70:182:69:22:71:8:60:71:72:56:40:68:29:63:42:74:66:74:65:75:37:43:76:75:77:81:45:78:233:76:72:79:61:80:79:11:82:83:84:56:64:79:70:85:86:85:80:81:86:80:73:87:83:63:69:55:88:89:78:90:88:91:67:91:89:14:70:78:81:88:94:46:95:92:82:5:52:44:55:96:87:95:97:96:66:97:72:50:98:17:136:99:100:101:102:103:82:104:25:103:101:105:106:103:73:107:105:104:108:98:109:108:51:109:39:100:27:15:110:71:107:111:112:113:114:54:115:116:102:110:83:116:94:114:36:107:117:118:68:119:77:120:132:112:58:120:115:121:122:122:119:111:62:90:117:123:113:115:99:124:125:126:118:41:47:124:127:126:128:129:130:29:130:131:122:132:125:133:123:117:133:127:18:126:129:128:34:132:109:19:134:97:135:58:134:137:135:138:109:96:139:127:78:140:141:31:142:84:143:137:130:101:141:142:144:145:136:146:129:91:146:139:27:84:119:147:144:138:121:149:150:147:233:95:151:53:151:123:147:120:125:87:152:153:41:153:145:152:149:100:149:39:154:155:150:156:157:107:156:133:155:128:136:158:154:157:75:158:93:159:142:160:143:146:161:162:163:59:162:161:59:160:165:166:150:140:159:112:167:153:168:169:58:124:169:168:170:89:6:84:131:56:171:172:172:137:156:89:167:171:173:170:174:173:175:174:165:159:176:166:140:177:175:164:11:176:178:177:20:179:180:180:181:181:182:158:183:26:134:184:179:175:185:116:186:186:180:95:187:173:185:184:17:220:139:187:189:190:191:150:24:113:192:90:191:179:193:191:134:105:194:110:138:189:183:67:186:195:194:196:197:190:27:132:197:198:195:199:143:74:184:106:177:155:196:200:193:152:192:181:144:57:183:201:141:138:202:200:51:203:391:199:189:205:205:104:206:160:207:207:208:201:168:203:198:171:209:210:6:211:2:111:172:208:211:200:209:164:212:202:213:194:212:214:214:17:193:167:210:206:170:114:201:137:135:168:215:147:122:161:188:169:213:216:217:217:85:153:55:218:219:220:151:216:192:22:221:220:219:221:165:195:222:223:224:223:224:221:163:222:215:174:216:182:184:225:226:227:218:228:229:228:226:155:218:210:230:123:225:136:231:50:74:224:554:231:212:230:197:102:45:77:98:234:234:235:234:236:221:237:238:154:88:236:199:239:118:208:240:237:554:241:240:241:242:308:239:235:233:27:223:219:5:243:133:243:215:230:242:76:108:227:244:226:245:244:246:222:228:247:248:246:145:235:249:250:247:251:249:252:135:225:253:251:248:229:40:250:252:110:249:209:166:97:176:86:231:240:242:254:255:245:256:257:255:258:185:259:256:254:258:257:260:32:261:360:162:263:264:178:265:259:213:263:261:238:266:259:267:211:254:260:248:265:268:252:268:269:270:264:271:272:243:9:57:193:196:273:269:271:267:227:274:275:276:277:276:275:278:279:272:270:273:274:280:163:282:86:71:283:277:268:284:278:285:239:282:116:286:246:247:149:287:274:286:284:270:278:220:267:266:202:384:289:411:290:260:180:92:300:285:169:292:289:290:291:279:293:108:294:284:206:245:283:295:294:296:121:91:190:292:297:273:298:162:299:300:286:524:288:157:295:302:231:303:300:69:283:297:524:271:293:260:219:277:265:304:305:304:261:205:86:306:292:188:308:302:309:291:305:205:237:295:308:287:296:191:310:311:24:198:311:313:309:314:315:142:316:266:250:313:314:317:306:314:92:298:230:299:253:14:303:111:158:318:289:309:257:238:317:320:321:320:113:299:316:317:315:321:318:322:267:60:323:323:323:203:157:324:325:326:251:68:310:327:319:324:328:104:305:325:288:328:329:285:330:322:294:331:331:332:460:332:334:335:336:337:338:334:339:222:339:321:340:335:460:341:340:338:330:329:342:214:229:342:343:335:282:336:188:235:337:72:326:327:344:345:346:347:269:345:341:348:349:349:85:346:350:348:351:351:343:352:241:255:299:342:310:353:344:1:115:354:349:524:23:350:339:189:352:315:355:355:353:279:356:328:335:65:347:357:356:318:358:357:359:354:354:337:83:327:360:199:361:362:363:311:364:365:361:363:359:355:364:366:367:368:332:360:102:264:365:358:366:252:338:370:371:272:206:368:372:438:373:370:374:25:374:297:375:343:376:262:100:263:273:362:371:8:377:378:245:376:375:377:363:373:333:367:368:378:126:372:52:276:376:311:345:379:380:370:284:381:382:225:106:383:344:377:383:262:384:385:381:296:386:362:262:129:207:359:381:379:322:387:319:333:244:258:388:342:389:213:380:329:387:356:389:382:16:390:310:366:388:390:347:176:274:346:391:385:306:392:393:386:58:394:304:371:395:395:367:280:396:396:229:357:392:256:397:397:320:376:54:316:398:399:400:393:401:163:402:400:403:350:365:391:399:404:398:290:394:405:0:406:326:404:375:406:402:361:28:403:401:407:385:341:408:124:336:298:410:411:379:372:281:297:398:408:357:18:412:407:413:178:412:399:118:401:380:218:331:377:348:400:386:414:400:253:414:356:416:415:416:99:417:353:418:373:351:418:106:330:420:350:410:173:421:417:262:307:212:382:452:424:413:275:402:425:420:303:308:425:427:161:112:410:283:406:457:428:429:254:302:429:329:393:421:10:265:430:194:99:387:424:397:352:428:358:431:427:432:228:420:258:430:433:434:241:434:405:431:234:433:468:277:432:383:436:437:384:438:383:384:439:198:440:440:425:417:441:415:442:15:307:499:450:445:437:523:441:450:399:185:321:446:405:447:447:448:427:265:441:447:445:444:389:413:446:449:422:408:451:452:247:407:523:364:434:436:439:453:411:454:454:275:340:453:455:456:179:427:237:451:465:293:422:455:456:442:288:287:449:187:403:459:448:448:416:454:459:421:59:392:444:236:164:429:463:419:464:462:464:465:466:463:409:421:442:390:369:465:466:280:467:227:437:424:468:469:470:415:436:469:471:418:439:203:472:455:103:370:414:353:452:168:429:472:440:281:378:470:473:475:468:186:569:476:477:449:314:478:422:479:480:481:324:304:301:478:483:475:476:479:481:484:494:444:480:201:432:486:388:485:446:471:460:480:301:59:119:488:467:489:483:477:445:490:182:433:489:348:490:491:491:484:569:426:303:454:477:333:462:498:494:56:347:495:209:491:170:44:328:446:488:496:494:497:369:306:226:486:209:496:486:409:396:301:419:164:500:501:487:590:207:488:333:497:501:476:500:503:505:390:471:415:506:462:503:507:507:508:509:506:154:412:505:510:510:131:475:368:481:508:511:512:498:181:509:466:428:513:512:514:105:484:514:515:431:513:470:93:64:339:47:397:504:517:518:512:459:506:53:517:216:504:419:507:499:519:451:520:381:533:12:334:351:485:520:523:490:313:291:518:405:525:217:511:238:525:590:90:467:463:519:528:515:520:307:530:325:531:529:188:373:294:464:473:127:500:144:263:374:487:276:534:529:452:531:479:492:530:523:528:80:536:322:516:355:95:537:485:534:467:537:522:539:540:539:499:541:249:96:541:540:255:521:518:532:542:543:544:536:542:543:522:425:312:521:496:531:545:388:513:490:544:546:141:545:546:547:465:548:539:499:401:549:152:293:29:549:550:302:394:551:404:552:552:553:495:483:552:175:437:549:550:379:472:555:372:555:544:493:319:547:557:553:480:489:558:548:550:582:197:556:272:601:601:560:561:562:560:546:535:503:563:562:557:560:558:561:564:551:565:537:458:510:535:563:464:566:540:600:30:564:239:568:323:390:568:458:569:498:570:204:494:457:572:440:389:536:566:519:572:573:204:565:574:145:501:566:474:478:574:575:493:576:575:577:576:563:469:577:578:448:573:551:395:508:569:576:579:580:580:509:573:581:579:582:420:583:211:473:570:585:430:456:581:453:586:587:561:526:588:582:120:525:589:528:572:341:73:578:556:589:578:511:591:577:592:588:591:593:593:497:565:586:457:592:343:594:66:538:595:584:80:167:595:505:594:585:526:541:596:576:594:596:426:320:598:426:584:586:583:517:599:585:522:600:542:600:601:602:605:479:603:574:602:604:491:543:604:586:530:599:587:605:271:603:555:598:579:557:311:607:49:588:575:523:604:433:607
83,39,593,0,6550,43:1:2:32:2:4:5:6:7:4:8:5:1:9:10:3:10:12:11:312:12:14:9:8:15:16:21:15:18:19:20:19:81:22:48:36:23:18:14:20:24:4:16:6:25:12:38:26:0:28:131:25:29:29:20:492:45:24:26:31:606:7:33:21:28:33:21:492:23:4:34:32:16:34:312:48:36:312:22:0:37:46:31:492:38:23:39:39:606:40:41:7:42:43:2:38:3:41:33:44:3:19:0:46:47:45:606:49:31:50:10:50:49:44:51:77:34:47:52:51:53:54:55:36:53:32:57:28:48:94:93:42:60:49:61:61:62:63:55:64:65:54:52:62:43:64:93:66:67:1:73:67:68:60:37:69:57:65:70:182:69:22:71:8:60:71:72:56:40:68:29:63:42:74:66:74:65:75:37:43:76:75:77:81:45:78:233:76:72:79:61:80:79:11:82:83:84:56:64:79:70:85:86:85:80:81:86:80:73:87:83:63:69:55:88:89:78:90:88:91:67:91:89:14:70:78:81:88:94:46:95:92:82:5:52:44:55:96:87:95:97:96:66:97:72:50:98:17:136:99:100:101:102:103:82:104:25:103:101:105:106:103:73:107:105:104:108:98:109:108:51:109:39:100:27:15:110:71:107:111:112:113:114:54:115:116:102:110:83:116:94:114:36:107:117:118:68:119:77:120:132:112:58:120:115:121:122:122:119:111:62:90:117:123:113:115:99:124:125:126:118:41:47:124:127:126:128:129:130:29:130:131:122:132:125:133:123:117:133:127:18:126:129:128:34:132:109:19:134:97:135:58:134:137:135:138:109:96:139:127:78:140:141:31:142:84:143:137:130:101:141:142:144:145:136:146:129:91:146:139:27:84:119:147:144:138:121:149:150:147:233:95:151:53:151:123:147:120:125:87:152:153:41:153:145:152:149:100:149:39:154:155:150:156:157:107:156:133:155:128:136:158:154:157:75:158:93:159:142:160:143:146:161:162:163:59:162:161:59:160:165:166:150:140:159:112:167:153:168:169:58:124:169:168:170:89:6:84:131:56:171:172:172:137:156:89:167:171:173:170:174:173:175:174:165:159:176:166:140:177:175:164:11:176:178:177:20:179:180:180:181:181:182:158:183:26:134:184:179:175:185:116:186:186:180:95:187:173:185:184:17:220:139:187:189:190:191:150:24:113:192:90:191:179:193:191:134:105:194:110:138:189:183:67:186:195:194:196:197:190:27:132:197:198:195:199:143:74:184:106:177:155:196:200:193:152:192:181:144:57:183:201:141:138:202:200:51:203:391:199:189:205:205:104:206:160:207:207:208:201:168:203:198:171:209:210:6:211:2:111:172:208:211:200:209:164:212:202:213:194:212:214:214:17:193:167:210:206:170:114:201:137:135:168:215:147:122:161:188:169:213:216:217:217:85:153:55:218:219:220:151:216:192:22:221:220:219:221:165:195:222:223:224:223:224:221:163:222:215:174:216:182:184:225:226:227:218:228:229:228:226:155:218:210:230:123:225:136:231:50:74:224:554:231:212:230:197:102:45:77:98:234:234:235:234:236:221:237:238:154:88:236:199:239:118:208:240:237:554:241:240:241:242:308:239:235:233:27:223:219:5:243:133:243:215:230:242:76:108:227:244:226:245:244:246:222:228:247:248:246:145:235:249:250:247:251:249:252:135:225:253:251:248:229:40:250:252:110:249:209:166:97:176:86:231:240:242:254:255:245:256:257:255:258:185:259:256:254:258:257:260:32:261:360:162:263:264:178:265:259:213:263:261:238:266:259:267:211:254:260:248:265:268:252:268:269:270:264:271:272:243:9:57:193:196:273:269:271:267:227:274:275:276:277:276:275:278:279:272:270:273:274:280:163:282:86:71:283:277:268:284:278:285:239:282:116:286:246:247:149:287:274:286:284:270:278:220:267:266:202:384:289:411:290:260:180:92:300:285:169:292:289:290:291:279:293:108:294:284:206:245:283:295:294:296:121:91:190:292:297:273:298:162:299:300:286:524:288:157:295:302:231:303:300:69:283:297:524:271:293:260:219:277:265:304:305:304:261:205:86:306:292:188:308:302:309:291:305:205:237:295:308:287:296:191:310:311:24:198:311:313:309:314:315:142:316:266:250:313:314:317:306:314:92:298:230:299:253:14:303:111:158:318:289:309:257:238:317:320:321:320:113:299:316:317:315:321:318:322:267:60:323:323:323:203:157:324:325:326:251:68:310:327:319:324:328:104:305:325:288:328:329:285:330:322:294:331:331:332:460:332:334:335:336:337:338:334:339:222:339:321:340:335:460:341:340:338:330:329:342:214:229:342:343:335:282:336:188:235:337:72:326:327:344:345:346:347:269:345:341:348:349:349:85:346:350:348:351:351:343:352:241:255:299:342:310:353:344:1:115:354:349:524:23:350:339:189:352:315:355:355:353:279:356:328:335:65:347:357:356:318:358:357:359:354:354:337:83:327:360:199:361:362:363:311:364:365:361:363:359:355:364:366:367:368:332:360:102:264:365:358:366:252:338:370:371:272:206:368:372:438:373:370:374:25:374:297:375:343:376:262:100:263:273:362:371:8:377:378:245:376:375:377:363:373:333:367:368:378:126:372:52:276:376:311:345:379:380:370:284:381:382:225:106:383:344:377:383:262:384:385:381:296:386:362:262:129:207:359:381:379:322:387:319:333:244:258:388:342:389:213:380:329:387:356:389:382:16:390:310:366:388:390:347:176:274:346:391:385:306:392:393:386:58:394:304:371:395:395:367:280:396:396:229:357:392:256:397:397:320:376:54:316:398:399:400:393:401:163:402:400:403:350:365:391:399:404:398:290:394:405:0:406:326:404:375:406:402:361:28:403:401:407:385:341:408:124:336:298:410:411:379:372:281:297:398:408:357:18:412:407:413:178:412:399:118:401:380:218:331:377:348:400:386:414:400:253:414:356:416:415:416:99:417:353:418:373:351:418:106:330:420:350:410:173:421:417:262:307:212:382:452:424:413:275:402:425:420:303:308:425:427:161:112:410:283:406:457:428:429:254:302:429:329:393:421:10:265:430:194:99:387:424:397:352:428:358:431:427:432:228:420:258:430:433:434:241:434:405:431:234:433:468:277:432:383:436:437:384:438:383:384:439:198:440:440:425:417:441:415:442:15:307:499:450:445:437:523:441:450:399:185:321:446:405:447:447:448:427:265:441:447:445:444:389:413:446:449:422:408:451:452:247:407:523:364:434:436:439:453:411:454:454:275:340:453:455:456:179:427:237:451:465:293:422:455:456:442:288:287:449:187:403:459:448:448:416:454:459:421:59:392:444:236:164:429:463:419:464:606:464:465:466:463:409:421:442:390:369:465:466:280:467:227:437:424:468:469:470:415:436:469:471:418:439:203:472:455:103:370:414:353:452:168:429:472:440:281:378:470:473:475:468:186:569:476:477:449:314:478:422:479:480:481:324:304:301:478:483:475:476:479:481:484:494:444:480:201:432:486:388:485:446:471:460:480:301:59:119:488:467:489:483:477:445:490:182:433:489:348:490:491:491:484:569:426:303:454:477:333:369:498:494:56:347:495:209:491:170:44:328:446:488:496:494:497:369:306:226:486:209:496:486:409:396:301:419:164:500:501:487:590:207:488:333:497:501:476:500:503:505:390:471:415:506:554:503:507:507:508:509:506:154:412:505:510:510:131:475:368:481:508:511:512:498:181:509:466:428:513:512:514:105:484:514:515:431:513:470:93:64:339:47:397:504:517:518:512:459:506:53:517:216:504:419:507:499:519:451:520:381:533:12:334:351:485:520:523:490:313:291:518:405:525:217:511:238:525:590:90:467:463:519:528:515:520:307:530:325:531:529:188:373:294:464:473:127:500:144:263:374:487:276:534:529:452:531:479:462:530:523:528:80:536:322:516:355:95:537:485:534:467:537:522:539:540:539:499:541:249:96:541:540:255:521:518:532:542:543:544:536:542:543:522:425:312:521:496:531:545:388:513:490:544:546:141:545:546:547:465:548:539:499:401:549:152:293:29:549:550:302:394:551:404:552:552:553:495:483:552:175:437:549:550:379:472:555:372:555:544:493:319:547:557:553:480:489:558:548:550:582:197:556:272:601:601:560:561:562:560:546:535:503:563:562:557:560:558:561:564:551:565:537:458:510:535:563:464:566:540:600:30:564:239:568:323:390:568:458:569:498:570:204:494:457:572:440:389:536:566:519:572:573:204:565:574:145:501:566:474:478:574:575:493:576:575:577:576:563:469:577:578:448:573:551:395:508:569:576:579:580:580:509:573:581:579:582:420:583:211:473:570:585:430:456:581:453:586:587:561:526:588:582:120:525:589:528:572:341:73:578:556:589:578:511:591:577:592:588:591:593:593:497:565:586:457:592:343:594:66:538:595:584:80:167:595:505:594:585:526:541:596:576:594:596:426:320:598:426:584:586:583:517:599:585:522:600:542:600:601:602:605:479:603:574:602:604:491:543:604:586:530:599:587:605:271:603:555:598:579:557:311:607:49:588:575:523:604:433:607
84,39,592,0,6547,43:1:2:32:2:4:5:6:7:4:8:5:1:9:10:533:10:12:11:312:12:14:9:8:15:16:21:15:18:19:20:19:81:22:48:36:23:18:14:20:24:4:16:6:25:12:38:26:0:28:131:25:29:29:20:492:45:24:26:31:606:7:33:21:28:33:21:492:23:4:34:32:16:34:312:48:36:312:22:0:37:46:31:492:38:23:39:39:606:40:41:7:42:43:2:38:533:41:33:44:533:19:0:46:47:45:606:49:31:50:10:50:49:44:51:77:34:47:52:51:53:54:55:36:53:32:57:28:48:94:93:42:60:49:61:61:62:63:55:64:65:54:52:62:43:64:93:66:67:1:73:67:68:60:37:69:57:65:70:182:69:22:71:8:60:71:72:56:40:68:29:63:42:74:66:74:65:75:37:43:76:75:77:81:45:78:233:76:72:79:61:80:79:11:82:83:84:56:64:79:70:85:86:85:80:81:86:80:73:87:83:63:69:55:88:89:78:90:88:91:67:91:89:14:70:78:81:88:94:46:95:92:82:5:52:44:55:96:87:95:97:96:66:97:72:50:98:17:136:99:100:101:102:103:82:104:25:103:101:105:106:103:73:107:105:104:108:98:109:108:51:109:39:100:27:15:110:71:107:111:112:113:114:54:115:116:102:110:83:116:94:114:36:107:117:118:68:119:77:120:132:112:58:120:115:121:122:122:119:111:62:90:117:123:113:115:99:124:125:126:118:41:47:124:127:126:128:129:130:29:130:131:122:132:125:133:123:117:133:127:18:126:129:128:34:132:109:19:134:97:135:58:134:137:135:138:109:96:139:127:78:140:141:31:142:84:143:137:130:101:141:142:144:145:136:146:129:91:146:139:27:84:119:147:144:138:121:149:150:147:233:95:151:53:151:123:147:120:125:87:152:153:41:153:145:152:149:100:149:39:154:155:150:156:157:107:156:133:155:128:136:158:154:157:75:158:93:159:142:160:143:146:161:162:163:59:162:161:59:160:165:166:150:140:159:112:167:153:168:169:58:124:169:168:170:89:6:84:131:56:171:172:172:137:156:89:167:171:173:170:174:173:175:174:165:159:176:166:140:177:175:164:11:176:178:177:20:179:180:180:181:181:182:158:183:26:134:184:179:175:185:116:186:186:180:95:187:173:185:184:17:220:139:187:189:190:191:150:24:113:192:90:191:179:193:191:134:105:194:110:138:189:183:67:186:195:194:196:197:190:27:132:197:198:195:199:143:74:184:106:177:155:196:200:193:152:192:181:144:57:183:201:141:138:202:200:51:203:391:199:189:205:205:104:206:160:207:207:208:201:168:203:198:171:209:210:6:211:2:111:172:208:211:200:209:164:212:202:213:194:212:214:214:17:193:167:210:206:170:114:201:137:135:168:215:147:122:161:188:169:213:216:217:217:85:153:55:218:219:220:151:216:192:22:221:220:219:221:165:195:222:223:224:223:224:221:163:222:215:174:216:182:184:225:226:227:218:228:229:228:226:155:218:210:230:123:225:136:231:50:74:224:554:231:212:230:197:102:45:77:98:234:234:235:234:236:221:237:238:154:88:236:199:239:118:208:240:237:554:241:240:241:242:308:239:235:233:27:223:219:5:243:133:243:215:230:242:76:108:227:244:226:245:244:246:222:228:247:248:246:145:235:249:250:247:251:249:252:135:225:253:251:248:229:40:250:252:110:249:209:166:97:176:86:231:240:242:254:255:245:256:257:255:258:185:259:256:254:258:257:260:32:261:360:162:263:264:178:265:259:213:263:261:238:266:259:267:211:254:260:248:265:268:252:268:269:270:264:271:272:243:9:57:193:196:273:269:271:267:227:274:275:276:277:276:275:278:279:272:270:273:274:280:163:282:86:71:283:277:268:284:278:285:239:282:116:286:246:247:149:287:274:286:284:270:278:220:267:266:202:384:289:411:290:260:180:92:300:285:169:292:289:290:291:279:293:108:294:284:206:245:283:295:294:296:121:91:190:292:297:273:298:162:299:300:286:524:288:157:295:302:231:303:300:69:283:297:524:271:293:260:219:277:265:304:305:304:261:205:86:306:292:188:308:302:309:291:305:205:237:295:308:287:296:191:310:311:24:198:311:313:309:314:315:142:316:266:250:313:314:317:306:314:92:298:230:299:253:14:303:111:158:318:289:309:257:238:317:320:321:320:113:299:316:317:315:321:318:322:267:60:323:323:323:203:157:324:325:326:251:68:310:327:319:324:328:104:305:325:288:328:329:285:330:322:294:331:331:332:460:332:334:335:336:337:338:334:339:222:339:321:340:335:460:341:340:338:330:329:342:214:229:342:343:335:282:336:188:235:337:72:326:327:344:345:346:347:269:345:341:348:349:349:85:346:350:348:351:351:343:352:241:255:299:342:310:353:344:1:115:354:349:524:23:350:339:189:352:315:355:355:353:279:356:328:335:65:347:357:356:318:358:357:359:354:354:337:83:327:360:199:361:362:363:311:364:365:361:363:359:355:364:366:367:368:332:360:102:264:365:358:366:252:338:370:371:272:206:368:372:438:373:370:374:25:374:297:375:343:376:262:100:263:273:362:371:8:377:378:245:376:375:377:363:373:333:367:368:378:126:372:52:276:376:311:345:379:380:370:284:381:382:225:106:383:344:377:383:262:384:385:381:296:386:362:262:129:207:359:381:379:322:387:319:333:244:258:388:342:389:213:380:329:387:356:389:382:16:390:310:366:388:390:347:176:274:346:391:385:306:392:393:386:58:394:304:371:395:395:367:280:396:396:229:357:392:256:397:397:320:376:54:316:398:399:400:393:401:163:402:400:403:350:365:391:399:404:398:290:394:405:0:406:326:404:375:406:402:361:28:403:401:407:385:341:408:124:336:298:410:411:379:372:281:297:398:408:357:18:412:407:413:178:412:399:118:401:380:218:331:377:348:400:386:414:400:253:414:356:416:415:416:99:417:353:418:373:351:418:106:330:420:350:410:173:421:417:262:307:212:382:452:424:413:275:402:425:420:303:308:425:427:161:112:410:283:406:457:428:429:254:302:429:329:393:421:10:265:430:194:99:387:424:397:352:428:358:431:427:432:228:420:258:430:433:434:241:434:405:431:234:433:468:277:432:383:436:437:384:438:383:384:439:198:440:440:425:417:441:415:442:15:307:499:450:445:437:523:441:450:399:185:321:446:405:447:447:448:427:265:441:447:445:444:389:413:446:449:422:408:451:452:247:407:523:364:434:436:439:453:411:454:454:275:340:453:455:456:179:427:237:451:465:293:422:455:456:442:288:287:449:187:403:459:448:448:416:454:459:421:59:392:444:236:164:429:463:419:464:606:464:465:466:463:409:421:442:390:369:465:466:280:467:227:437:424:468:469:470:415:436:469:471:418:439:203:472:455:103:370:414:353:452:168:429:472:440:281:378:470:473:475:468:186:569:476:477:449:314:478:422:479:480:481:324:304:301:478:483:475:476:479:481:484:494:444:480:201:432:486:388:485:446:471:460:480:301:59:119:488:467:489:483:477:445:490:182:433:489:348:490:491:491:484:569:426:303:454:477:333:369:498:494:56:347:495:209:491:170:44:328:446:488:496:494:497:369:306:226:486:209:496:486:409:396:301:419:164:500:501:487:590:207:488:333:497:501:476:500:503:505:390:471:415:506:554:503:507:507:508:509:506:154:412:505:510:510:131:475:368:481:508:511:512:498:181:509:466:428:513:512:514:105:484:514:515:431:513:470:93:64:339:47:397:504:517:518:512:459:506:53:517:216:504:419:507:499:519:451:520:381:545:12:334:351:485:520:523:490:313:291:518:405:525:217:511:238:525:590:90:467:463:519:528:515:520:307:530:325:531:529:188:373:294:464:473:127:500:144:263:374:487:276:534:529:452:531:479:462:530:523:528:80:536:322:516:355:95:537:485:534:467:537:522:539:540:539:499:541:249:96:541:540:255:521:518:532:542:543:544:536:542:543:522:425:312:521:496:531:545:388:513:490:544:546:141:545:546:547:465:548:539:499:401:549:152:293:29:549:550:302:394:551:404:552:552:553:495:483:552:175:437:549:550:379:472:555:372:555:544:493:319:547:557:553:480:489:558:548:550:582:197:556:272:601:601:560:561:562:560:546:535:503:563:562:557:560:558:561:564:551:565:537:458:510:535:563:464:566:540:600:30:564:239:568:323:390:568:458:569:498:570:204:494:457:572:440:389:536:566:519:572:573:204:565:574:145:501:566:474:478:574:575:493:576:575:577:576:563:469:577:578:448:573:551:395:508:569:576:579:580:580:509:573:581:579:582:420:583:211:473:570:585:430:456:581:453:586:587:561:526:588:582:120:525:589:528:572:341:73:578:556:589:578:511:591:577:592:588:591:593:593:497:565:586:457:592:343:594:66:538:595:584:80:167:595:505:594:585:526:541:596:576:594:596:426:320:598:426:584:586:583:517:599:585:522:600:542:600:601:602:605:479:603:574:602:604:491:543:604:586:530:599:587:605:271:603:555:598:579:557:311:607:49:588:575:523:604:433:607
86,40,591,0,6546,43:1:2:32:2:4:5:6:7:4:8:5:1:9:10:533:10:12:11:312:12:14:9:8:15:16:21:15:18:19:20:19:81:22:48:36:23:18:14:20:24:4:16:6:25:12:38:26:0:28:131:25:29:29:20:492:45:24:26:31:606:7:33:21:28:33:21:492:23:4:34:32:16:34:312:48:36:312:22:0:37:46:31:492:38:23:39:39:606:40:41:7:42:43:2:38:533:41:33:44:533:19:0:46:47:45:606:49:31:50:10:50:49:44:51:77:34:47:52:51:53:54:55:36:53:32:57:28:48:94:93:42:60:49:61:61:62:63:55:64:65:54:52:62:43:64:93:66:67:1:73:67:68:60:37:69:57:65:70:182:69:22:71:8:60:71:72:56:40:68:29:63:42:74:66:74:65:75:37:43:76:75:77:81:45:78:233:76:72:79:61:80:79:11:82:83:84:56:64:79:70:85:86:85:80:81:86:80:73:87:83:63:69:55:88:89:78:90:88:91:67:91:89:14:70:78:81:88:94:46:95:92:82:5:52:44:55:96:87:95:97:96:66:97:72:50:98:17:136:99:100:101:102:103:82:104:25:103:101:105:106:103:73:107:105:104:108:98:109:108:51:109:39:100:27:15:110:71:107:111:112:113:114:54:115:116:102:110:83:116:94:114:36:107:117:118:68:119:77:120:132:112:58:120:115:121:122:122:119:111:62:90:117:123:113:115:99:124:125:126:118:41:47:124:127:126:128:129:130:29:130:131:122:132:125:133:123:117:133:127:18:126:129:128:34:132:109:19:134:97:135:58:134:137:135:138:109:96:139:127:78:140:141:31:142:84:143:137:130:101:141:142:144:145:136:146:129:91:146:139:27:84:119:147:144:138:121:149:150:147:233:95:151:53:151:123:147:120:125:87:152:153:41:153:145:152:149:100:149:39:154:155:150:156:157:107:156:133:155:128:136:158:154:157:75:158:93:159:142:160:143:146:161:162:163:59:162:161:59:160:165:166:150:140:159:112:167:153:168:169:58:124:169:168:170:89:6:84:131:56:171:172:172:137:156:89:167:171:173:170:174:173:175:174:165:159:176:166:140:177:175:164:11:176:178:177:20:179:180:180:181:181:182:158:183:26:134:184:179:175:185:116:186:186:180:95:187:173:185:184:17:220:139:187:189:190:191:150:24:113:192:90:191:179:193:191:134:105:194:110:138:189:183:67:186:195:194:196:197:190:27:132:197:198:195:199:143:74:184:106:177:155:196:200:193:152:192:181:144:57:183:201:141:138:202:200:51:203:391:199:189:205:205:104:206:160:207:207:208:201:168:203:198:171:209:210:6:211:2:111:172:208:211:200:209:164:212:202:213:194:212:214:214:17:193:167:210:206:170:114:201:137:135:168:215:147:122:161:188:169:213:216:217:217:85:153:55:218:219:220:151:216:192:22:221:220:219:221:165:195:222:223:224:223:224:221:163:222:215:174:216:182:184:225:226:227:218:228:229:228:226:155:218:210:230:123:225:136:231:50:74:224:554:231:212:230:197:102:45:77:98:234:234:235:234:236:221:237:238:154:88:236:199:239:118:208:240:237:554:241:240:241:242:308:239:235:233:27:223:219:5:243:133:243:215:230:242:76:108:227:244:226:245:244:246:222:228:247:248:246:145:235:249:250:247:251:249:252:135:225:253:251:248:229:40:250:252:110:249:209:166:97:176:86:231:240:242:254:255:245:256:257:255:258:185:259:256:254:258:257:260:32:261:360:162:263:264:178:265:259:213:263:261:238:266:259:267:211:254:260:248:265:268:252:268:269:270:264:271:272:243:9:57:193:196:273:269:271:267:227:274:275:276:277:276:275:278:279:272:270:273:274:280:163:282:86:71:283:277:268:284:278:285:239:282:116:286:246:247:149:287:274:286:284:270:278:220:267:266:202:384:289:411:290:260:180:92:300:285:169:292:289:290:291:279:293:108:294:284:206:245:283:295:294:296:121:91:190:292:297:273:298:162:299:300:286:524:288:157:295:302:231:303:300:69:283:297:524:271:293:260:219:277:265:304:305:304:261:205:86:306:292:188:308:302:309:291:305:205:237:295:308:287:296:191:310:311:24:198:311:313:309:314:315:142:316:266:250:313:314:317:306:314:92:298:230:299:253:14:303:111:158:318:289:309:257:238:317:320:321:320:113:299:316:317:315:321:318:322:267:60:323:323:323:203:157:324:325:326:251:68:310:327:319:324:328:104:305:325:288:328:329:285:330:322:294:331:331:332:460:332:334:335:336:337:338:334:339:222:339:321:340:335:460:341:340:338:330:329:342:214:229:342:343:335:282:336:188:235:337:72:326:327:344:345:346:347:269:345:341:348:349:349:85:346:350:348:351:351:343:352:241:255:299:342:310:353:344:1:115:354:349:524:23:350:339:189:352:315:355:355:353:279:356:328:335:65:347:357:356:318:358:357:359:354:354:337:83:327:360:199:361:362:363:311:364:365:361:363:359:355:364:366:367:368:332:360:102:264:365:358:366:252:338:370:371:272:206:368:372:438:373:370:374:25:374:297:375:343:376:262:100:263:273:362:371:8:377:378:245:376:375:377:363:373:333:367:368:378:126:372:52:276:376:311:345:379:380:370:284:381:382:225:106:383:344:377:383:262:384:385:381:296:386:362:262:129:207:359:381:379:322:387:319:333:244:258:388:342:389:213:380:329:387:356:389:382:16:390:310:366:388:390:347:176:274:346:391:385:306:392:393:386:58:394:304:371:395:395:367:280:396:396:229:357:392:256:397:397:320:376:54:316:398:399:400:393:401:163:402:400:403:350:365:391:399:404:398:290:394:405:0:406:326:404:375:406:402:361:28:403:401:407:385:341:408:124:336:298:410:411:379:372:281:297:398:408:357:18:412:407:413:178:412:399:118:401:380:218:331:377:348:400:386:414:400:253:414:356:416:415:416:99:417:353:418:373:351:418:106:330:420:350:410:173:421:417:262:307:212:382:452:424:413:275:402:425:420:303:308:425:427:161:112:410:283:406:457:428:429:254:302:429:329:393:421:10:265:430:194:99:387:424:397:352:428:358:431:427:432:228:420:258:430:433:434:241:434:405:431:234:433:468:277:432:383:436:437:384:438:383:384:439:198:440:440:425:417:441:415:442:15:307:499:450:445:437:523:441:450:399:185:321:446:405:447:447:448:427:265:441:447:445:444:389:413:446:449:422:408:451:452:247:407:523:364:434:436:439:453:411:454:454:275:340:453:455:471:179:427:237:451:465:293:422:455:456:442:288:287:449:187:403:459:448:448:416:454:459:421:59:392:444:236:164:429:463:419:464:606:464:465:466:463:409:421:442:390:369:465:466:280:467:227:437:424:468:469:470:415:436:469:471:418:439:203:472:455:103:370:414:353:452:168:429:472:440:281:378:470:473:475:468:186:569:476:456:449:314:478:422:479:480:481:324:304:301:478:483:475:476:479:481:484:494:444:480:201:432:486:388:485:446:471:460:480:301:59:119:488:467:489:483:556:445:490:182:433:489:348:490:491:491:484:569:426:303:454:11:333:369:498:494:56:347:495:209:491:170:44:328:446:488:496:494:497:369:306:226:486:209:496:486:409:396:301:419:164:500:501:487:590:207:488:333:497:501:476:500:503:505:390:471:415:506:554:503:507:507:508:509:506:154:412:505:510:510:131:475:368:481:508:511:512:498:181:509:466:428:513:512:514:105:484:514:515:431:513:470:93:64:339:47:397:504:517:518:512:459:506:53:517:216:504:419:507:499:519:451:520:381:545:12:334:351:485:520:523:490:313:291:518:405:525:217:511:238:525:590:90:467:463:519:528:515:520:307:530:325:531:529:188:373:294:464:473:127:500:144:263:374:487:276:534:529:452:531:479:462:530:523:528:80:516:322:548:355:95:537:485:534:467:537:522:539:540:539:499:541:249:96:541:540:255:521:518:532:542:543:544:598:542:543:522:425:312:521:496:531:545:388:513:490:544:546:141:545:546:547:465:548:539:499:401:549:152:293:29:549:550:302:394:551:404:552:552:553:495:483:552:175:437:549:550:379:472:555:372:555:544:493:319:547:557:553:480:489:558:548:550:582:197:556:272:601:601:560:561:562:560:546:535:503:563:562:557:560:558:561:564:551:565:537:458:510:535:563:464:566:540:600:30:564:239:568:323:390:568:458:569:498:570:204:494:457:572:440:389:536:566:519:572:573:204:565:574:145:501:566:474:478:574:575:493:576:575:577:576:563:469:577:578:448:573:551:395:508:569:576:579:580:580:509:573:581:579:582:420:583:211:473:570:585:430:30:581:453:586:587:561:526:588:582:120:525:589:528:572:341:73:578:556:589:578:511:591:577:592:588:591:593:593:497:565:586:457:592:343:594:66:538:595:584:80:167:595:505:594:585:526:541:596:576:594:596:426:320:598:426:584:586:583:517:599:585:522:600:542:600:601:602:605:479:603:574:602:604:491:543:604:586:530:599:587:605:271:603:555:598:579:557:311:607:49:588:575:523:604:433:607
89,43,588,0,6541,43:1:2:32:2:4:5:6:7:4:8:5:1:9:10:533:10:12:11:312:12:14:9:8:15:16:21:15:18:19:20:19:81:22:48:36:23:18:14:20:24:4:16:6:25:12:38:26:0:28:131:25:29:29:20:492:45:24:26:31:606:7:33:21:28:33:21:492:23:4:34:32:16:34:312:48:36:312:22:0:37:46:31:492:38:23:39:39:606:40:41:7:42:43:2:38:533:41:33:44:533:19:0:46:47:45:606:49:31:50:10:50:49:44:51:77:34:47:52:51:53:54:55:36:53:32:57:28:48:94:93:42:60:49:61:61:62:63:55:64:65:54:52:62:43:64:93:66:67:1:73:67:68:60:37:69:57:65:70:182:69:22:71:8:60:71:72:56:40:68:29:63:42:74:66:74:65:75:37:43:76:75:77:81:45:78:233:76:72:79:61:80:79:11:82:83:84:56:64:79:70:85:86:85:80:81:86:80:73:87:83:63:69:55:88:89:78:90:88:91:67:91:89:14:70:78:81:88:94:46:95:92:82:5:52:44:55:96:87:95:97:96:66:97:72:50:98:17:136:99:100:101:102:103:82:104:25:103:101:105:106:103:73:107:105:104:108:98:109:108:51:109:39:100:27:15:110:71:107:111:112:113:114:54:115:116:102:110:83:116:94:114:36:107:117:118:68:119:77:120:132:112:58:120:115:121:122:122:119:111:62:90:117:123:113:115:99:124:125:126:118:41:47:124:127:126:128:129:130:29:130:131:122:132:125:133:123:117:133:127:18:126:129:128:34:132:109:19:134:97:135:58:134:137:135:138:109:96:139:127:78:140:141:31:142:84:143:137:130:101:141:142:144:145:136:146:129:91:146:139:27:84:119:147:144:138:121:149:150:147:233:95:151:53:151:123:147:120:125:87:152:153:41:153:145:152:149:100:149:39:154:155:150:156:157:107:156:133:155:128:136:158:154:157:75:158:93:159:142:160:143:146:161:162:163:59:162:161:59:160:165:166:150:140:159:112:167:153:168:169:58:124:169:168:170:89:6:84:131:56:171:172:172:137:156:89:167:171:173:170:174:173:175:174:165:159:176:166:140:536:175:164:11:176:178:536:20:179:180:180:181:181:182:158:183:26:134:184:179:175:185:116:186:186:180:95:187:173:185:184:17:220:139:187:189:190:191:150:24:113:192:90:191:179:193:191:134:105:194:110:138:189:183:67:186:195:194:196:197:190:27:132:197:198:195:199:143:74:184:106:536:155:196:200:193:152:192:181:144:57:183:201:141:138:202:200:51:203:391:199:189:205:205:104:206:160:207:207:208:201:168:203:198:171:209:210:6:211:2:111:172:208:211:200:209:164:212:202:213:194:212:214:214:17:193:167:210:206:170:114:201:137:135:168:215:147:122:161:188:169:213:216:217:217:85:153:55:218:219:220:151:216:192:22:221:220:219:221:165:195:222:223:224:223:224:221:163:222:215:174:216:182:184:225:226:227:218:228:229:228:226:155:218:210:230:123:225:136:231:50:74:224:554:231:212:230:197:102:45:77:98:234:234:235:234:236:221:237:238:154:88:236:199:239:118:208:240:237:554:241:240:241:242:308:239:235:233:27:223:219:5:243:133:243:215:230:242:76:108:227:244:226:245:244:246:222:228:247:248:246:145:235:249:250:247:251:249:252:135:225:253:251:248:229:40:250:252:110:249:209:166:97:176:86:231:240:242:254:255:245:256:257:255:258:185:259:256:254:258:257:260:32:261:360:162:263:264:178:265:259:213:263:261:238:266:259:267:211:254:260:248:265:268:252:268:269:270:264:271:272:243:9:57:193:196:273:269:271:267:227:274:275:276:277:276:275:278:279:272:270:273:274:280:163:282:86:71:283:277:268:284:278:285:239:282:116:286:246:247:149:287:274:286:284:270:278:220:267:266:202:384:289:411:290:260:180:92:300:285:169:292:289:290:291:279:293:108:294:284:206:245:283:295:294:296:121:91:190:292:297:273:298:162:299:300:286:524:288:157:295:302:231:303:300:69:283:297:524:271:293:260:219:277:265:304:305:304:261:205:86:306:292:188:308:302:309:291:305:205:237:295:308:287:296:191:310:311:24:198:311:313:309:314:315:142:316:266:250:313:314:317:306:314:92:298:230:299:253:14:303:111:158:318:289:309:257:238:317:320:321:320:113:299:316:317:315:321:318:322:267:60:323:323:323:203:157:324:325:326:251:68:310:327:319:324:328:104:305:325:288:328:329:285:330:322:294:331:331:332:460:332:334:335:336:337:338:334:339:222:339:321:340:335:460:341:340:338:330:329:342:214:229:342:343:335:282:336:188:235:337:72:326:327:344:345:346:347:269:345:341:348:349:349:85:346:350:348:351:351:343:352:241:255:299:342:310:353:344:1:115:354:349:524:23:350:339:189:352:315:355:355:353:279:356:328:335:65:347:357:356:318:358:357:359:354:354:337:83:327:360:199:361:362:363:311:364:365:361:363:359:355:364:366:367:368:332:360:102:264:365:358:366:252:338:370:371:272:206:368:372:438:373:370:374:25:374:297:375:343:376:262:100:263:273:362:371:8:377:378:245:376:375:377:363:373:333:367:368:378:126:372:52:276:376:311:345:379:380:370:284:381:382:225:106:383:344:377:383:262:384:385:381:296:386:362:262:129:207:359:381:379:322:387:319:333:244:258:388:342:389:213:380:329:387:356:389:382:16:390:310:366:388:390:347:176:274:346:391:385:306:392:393:386:58:394:304:371:395:395:367:280:396:396:229:357:392:256:397:397:320:376:54:316:398:399:400:393:401:163:402:400:403:350:365:391:399:404:398:290:394:405:0:406:326:404:375:406:402:361:28:403:401:407:385:341:408:124:336:298:410:411:379:372:281:297:398:408:357:18:412:407:413:178:412:399:118:401:380:218:331:377:348:400:386:414:400:253:414:356:416:415:416:99:417:353:418:373:351:418:106:330:420:350:410:173:421:417:262:307:212:382:452:424:413:275:402:425:420:303:308:425:427:161:112:410:283:406:457:428:429:254:302:429:329:393:421:10:265:430:194:99:387:280:397:352:428:358:431:427:432:228:420:258:430:433:434:241:434:405:431:234:433:468:277:432:383:436:437:384:438:383:384:439:198:440:440:425:417:441:415:442:15:307:499:450:445:437:523:441:450:399:185:321:446:405:447:447:448:427:265:441:447:445:444:389:413:446:449:422:408:451:452:247:407:523:364:434:436:439:453:411:454:454:275:340:453:455:471:179:427:237:451:465:293:422:455:456:442:288:287:449:187:403:459:448:448:416:454:459:421:59:392:444:236:164:429:463:419:464:606:464:465:466:463:409:421:442:390:369:465:466:280:467:227:437:424:468:469:470:415:436:469:471:418:439:203:472:455:103:370:414:353:452:168:429:472:440:281:378:470:473:475:468:186:569:476:456:449:314:478:422:479:480:481:324:304:301:478:483:475:476:479:481:484:494:444:480:201:432:486:388:485:446:471:460:480:301:59:119:488:467:489:483:556:445:490:182:433:489:348:490:491:491:484:569:426:303:454:11:333:369:498:494:56:347:495:209:491:170:44:328:446:488:496:494:497:369:306:226:486:209:496:486:409:396:301:419:164:500:501:487:590:207:488:333:497:501:476:500:503:505:390:471:415:506:554:503:507:507:508:509:506:154:412:505:510:510:131:475:368:481:508:511:512:498:181:509:466:428:513:512:514:105:484:514:515:431:513:470:93:64:339:47:397:504:517:518:512:459:506:53:517:216:504:419:507:499:519:451:520:381:545:12:334:351:485:520:523:490:313:291:518:405:525:217:511:238:525:590:90:467:463:519:528:515:520:307:530:325:531:529:188:373:294:464:473:127:500:144:263:374:487:276:534:529:452:531:479:462:530:523:528:80:516:322:548:355:95:537:485:534:467:537:522:539:540:539:499:541:249:96:541:540:255:521:518:532:542:543:544:598:542:543:522:425:312:521:496:531:545:388:513:490:544:546:141:545:546:547:465:548:539:499:401:549:152:293:29:549:550:302:394:551:404:552:552:553:495:483:552:175:437:549:550:379:472:555:372:555:544:493:319:547:557:553:480:489:558:548:550:582:197:556:272:601:601:560:561:562:560:546:535:503:564:562:557:560:558:561:532:551:565:537:458:510:535:462:464:566:540:600:30:458:239:568:323:390:568:458:569:498:570:204:494:457:572:440:389:474:566:519:572:573:204:565:574:145:501:566:474:478:574:575:493:576:575:577:576:214:469:577:578:448:573:551:395:508:569:576:579:580:580:509:573:581:579:582:420:583:211:473:570:585:430:30:581:453:586:587:561:526:588:582:120:525:589:528:572:341:73:578:556:589:578:511:591:577:592:588:591:593:593:497:565:586:457:592:343:594:66:424:595:584:80:167:595:505:594:585:526:541:596:576:594:596:426:320:598:426:584:586:583:517:599:585:522:600:542:600:601:602:605:479:603:574:602:604:491:543:604:586:530:599:587:605:271:603:555:598:579:557:311:607:49:588:575:523:604:433:607
90,43,588,0,6538,43:1:2:32:2:4:5:6:7:4:8:5:1:9:10:533:10:12:11:312:12:14:9:8:15:16:21:15:18:19:20:19:81:22:48:36:23:18:14:20:24:4:16:6:25:12:38:26:0:28:131:25:29:29:20:492:45:24:26:31:606:7:33:21:28:33:21:492:23:4:34:32:16:34:312:48:36:312:22:0:37:46:31:492:38:23:39:39:606:40:41:7:42:43:2:38:533:41:33:44:533:19:0:46:47:45:606:49:31:50:10:50:49:44:51:77:34:47:52:51:53:54:55:36:53:32:57:28:48:94:93:42:60:49:61:61:62:63:55:64:65:54:52:62:43:64:93:66:67:1:73:67:68:60:37:69:57:65:70:182:69:22:71:8:60:71:72:56:40:68:29:63:42:74:66:74:65:75:37:43:76:75:77:81:45:78:233:76:72:79:61:80:79:11:82:83:84:56:64:79:70:85:86:85:80:81:86:80:73:87:83:63:69:55:88:89:78:90:88:91:67:91:89:14:70:78:81:88:94:46:95:92:82:5:52:44:55:96:87:95:97:96:66:97:72:50:98:17:136:99:100:101:102:103:82:104:25:103:101:105:106:103:73:107:105:104:108:98:109:108:51:109:39:100:27:15:110:71:107:111:112:113:114:54:115:116:102:110:83:116:94:114:36:107:117:118:68:119:77:120:132:112:58:120:115:121:122:122:119:111:62:90:117:123:113:115:99:124:125:126:118:41:47:124:127:126:128:129:130:29:130:131:122:132:125:133:123:117:133:127:18:126:129:128:34:132:109:19:134:97:135:58:134:137:135:138:109:96:139:127:78:140:141:31:142:84:143:137:130:101:141:142:144:145:136:146:129:91:146:139:27:84:119:147:144:138:121:149:150:147:233:95:151:53:151:123:147:120:125:87:152:153:41:153:145:152:149:100:149:39:154:155:150:156:157:107:156:133:155:128:136:158:154:157:75:158:93:159:142:160:143:146:161:162:163:59:162:161:59:160:165:166:150:140:159:112:167:153:168:169:58:124:169:168:170:89:6:84:131:56:171:172:172:137:156:89:167:171:173:170:174:173:175:174:165:159:176:166:140:536:175:164:11:176:178:536:20:179:180:180:181:181:182:158:183:26:134:184:179:175:185:116:186:186:180:95:187:173:185:184:17:220:139:187:189:190:191:150:24:113:192:90:191:179:193:191:134:105:194:110:138:189:183:67:186:195:194:196:197:190:27:132:197:198:195:199:143:74:184:106:536:155:196:200:193:152:192:181:144:57:183:201:141:138:202:200:51:203:391:199:189:205:205:104:206:160:207:207:208:201:168:203:198:171:209:210:6:211:2:111:172:208:211:200:209:164:212:202:213:194:212:214:214:17:193:167:210:206:170:114:201:137:135:168:215:147:122:161:188:169:213:216:217:217:85:153:55:218:219:220:151:216:192:22:221:220:219:221:165:195:222:223:224:223:224:221:163:222:215:174:216:182:184:225:226:227:218:228:229:228:226:155:218:210:230:123:225:136:231:50:74:224:554:231:212:230:197:102:45:77:98:234:234:235:234:236:221:237:238:154:88:236:199:239:118:208:240:237:554:241:240:241:242:308:239:235:233:27:223:219:5:243:133:243:215:230:242:76:108:227:244:226:245:244:246:222:228:247:248:246:145:235:249:250:247:251:249:252:135:225:253:251:248:229:40:250:252:110:249:209:166:97:176:86:231:240:242:254:255:245:256:257:255:258:185:259:256:254:258:257:260:32:261:360:162:263:264:178:265:259:213:263:261:238:266:259:267:211:254:260:248:265:268:252:268:269:270:264:271:272:243:9:57:193:196:273:269:271:267:227:274:275:276:277:276:275:278:279:272:270:273:274:280:163:282:86:71:283:277:268:284:278:285:239:282:116:286:246:247:149:287:274:286:284:270:278:220:267:266:202:384:289:411:290:260:180:92:300:285:169:292:289:290:291:279:293:108:294:284:206:245:283:295:294:296:121:91:190:292:297:273:298:162:299:300:286:524:288:157:295:302:231:303:300:69:283:297:524:271:293:260:219:277:265:304:305:304:261:205:86:306:292:188:308:302:309:291:305:205:237:295:308:287:296:191:310:311:24:198:311:313:309:314:315:142:316:266:250:313:314:317:306:314:92:298:230:299:253:14:303:111:158:318:289:309:257:238:317:320:321:320:113:299:316:317:315:321:318:322:267:60:323:323:323:203:157:324:325:326:251:68:310:327:319:324:328:104:305:325:288:328:329:285:330:322:294:331:331:332:460:332:334:335:336:337:338:334:339:222:339:321:340:335:460:341:340:338:330:329:342:214:229:342:343:335:282:336:188:235:337:72:326:327:344:345:346:347:269:345:341:348:349:349:85:346:350:348:351:351:343:352:241:255:299:342:310:353:344:1:115:354:349:524:23:350:339:189:352:315:355:355:353:279:356:328:335:65:347:357:356:318:358:357:359:354:354:337:83:327:360:199:361:362:363:311:364:365:361:363:359:355:364:366:367:368:332:360:102:264:365:358:366:252:338:370:371:272:206:368:372:438:373:370:374:25:374:297:375:343:376:262:100:263:273:362:371:8:377:378:245:376:375:377:363:373:333:367:368:378:126:372:52:276:376:311:345:379:380:370:284:381:382:225:106:383:344:377:383:262:384:385:381:296:386:362:262:129:207:359:381:379:322:387:319:333:244:258:388:342:389:213:380:329:387:356:389:382:16:390:310:366:388:390:347:176:274:346:391:385:306:392:393:386:58:394:304:371:395:395:367:280:396:396:229:357:392:256:397:397:320:376:54:316:398:399:400:393:401:163:402:400:403:350:365:391:399:404:398:290:394:405:0:406:326:404:375:406:402:361:28:403:401:407:385:341:408:124:336:298:410:411:379:372:281:297:398:408:357:18:412:407:413:178:412:399:118:401:380:218:331:377:348:400:386:414:400:253:414:356:416:415:416:99:417:353:418:373:351:418:106:330:420:350:410:173:421:417:262:307:212:382:452:424:413:275:402:425:420:303:308:425:427:161:112:410:283:406:457:428:429:254:302:429:329:393:421:10:265:430:194:99:387:280:397:352:428:208:431:427:432:228:420:258:430:433:434:241:434:405:431:234:433:468:277:432:383:436:437:384:438:383:384:439:198:440:440:425:417:441:415:442:15:307:499:450:445:437:523:441:450:399:185:321:446:405:447:447:448:427:265:441:447:445:444:389:413:446:449:422:408:451:452:247:407:523:364:434:436:439:453:411:454:454:275:340:453:455:471:179:427:237:451:465:293:422:455:456:442:288:287:449:187:403:459:448:448:416:454:459:421:59:392:444:236:164:429:463:419:464:606:464:465:466:463:409:421:442:390:369:465:466:280:467:227:437:424:468:469:470:415:436:469:471:418:439:203:472:455:103:370:414:353:452:168:429:472:440:281:378:470:473:475:468:186:569:476:456:449:314:478:422:479:358:481:324:304:301:478:483:475:476:479:481:484:494:444:281:201:432:486:388:485:446:471:460:187:301:59:119:488:467:489:483:556:445:490:182:433:489:348:490:491:491:484:569:426:303:454:11:333:369:498:494:56:347:495:209:491:170:44:328:446:488:496:494:497:369:306:226:486:209:496:486:409:396:301:419:164:500:501:487:590:207:488:333:497:501:476:500:503:505:390:471:415:506:554:503:507:507:508:509:506:154:412:505:510:510:131:475:368:481:508:511:512:498:181:509:466:428:513:512:514:105:484:514:515:431:513:470:93:64:339:47:397:504:517:518:512:459:506:53:517:216:504:419:507:499:519:451:520:381:545:12:334:351:485:520:523:490:313:291:518:405:525:217:511:238:525:590:90:467:463:519:528:515:520:307:530:325:531:529:188:373:294:464:473:127:500:144:263:374:487:276:534:529:452:531:479:462:530:523:528:80:516:322:548:355:95:537:485:534:467:537:522:539:540:539:499:541:249:96:541:540:255:521:518:532:542:543:544:598:542:543:522:425:312:521:496:531:545:388:513:490:544:546:141:545:546:547:465:548:539:499:401:549:152:293:29:549:550:302:394:551:404:552:552:553:495:483:552:175:437:549:550:379:472:555:372:555:544:493:319:547:557:553:480:489:558:548:550:582:197:556:272:601:601:560:561:562:560:546:535:503:564:562:557:560:558:561:532:551:565:537:458:510:535:462:464:566:540:600:30:458:239:568:323:390:568:458:569:498:570:204:494:457:572:440:389:474:566:519:572:573:204:565:574:145:501:566:474:478:574:575:493:576:575:577:576:214:469:577:578:448:573:551:395:508:569:576:579:580:580:509:573:581:579:582:420:583:211:473:570:585:430:30:581:453:586:587:561:526:588:582:120:525:589:528:572:341:73:578:556:589:578:511:591:577:592:588:591:593:593:497:565:586:457:592:343:594:66:424:595:584:80:167:595:505:594:585:526:541:596:576:594:596:426:320:598:426:584:586:583:517:599:585:522:600:542:600:601:602:605:479:603:574:602:604:491:543:604:586:530:599:587:605:271:603:555:598:579:557:311:607:49:588:575:523:604:433:607
92,44,588,0,6536,43:1:2:32:2:4:5:6:7:4:8:5:1:9:10:533:10:12:11:312:12:14:9:8:15:16:21:15:18:19:20:19:81:22:48:36:23:18:14:20:24:4:16:6:25:12:38:26:0:28:131:25:29:29:20:492:45:24:26:31:606:7:33:21:28:33:21:492:23:4:34:32:16:34:312:48:36:312:22:0:37:46:31:492:38:23:39:39:606:40:41:7:42:43:2:38:533:41:33:44:533:19:0:46:47:45:606:49:31:50:10:50:49:44:51:77:34:47:52:51:53:54:55:36:53:32:57:28:48:94:93:42:60:49:61:61:62:63:55:64:65:54:52:62:43:64:93:66:67:1:73:67:68:60:37:69:57:65:70:182:69:22:71:8:60:71:72:56:40:68:29:63:42:74:66:74:65:75:37:43:76:75:77:81:45:78:233:76:72:79:61:80:79:11:82:83:84:56:64:79:70:85:86:85:80:81:86:80:73:87:83:63:69:55:88:89:78:90:88:91:67:91:89:14:70:78:81:88:94:46:95:92:82:5:52:44:55:96:87:95:97:96:66:97:72:50:98:17:136:99:100:101:102:103:82:104:25:103:101:105:106:103:73:107:105:104:108:98:109:108:51:109:39:100:27:15:110:71:107:111:112:113:114:54:115:116:102:110:83:116:94:114:36:107:117:118:68:119:77:120:132:112:58:120:115:121:122:122:119:111:62:90:117:123:113:115:99:124:125:126:118:41:47:124:127:126:128:129:130:29:130:131:122:132:125:133:123:117:133:127:18:126:129:128:34:132:109:19:134:97:135:58:134:137:135:138:109:96:139:127:78:140:141:31:142:84:143:137:130:101:141:142:144:145:136:146:129:91:146:139:27:84:119:147:144:138:121:149:150:147:233:95:151:53:151:123:147:120:125:87:152:153:41:153:145:152:149:100:149:39:154:155:150:156:157:107:156:133:155:128:136:158:154:157:75:158:93:159:142:160:143:146:161:162:163:59:162:161:59:160:165:166:150:140:159:112:167:153:168:169:58:124:169:168:170:89:6:84:131:56:171:172:172:137:156:89:167:171:173:170:174:173:175:174:165:159:176:166:140:536:175:164:11:176:178:536:20:179:180:180:181:181:182:158:183:26:134:184:179:175:185:116:186:186:180:95:187:173:185:184:17:220:139:187:189:190:191:150:24:113:192:90:191:179:193:191:134:105:194:110:138:189:183:67:186:195:194:196:197:190:27:132:197:198:195:199:143:74:184:106:536:155:196:200:193:152:192:181:144:57:183:201:141:138:202:200:51:203:391:199:189:205:205:104:206:160:207:207:208:201:168:203:198:171:209:210:6:211:2:111:172:208:211:200:209:164:212:202:213:194:212:214:214:17:193:167:210:206:170:114:201:137:135:168:215:147:122:161:188:169:213:216:217:217:85:153:55:218:219:220:151:216:192:22:221:220:219:221:165:195:222:223:224:223:224:221:163:222:215:174:216:182:184:225:226:227:218:228:229:228:226:155:218:210:230:123:225:136:231:50:74:224:554:231:212:230:197:102:45:77:98:234:234:235:234:236:221:237:238:154:88:236:199:239:118:208:240:237:554:241:240:241:242:308:239:235:233:27:223:219:5:243:133:243:215:230:242:76:108:227:244:226:245:244:246:222:228:247:248:246:145:235:249:250:247:251:249:252:135:225:253:251:248:229:40:250:252:110:249:209:166:97:176:86:231:240:242:254:255:245:256:257:255:258:185:259:256:254:258:257:260:32:261:360:162:263:264:178:265:259:213:263:261:238:266:259:267:211:254:260:248:265:268:252:268:269:270:264:271:272:243:9:57:193:196:273:269:271:267:227:274:275:276:277:276:275:278:279:272:270:273:274:280:163:282:86:71:283:277:268:284:278:285:239:282:116:286:246:247:149:287:274:286:284:270:278:220:267:266:202:384:289:411:290:260:180:92:300:285:169:292:289:290:291:279:293:108:294:284:206:245:283:295:294:296:121:91:190:292:297:273:298:162:299:300:286:524:288:157:295:302:231:303:300:69:283:297:524:271:293:260:219:277:265:304:305:304:261:205:86:306:292:188:308:302:309:291:305:205:237:295:308:287:296:191:310:311:24:198:311:313:309:314:315:142:316:266:250:313:314:317:306:314:92:298:230:299:253:14:303:111:158:318:289:309:257:238:317:320:321:320:113:299:316:317:315:321:318:322:267:60:323:323:323:203:157:324:325:326:251:68:310:327:319:324:328:104:305:325:288:328:329:285:330:322:294:331:331:332:460:332:334:335:336:337:338:334:339:222:339:321:340:335:460:341:340:338:330:329:342:214:229:342:343:335:282:336:188:235:337:72:326:327:344:345:346:347:269:345:341:348:349:349:85:346:350:348:351:351:343:352:241:255:299:342:310:353:344:1:115:354:349:524:23:350:339:189:352:315:355:355:353:279:356:328:335:65:347:357:356:318:358:357:359:354:354:337:83:327:360:199:361:362:363:311:364:365:361:363:359:355:364:366:367:368:332:360:102:264:365:358:366:252:338:370:371:272:206:368:372:438:373:370:374:25:374:297:375:343:376:262:100:263:273:362:371:8:377:378:245:376:375:377:363:373:333:367:368:378:126:372:52:276:376:311:345:379:380:370:284:381:382:225:106:383:344:377:383:262:384:385:381:296:386:362:262:129:207:359:381:379:322:387:319:333:244:258:388:342:389:213:380:329:387:356:389:382:16:390:310:366:388:390:347:176:274:346:391:385:306:392:393:386:58:394:304:371:395:395:367:280:396:396:229:357:392:256:397:397:320:376:54:316:398:399:400:393:401:163:402:400:403:350:365:391:399:404:398:290:394:405:0:406:326:404:375:406:402:361:28:403:401:407:385:341:408:124:336:298:410:411:379:372:281:297:398:408:357:18:412:407:413:178:412:399:118:401:380:218:331:377:348:400:386:414:400:253:414:356:416:415:416:99:417:353:418:373:351:418:106:330:420:350:410:173:421:417:262:307:212:382:452:424:413:275:402:425:420:303:308:425:427:161:112:410:283:406:457:428:429:254:302:429:329:393:421:10:265:430:194:99:387:280:397:352:428:208:431:427:432:228:420:258:430:433:434:241:434:405:431:234:433:468:277:432:383:436:437:384:438:383:384:439:198:440:440:425:417:441:415:442:15:307:499:450:445:437:523:441:450:399:185:321:446:405:447:447:448:427:265:441:447:445:444:389:413:446:449:422:408:451:452:247:407:523:364:434:436:439:453:411:454:454:275:340:453:455:471:179:427:237:451:465:293:422:455:456:442:288:287:449:187:403:459:448:448:416:454:459:421:59:392:444:236:164:429:463:419:464:606:464:465:466:463:409:421:442:390:369:465:466:280:467:227:437:424:468:469:470:415:436:469:471:418:439:203:472:455:103:370:414:353:452:168:429:472:440:281:378:470:473:475:468:186:569:476:456:449:314:478:422:479:358:481:324:304:301:478:483:475:476:479:481:484:494:444:281:201:432:486:388:485:446:471:460:187:301:59:119:488:467:489:483:556:445:490:182:433:489:348:490:491:491:484:569:426:303:454:11:333:369:498:494:56:347:495:209:491:170:44:328:446:488:496:494:497:369:306:226:486:209:496:486:409:396:301:419:164:500:514:487:590:207:488:333:497:459:476:500:503:505:390:471:415:506:554:503:507:507:508:509:506:154:412:505:510:510:131:475:368:481:508:511:512:498:181:509:466:428:513:512:514:105:484:515:515:431:513:470:93:64:339:47:397:504:517:518:512:459:506:53:517:216:504:419:507:499:519:451:520:381:545:12:334:351:485:520:523:490:313:291:518:405:525:217:511:238:525:590:90:467:463:519:528:515:520:307:530:325:531:529:188:373:294:464:473:127:500:144:263:374:487:276:534:529:452:531:479:462:530:523:528:80:516:322:548:355:95:537:485:534:467:537:522:539:540:539:499:541:249:96:541:540:255:521:518:532:542:543:544:598:542:543:522:425:312:521:496:531:545:388:513:490:544:546:141:545:546:547:465:548:539:499:401:549:152:293:29:549:550:302:394:551:404:552:552:553:495:483:552:175:437:549:550:379:472:555:372:555:544:493:319:547:557:553:480:489:558:548:550:582:197:556:272:601:601:560:561:562:560:546:535:503:564:562:557:560:558:561:532:551:565:537:458:510:535:462:464:566:540:600:30:458:239:568:323:390:568:458:569:498:570:204:494:457:572:440:389:474:566:519:572:573:204:565:574:145:501:566:474:478:574:575:493:576:575:577:576:214:469:577:578:448:573:551:395:508:569:576:579:580:580:509:573:581:579:582:420:583:211:473:570:585:430:30:581:453:586:587:561:526:588:582:120:525:589:528:572:341:73:578:556:589:578:511:591:577:592:588:591:593:593:497:565:586:457:592:343:594:66:424:595:584:80:167:595:505:594:585:526:541:596:576:594:596:426:320:598:426:584:586:583:517:599:585:522:600:542:600:601:602:605:479:603:574:602:604:491:543:604:586:530:599:587:605:271:603:555:598:579:557:311:607:49:588:575:523:604:433:607
95,47,587,0,6533,43:1:2:32:2:4:5:6:7:4:8:5:1:9:10:160:10:12:11:312:12:14:9:8:15:16:20:15:18:19:503:19:81:22:48:36:23:18:14:503:24:4:16:6:25:12:38:26:0:28:131:25:29:29:503:492:45:24:26:31:606:7:33:21:28:62:20:492:23:4:34:32:16:34:312:48:36:312:22:0:37:46:31:492:38:23:39:39:606:40:41:7:42:43:2:38:160:41:33:44:160:20:0:21:47:45:606:49:31:50:10:50:49:44:51:77:34:47:52:51:53:54:55:36:53:32:57:28:48:94:93:42:60:49:61:61:62:63:55:64:65:54:52:62:43:64:93:66:67:1:73:67:68:60:37:69:57:65:70:182:69:22:71:8:60:71:72:56:40:68:29:63:19:74:66:74:65:75:37:43:76:75:77:81:45:78:233:76:72:79:61:80:79:11:82:83:84:56:64:79:70:85:86:85:80:81:86:80:73:87:83:63:69:55:88:89:78:90:88:91:67:91:89:14:70:78:81:88:94:21:95:92:82:31:52:44:55:96:87:95:97:96:66:97:72:50:98:17:136:99:100:101:102:103:82:104:25:103:101:105:106:103:73:107:105:104:108:98:109:108:51:109:39:100:27:15:110:71:107:111:112:113:114:54:115:116:102:110:83:116:94:114:36:107:117:118:68:119:77:120:132:112:58:120:115:121:122:122:119:111:42:90:117:123:113:115:99:124:125:126:118:41:47:124:127:126:128:129:130:29:130:131:122:132:125:133:123:117:133:127:18:126:129:128:34:132:109:19:134:97:135:58:134:137:135:138:109:96:139:127:78:140:141:31:142:84:143:137:130:101:141:142:144:145:136:146:129:91:146:139:27:84:119:147:144:138:121:149:150:147:233:95:151:53:151:123:147:120:125:87:152:153:41:153:145:152:149:100:149:39:154:155:150:156:157:107:156:133:155:128:136:158:154:157:75:158:93:159:142:46:143:146:161:162:163:59:162:161:59:37:165:166:150:140:159:112:167:153:168:169:58:124:169:168:170:89:6:84:131:56:171:172:172:137:156:89:167:171:173:170:174:173:175:174:165:159:176:166:140:536:175:164:11:176:178:536:503:179:180:180:181:181:182:158:183:26:134:184:179:175:185:116:186:186:180:95:187:173:185:184:17:220:139:187:189:190:191:150:24:113:192:90:191:179:193:191:134:105:194:110:138:189:183:67:186:195:194:196:197:190:27:132:197:198:195:199:143:74:184:106:536:155:196:200:193:152:192:181:144:57:183:201:141:138:202:200:51:203:391:199:189:205:205:104:206:46:207:207:208:201:168:203:198:171:209:210:6:211:2:111:172:208:211:200:209:164:212:202:213:194:212:214:214:17:193:167:210:206:170:114:201:137:135:168:215:147:122:161:188:169:213:216:217:217:85:153:55:218:219:220:151:216:192:22:221:220:219:221:165:195:222:223:224:223:224:221:163:222:215:174:216:182:184:225:226:227:218:228:229:228:226:155:218:210:230:123:225:136:231:50:74:224:554:231:212:230:197:102:45:77:98:234:234:235:234:236:221:237:238:154:88:236:199:239:118:208:240:237:554:241:240:241:242:308:239:235:233:27:223:219:5:243:133:243:215:230:242:76:108:227:244:226:245:244:246:222:228:247:248:246:145:235:249:250:247:33:249:252:135:225:253:239:248:229:40:250:252:110:249:209:166:97:176:86:231:240:242:254:255:245:256:257:255:258:185:259:256:254:258:257:260:32:261:360:162:263:264:178:265:259:213:263:261:238:266:259:267:211:254:260:248:265:268:252:268:269:270:264:271:272:243:9:57:193:196:273:269:271:267:227:274:275:276:277:276:275:278:279:272:270:273:274:280:163:282:86:71:283:277:268:284:278:285:239:282:116:286:246:247:149:287:274:286:284:270:278:220:267:266:202:384:289:411:290:260:180:92:300:285:169:292:289:290:291:279:293:108:294:284:206:245:283:295:294:296:121:91:190:292:297:273:298:162:299:300:286:524:288:157:295:302:231:303:300:69:283:297:524:271:293:260:219:277:265:304:305:304:261:205:86:306:292:188:308:302:309:291:305:205:237:295:308:287:296:191:310:311:24:198:311:313:309:314:315:142:316:266:250:313:314:317:306:314:92:298:230:299:253:14:303:111:158:318:289:309:257:238:317:320:321:320:113:299:316:317:315:321:318:322:267:60:323:323:323:203:157:324:325:326:251:68:310:327:319:324:328:104:305:325:288:328:329:285:330:322:294:331:331:332:460:332:334:335:336:337:338:334:339:222:339:321:340:335:460:341:340:338:330:329:342:214:229:342:343:335:282:336:188:235:337:72:326:327:344:345:346:347:269:345:341:348:349:349:85:346:350:348:351:351:343:352:241:255:299:342:310:353:344:1:115:354:349:524:23:350:339:189:352:315:355:355:353:279:356:328:335:65:347:357:356:318:358:357:359:354:354:337:83:327:360:199:361:362:363:311:364:365:361:363:359:355:364:366:367:368:332:360:102:264:365:358:366:252:338:370:371:272:206:368:372:438:373:370:374:25:374:297:375:343:376:262:100:263:273:362:371:8:377:378:245:376:375:377:363:373:333:367:368:378:126:372:52:276:376:311:345:379:380:370:284:381:382:225:106:383:344:554:383:262:384:385:381:296:386:362:262:129:207:359:381:379:322:387:319:333:244:258:388:342:389:213:380:329:387:356:389:382:16:390:310:366:388:390:347:176:274:346:391:385:306:392:393:386:58:394:304:371:395:395:367:280:396:396:229:357:392:256:397:397:320:376:54:316:398:399:400:393:401:163:402:400:403:350:365:391:399:404:398:290:394:405:0:406:326:404:375:406:402:361:28:403:401:407:385:341:408:124:336:298:410:411:379:372:281:297:398:408:357:18:412:407:413:178:412:399:118:401:380:218:331:377:348:400:386:414:400:253:414:356:416:415:416:99:417:353:418:373:351:418:106:330:420:350:410:173:421:417:262:307:212:382:452:424:413:275:402:425:420:303:308:425:427:161:112:410:283:406:457:428:429:254:302:429:329:393:421:10:265:430:194:99:387:280:397:352:428:208:431:427:432:228:420:258:430:433:434:241:434:405:431:234:433:468:277:432:383:436:437:384:438:383:384:439:198:440:440:425:417:441:415:442:15:307:499:450:445:437:523:441:450:399:185:321:446:405:447:447:448:427:265:441:447:445:444:389:413:446:449:422:408:451:452:247:407:523:364:434:436:439:453:411:454:454:275:340:453:455:471:179:427:237:451:465:293:422:455:456:442:288:287:449:187:403:459:448:448:416:454:459:421:59:392:444:236:164:429:463:419:464:606:464:465:466:463:409:421:442:390:369:465:466:280:467:227:437:424:468:469:470:415:436:469:471:418:439:203:472:455:103:370:414:353:452:168:429:472:440:281:378:470:473:475:468:186:569:476:456:449:314:478:422:479:358:481:324:304:301:478:483:475:476:479:481:484:494:444:281:201:432:486:388:485:446:471:460:187:301:59:119:488:467:489:483:556:445:490:182:433:489:348:490:491:491:484:569:426:303:454:11:333:369:498:494:56:347:495:209:491:170:44:328:446:488:496:494:497:369:306:226:486:209:496:486:409:396:301:419:164:500:514:487:590:207:488:333:497:459:476:500:377:505:390:471:415:506:554:251:507:507:508:509:506:154:412:505:510:510:131:475:368:481:508:511:512:498:181:509:466:428:513:512:514:105:484:515:515:431:513:470:93:64:339:47:397:504:517:518:512:459:506:53:517:216:504:419:507:499:519:451:520:381:545:12:334:351:485:520:523:490:313:291:518:405:525:217:511:238:525:590:90:467:463:519:528:515:520:307:530:325:531:529:188:373:294:464:473:127:500:144:263:374:487:276:534:529:452:531:479:462:530:523:528:80:516:322:548:355:95:537:485:534:467:537:522:539:540:539:499:541:249:96:541:540:255:521:518:532:542:543:544:598:542:543:522:425:312:521:496:531:545:388:513:490:544:546:141:545:546:547:465:548:539:499:401:549:152:293:29:549:550:302:394:551:404:552:552:553:495:483:552:175:437:549:550:379:472:555:372:555:544:493:319:547:557:553:480:489:558:548:550:582:197:556:272:601:601:560:561:562:560:546:535:564:564:562:557:560:558:561:532:551:565:537:458:510:535:462:464:566:540:600:30:458:239:568:323:390:568:458:569:498:570:204:494:457:572:440:389:474:566:519:572:573:204:565:574:145:501:566:474:478:574:575:493:576:575:577:576:214:469:577:578:448:573:551:395:508:569:576:579:580:580:509:573:581:579:582:420:583:211:473:570:585:430:30:581:453:586:587:561:526:588:582:120:525:589:528:572:341:73:578:556:589:578:511:591:577:592:588:591:593:593:497:565:586:457:592:343:594:66:424:595:584:80:167:595:505:594:585:526:541:596:576:594:596:426:320:598:426:584:586:583:517:599:585:522:600:542:600:601:602:605:479:603:574:602:604:491:543:604:586:530:599:587:605:271:603:555:598:579:557:311:607:49:588:575:523:604:433:607
96,47,586,0,6531,43:1:2:32:2:4:5:6:7:4:8:5:1:9:10:160:10:12:11:312:12:14:9:8:15:16:20:15:18:19:503:19:81:22:48:36:23:18:14:503:24:4:16:6:25:12:38:26:0:28:131:25:29:29:503:492:45:24:26:31:606:7:33:21:28:62:20:492:23:4:34:32:16:34:312:48:36:312:22:0:37:46:31:492:38:23:39:39:606:40:41:7:42:43:2:38:160:41:33:44:160:20:0:21:47:45:606:49:31:50:10:50:49:44:51:77:34:47:52:51:53:54:55:36:53:32:57:28:48:94:93:42:60:49:61:61:62:63:55:64:65:54:52:62:43:64:93:66:67:1:73:67:68:60:37:69:57:65:70:182:69:22:71:8:60:71:72:56:40:68:29:63:19:74:66:74:65:75:37:43:76:75:77:81:45:78:233:76:72:79:61:80:79:11:82:83:84:56:64:79:70:85:86:85:80:81:86:80:73:87:83:63:69:55:88:89:78:90:88:91:67:91:89:14:70:78:81:88:94:21:95:92:82:31:52:44:55:96:87:95:97:96:66:97:72:50:98:17:136:99:100:101:102:103:82:104:25:103:101:105:106:103:73:107:105:104:108:98:109:108:51:109:39:100:27:15:110:71:107:111:112:113:114:54:115:116:102:110:83:116:94:114:36:107:117:118:68:119:77:120:132:112:58:120:115:121:122:122:119:111:42:90:117:123:113:115:99:124:125:126:118:41:47:124:127:126:128:129:130:29:130:131:122:132:125:133:123:117:133:127:18:126:129:128:34:132:109:19:134:97:135:58:134:137:135:138:109:96:139:127:78:140:141:31:142:84:143:137:130:101:141:142:144:145:136:146:129:91:146:139:27:84:119:147:144:138:121:149:150:147:233:95:151:53:151:123:147:120:125:87:152:153:41:153:145:152:149:100:149:39:154:155:150:156:157:107:156:133:155:128:136:158:154:157:75:158:93:159:142:46:143:146:161:162:163:59:162:161:59:37:165:166:150:140:159:112:167:153:168:169:58:124:169:168:170:89:6:84:131:56:171:172:172:137:156:89:167:171:173:170:174:173:175:174:165:159:176:166:140:536:175:164:11:176:178:536:503:179:180:180:181:181:182:158:183:26:134:184:179:175:185:116:186:186:180:95:187:173:185:184:17:220:139:187:189:190:191:150:24:113:192:90:191:179:193:191:134:105:194:110:138:189:183:67:186:195:194:196:197:190:27:132:197:198:195:199:143:74:184:106:536:155:196:200:193:152:192:181:144:57:183:201:141:138:202:200:51:203:391:199:189:205:205:104:206:46:207:207:208:201:168:203:198:171:209:210:6:211:2:111:172:208:211:200:209:164:212:202:213:194:212:214:214:17:193:167:210:206:170:114:201:137:135:168:215:147:122:161:188:169:213:216:217:217:85:153:55:218:219:220:151:216:192:22:221:220:219:221:165:195:222:223:224:223:224:221:163:222:215:174:216:182:184:225:226:227:218:228:229:228:226:155:218:210:230:123:225:136:231:50:74:224:554:231:212:230:197:102:45:77:98:234:234:235:234:236:221:237:238:154:88:236:199:239:118:208:240:237:554:241:240:241:242:308:239:235:233:27:223:219:5:243:133:243:215:230:242:76:108:227:244:226:245:244:246:222:228:247:248:246:145:235:249:250:247:33:249:252:135:225:253:239:248:229:40:250:252:110:249:209:166:97:176:86:231:240:242:254:255:245:256:257:255:258:185:259:256:254:258:257:260:32:261:360:162:263:264:178:265:259:213:263:261:238:266:259:267:211:254:260:248:265:268:252:268:269:270:264:271:272:243:9:57:193:196:273:269:271:267:227:274:275:276:277:276:275:278:279:272:270:273:274:280:163:282:86:71:283:277:268:284:278:285:239:282:116:286:246:247:149:287:274:286:284:270:278:220:267:266:202:384:289:411:290:260:180:92:300:285:169:292:289:290:291:279:293:108:294:284:206:245:283:295:294:296:121:91:190:292:297:273:298:162:299:300:286:524:288:157:295:302:231:303:300:69:283:297:524:271:293:260:219:277:265:304:305:304:261:205:86:306:292:188:308:302:309:291:305:205:237:295:308:287:296:191:310:311:24:198:311:313:309:314:315:142:316:266:250:313:314:317:306:314:92:298:230:299:253:14:303:111:158:318:289:309:257:238:317:320:321:320:113:299:316:317:315:321:318:322:267:60:323:323:323:203:157:324:325:326:251:68:310:327:319:324:328:104:305:325:288:328:329:285:330:322:294:331:331:332:460:332:334:335:336:337:338:334:339:222:339:321:340:335:460:341:340:338:330:329:342:214:229:342:343:335:282:336:188:235:337:72:326:327:344:345:346:347:269:345:341:348:349:349:85:346:350:348:351:351:343:352:241:255:299:342:310:353:344:1:115:354:349:524:23:350:339:189:352:315:355:355:353:279:356:328:335:65:347:357:356:318:358:357:359:354:354:337:83:327:360:199:361:362:363:311:364:365:361:363:359:355:364:366:367:368:332:360:102:264:365:358:366:252:338:370:371:272:206:368:372:438:373:370:374:25:125:297:375:343:376:262:100:263:273:362:371:8:377:378:245:376:375:377:363:373:333:367:368:378:126:372:52:276:376:311:345:379:380:370:284:381:382:225:106:383:344:554:383:262:384:385:381:296:386:362:262:129:207:359:381:379:322:387:319:333:244:258:388:342:389:213:380:329:387:356:389:382:16:390:310:366:388:390:347:176:274:346:391:385:306:392:393:386:58:394:304:371:395:395:367:280:396:396:229:357:392:256:397:397:320:376:54:316:398:399:400:393:401:163:402:400:403:350:365:391:399:404:398:290:394:405:0:406:326:404:375:406:402:361:28:403:401:407:385:341:408:124:336:298:410:411:379:372:281:297:398:408:357:18:412:407:413:178:412:399:118:401:380:218:331:377:348:400:386:414:400:253:414:356:416:415:416:99:417:353:418:373:351:418:106:330:420:350:410:173:421:417:262:307:212:382:452:424:413:275:402:425:420:303:308:425:427:161:112:410:283:406:457:428:429:254:302:429:329:393:421:10:265:430:194:99:387:280:397:352:428:208:431:427:432:228:420:258:430:433:434:241:434:405:431:234:433:468:277:432:383:436:437:384:438:383:384:439:198:440:440:425:417:441:415:442:15:307:499:450:445:437:523:441:450:399:185:321:446:405:447:447:448:427:265:441:447:445:444:389:413:446:449:422:408:451:452:247:407:523:364:434:436:439:453:411:454:454:275:340:453:455:471:179:427:237:451:465:293:422:455:456:442:288:287:449:187:403:459:448:448:416:454:459:421:59:392:444:236:164:429:463:419:464:606:464:465:466:463:409:421:442:390:369:465:466:280:467:227:437:424:468:469:470:415:436:469:471:418:439:203:472:455:103:370:414:353:452:168:429:472:440:281:378:470:473:475:468:186:569:476:456:449:314:478:422:479:358:481:324:304:301:478:483:475:476:479:481:484:494:444:281:201:432:486:388:485:446:471:460:187:301:59:119:488:467:489:483:556:445:490:182:433:489:348:490:491:491:484:569:426:303:454:11:333:369:498:494:56:347:495:209:491:170:44:328:446:488:496:494:497:369:306:226:486:209:496:486:409:396:301:419:164:500:514:487:590:207:488:333:497:459:476:500:377:505:390:471:415:506:554:251:507:507:508:509:506:154:412:505:510:510:131:475:368:481:508:511:512:498:181:509:466:428:513:512:514:105:484:515:515:431:513:470:93:64:339:47:397:504:517:518:512:459:506:53:517:216:504:419:507:499:519:451:520:381:545:12:334:351:485:520:523:490:313:291:518:405:525:217:511:238:525:590:90:467:463:519:528:515:520:307:530:325:531:529:188:373:294:464:473:127:500:144:263:46:487:276:534:529:452:531:479:462:530:523:528:80:516:322:548:355:95:537:485:534:467:537:522:539:540:539:499:541:249:96:541:540:255:521:518:532:542:543:544:598:542:543:522:425:312:521:496:531:545:388:513:490:544:546:141:545:546:547:465:548:539:499:401:549:152:293:29:549:550:302:394:551:404:552:552:553:495:483:552:175:437:549:550:379:472:555:372:555:544:493:319:547:557:553:374:489:558:548:550:582:197:556:272:601:601:560:561:562:560:546:535:564:564:562:557:560:558:561:532:551:565:537:458:510:535:462:464:566:540:600:30:458:239:568:323:390:568:458:569:498:570:204:494:457:572:440:389:474:566:519:572:573:204:565:574:145:501:566:474:478:574:575:493:576:575:577:576:214:469:577:578:448:573:551:395:508:569:576:579:580:580:509:573:581:579:582:420:583:211:473:570:585:430:30:581:453:586:587:561:526:588:582:120:525:589:528:572:341:73:578:556:589:578:511:591:577:592:588:591:593:593:497:565:586:457:592:343:594:66:424:595:584:80:167:595:505:594:585:526:541:596:576:594:596:426:320:598:426:584:586:583:517:599:585:522:600:542:600:601:602:605:479:603:574:602:604:491:543:604:586:530:599:587:605:271:603:555:598:579:557:311:607:49:588:575:523:604:433:607
97,47,586,0,6530,43:1:2:32:2:4:5:6:7:4:8:5:1:9:10:160:10:12:11:312:12:14:9:8:15:16:20:15:18:19:503:19:81:22:48:36:23:18:14:503:24:4:16:6:25:12:38:26:0:28:131:25:29:29:503:492:45:24:26:31:606:7:33:21:28:62:20:492:23:4:34:32:16:34:312:48:36:312:22:0:37:46:31:492:38:23:39:39:606:40:41:7:42:43:2:38:160:41:33:44:160:20:0:21:47:45:606:49:31:50:10:50:49:44:51:77:34:47:52:51:53:54:55:36:53:32:57:28:48:94:93:42:60:49:61:61:62:63:55:64:65:54:52:62:43:64:93:66:67:1:73:67:68:60:37:69:57:65:70:182:69:22:71:8:60:71:72:56:40:68:29:63:19:74:66:74:65:75:37:43:76:75:77:81:45:78:233:76:72:79:61:80:79:11:82:83:84:56:64:79:70:85:86:85:80:81:86:80:73:87:83:63:69:55:88:89:78:90:88:91:67:91:89:14:70:78:81:88:94:21:95:92:82:31:52:44:55:96:87:95:97:96:66:97:72:50:98:17:136:99:100:101:102:103:82:104:25:103:101:105:106:103:73:107:105:104:108:98:109:108:51:109:39:100:27:15:110:71:107:111:112:113:114:54:115:116:102:110:83:116:94:114:36:107:117:118:68:119:77:120:132:112:58:120:115:121:122:122:119:111:42:90:117:123:113:115:99:124:125:126:118:41:47:124:127:126:128:129:130:29:130:131:122:132:125:133:123:117:133:127:18:126:129:128:34:132:109:19:134:97:135:58:134:137:135:138:109:96:139:127:78:140:141:31:142:84:143:137:130:101:141:142:144:145:136:146:129:91:146:139:27:84:119:147:144:138:121:149:150:147:233:95:151:53:151:123:147:120:125:87:152:153:41:153:145:152:149:100:149:39:154:155:150:156:157:107:156:133:155:128:136:158:154:157:75:158:93:159:142:46:143:146:161:162:163:59:162:161:59:37:165:166:150:140:159:112:167:153:168:169:58:124:169:168:170:89:6:84:131:56:171:172:172:137:156:89:167:171:173:170:174:173:175:174:165:159:176:166:140:536:175:164:11:176:178:536:503:179:180:180:181:181:182:158:183:26:134:184:179:175:185:116:186:186:180:95:187:173:185:184:17:220:139:187:189:190:191:150:24:113:192:90:191:179:193:191:134:105:194:110:138:189:183:67:186:195:194:196:197:190:27:132:197:198:195:199:143:74:184:106:536:155:196:200:193:152:192:181:144:57:183:201:141:138:202:200:51:203:391:199:189:205:205:104:206:46:207:207:208:201:168:203:198:171:209:210:6:211:2:111:172:208:211:200:209:164:212:202:213:194:212:214:214:17:193:167:210:206:170:114:201:137:135:168:215:147:122:161:188:169:213:216:217:217:85:153:55:218:219:220:151:216:192:22:221:220:219:221:165:195:222:223:224:223:224:221:163:222:215:174:216:182:184:225:226:227:218:228:229:228:226:155:218:210:230:123:225:136:231:50:74:224:554:231:212:230:197:102:45:77:98:234:234:235:234:236:221:237:238:154:88:236:199:239:118:208:240:237:554:241:240:241:242:308:239:235:233:27:223:219:5:243:133:243:215:230:242:76:108:227:244:226:245:244:246:222:228:247:248:246:145:235:249:250:247:33:249:252:135:225:253:239:248:229:40:250:252:110:249:209:166:97:176:86:231:240:242:254:255:245:256:257:255:258:185:259:256:254:258:257:260:32:261:360:162:263:264:178:265:259:213:263:261:238:266:259:267:211:254:260:248:265:268:252:268:269:270:264:271:272:243:9:57:193:196:273:269:271:267:227:274:275:276:277:276:275:278:279:272:270:273:274:280:163:282:86:71:283:277:268:284:278:285:239:282:116:286:246:247:149:287:274:286:284:270:278:220:267:266:202:384:289:411:290:260:180:92:300:285:169:292:289:290:291:279:293:108:294:284:206:245:283:295:294:296:121:91:190:292:297:273:298:162:299:300:286:524:288:157:295:302:231:303:300:69:283:297:524:271:293:260:219:277:265:304:305:304:261:205:86:306:292:188:308:302:309:291:305:205:237:295:308:287:296:191:310:311:24:198:311:313:309:314:315:142:316:266:250:313:314:317:306:314:92:298:230:299:253:14:303:111:158:318:289:309:257:238:317:320:321:320:113:299:316:317:315:321:318:322:267:60:323:323:323:203:157:324:325:326:251:68:310:327:319:324:328:104:305:325:288:328:329:285:330:322:294:331:331:332:460:332:334:335:336:337:338:334:339:222:339:321:340:335:460:341:340:338:330:329:342:214:229:342:343:335:282:336:188:235:337:72:326:327:344:345:346:347:269:345:341:348:349:349:85:346:350:348:351:351:343:352:241:255:299:342:310:353:344:1:115:354:349:524:23:350:339:189:352:315:355:355:353:279:356:328:335:65:347:357:356:318:358:357:359:354:354:337:83:327:360:199:361:362:363:311:364:365:361:363:359:355:364:366:367:368:332:360:102:264:365:358:366:252:338:370:371:272:206:368:372:438:373:370:374:25:125:297:375:343:376:262:100:263:273:362:371:8:377:378:245:376:375:377:363:373:333:367:368:378:126:372:52:276:376:311:345:379:380:370:284:381:382:225:106:383:344:554:383:262:384:385:381:296:386:362:262:129:207:359:381:379:322:387:319:333:244:258:388:342:389:213:380:329:387:356:389:382:16:390:310:366:388:390:347:176:274:346:391:385:306:392:393:386:58:394:304:371:395:395:367:280:396:396:229:357:392:256:397:397:320:376:54:316:398:399:400:393:401:163:402:400:403:350:365:391:399:404:251:290:394:405:0:406:326:404:375:406:402:361:28:403:401:407:385:341:408:124:336:298:410:411:379:372:281:297:398:408:357:18:412:407:413:178:412:399:118:401:380:218:331:377:348:400:386:414:400:253:414:356:416:415:416:99:417:353:418:373:351:418:106:330:420:350:410:173:421:417:262:307:212:382:452:424:413:275:402:425:420:303:308:425:427:161:112:410:283:406:457:428:429:254:302:429:329:393:421:10:265:430:194:99:387:280:397:352:428:208:431:427:432:228:420:258:430:433:434:241:434:405:431:234:433:468:277:432:383:436:437:384:438:383:384:439:198:440:440:425:417:441:415:442:15:307:499:450:445:437:523:441:450:399:185:321:446:405:447:447:448:427:265:441:447:445:444:389:413:446:449:422:408:451:452:247:407:523:364:434:436:439:453:411:454:454:275:340:453:455:471:179:427:237:451:465:293:422:455:456:442:288:287:449:187:403:459:448:448:416:454:459:421:59:392:444:236:164:429:463:419:464:606:464:465:466:463:409:421:442:390:369:465:466:280:467:227:437:424:468:469:470:415:436:469:471:418:439:203:472:455:103:370:414:353:452:168:429:472:440:281:378:470:473:475:468:186:569:476:456:449:314:478:422:479:358:481:324:304:301:478:483:475:476:479:481:484:494:444:281:201:432:486:388:485:446:471:460:187:301:59:119:398:467:489:483:556:445:490:182:433:489:348:490:491:491:484:569:426:303:454:11:333:369:498:494:56:347:495:209:491:170:44:328:446:497:496:494:456:369:306:226:486:209:496:486:409:396:301:419:164:500:514:487:590:207:488:333:488:459:476:500:377:505:390:471:415:506:554:251:507:507:508:509:506:154:412:505:510:510:131:475:368:481:508:511:512:498:181:509:466:428:513:512:514:105:484:515:515:431:513:470:93:64:339:47:397:504:517:518:512:459:506:53:517:216:504:419:507:499:519:451:520:381:545:12:334:351:485:520:523:490:313:291:518:405:525:217:511:238:525:590:90:467:463:519:528:515:520:307:530:325:531:529:188:373:294:464:473:127:500:144:263:46:487:276:534:529:452:531:479:462:530:523:528:80:516:322:548:355:95:537:485:534:467:537:522:539:540:539:499:541:249:96:541:540:255:521:518:532:542:543:544:598:542:543:522:425:312:521:496:531:545:388:513:490:544:546:141:545:546:547:465:548:539:499:401:549:152:293:29:549:550:302:394:551:404:552:552:553:495:483:552:175:437:549:550:379:472:555:372:555:544:493:319:547:557:553:374:489:558:548:550:582:197:556:272:601:601:560:561:562:560:546:535:564:564:562:557:560:558:561:532:551:565:537:458:510:535:462:464:566:540:600:30:458:239:568:323:390:568:458:569:498:570:204:494:457:572:440:389:474:566:519:572:573:204:565:574:145:501:566:474:478:574:575:493:576:575:577:576:214:469:577:578:448:573:551:395:508:569:576:579:580:580:509:573:581:579:582:420:583:211:473:570:585:430:30:581:453:586:587:561:526:588:582:120:525:589:528:572:341:73:578:556:589:578:511:591:577:592:588:591:593:593:367:565:586:457:592:343:594:66:424:595:584:80:167:595:505:594:585:526:541:596:576:594:596:426:320:598:426:584:586:583:517:599:585:522:600:542:600:601:602:605:479:603:574:602:604:491:543:604:586:530:599:587:605:271:603:555:598:579:557:311:607:49:588:575:523:604:433:607
98,47,585,0,6529,43:1:2:32:2:4:5:6:7:4:8:5:1:9:10:160:10:12:11:312:12:14:9:8:15:16:20:15:18:19:503:19:81:22:48:36:23:18:14:503:24:4:16:6:25:12:38:26:0:28:131:25:29:29:503:492:45:24:26:31:606:7:33:21:28:62:20:492:23:4:34:32:16:34:312:48:36:312:22:0:37:46:31:492:38:23:39:39:606:40:41:7:42:43:2:38:160:41:33:44:160:20:0:21:47:45:606:49:31:50:10:50:49:44:51:77:34:47:52:51:53:54:55:36:53:32:57:28:48:94:93:42:60:49:61:61:62:63:55:64:65:54:52:62:43:64:93:66:67:1:73:67:68:60:37:69:57:65:70:182:69:22:71:8:60:71:72:56:40:68:29:63:19:74:66:74:65:75:37:43:76:75:77:81:45:78:233:76:72:596:61:80:596:11:82:83:84:56:64:596:70:85:86:85:80:81:86:80:73:87:83:63:69:55:88:89:78:90:88:91:67:91:89:14:70:78:81:88:94:21:95:92:82:31:52:44:55:96:87:95:97:96:66:97:72:50:98:17:136:99:100:101:102:103:82:104:25:103:101:105:106:103:73:107:105:104:108:98:109:108:51:109:39:100:27:15:110:71:107:111:112:113:114:54:115:116:102:110:83:116:94:114:36:107:117:118:68:119:77:120:132:112:58:120:115:121:122:122:119:111:42:90:117:123:113:115:99:124:125:126:118:41:47:124:127:126:128:129:130:29:130:131:122:132:125:133:123:117:133:127:18:126:129:128:34:132:109:19:134:97:135:58:134:137:135:138:109:96:139:127:78:140:141:31:142:84:143:137:130:101:141:142:144:145:136:146:129:91:146:139:27:84:119:147:144:138:121:149:150:147:233:95:151:53:151:123:147:120:125:87:152:153:41:153:145:152:149:100:149:39:154:155:150:156:157:107:156:133:155:128:136:158:154:157:75:158:93:159:142:46:143:146:161:162:163:59:162:161:59:37:165:166:150:140:159:112:167:153:168:169:58:124:169:168:170:89:6:84:131:56:171:172:172:137:156:89:167:171:173:170:174:173:175:174:165:159:176:166:140:536:175:164:11:176:178:536:503:179:180:180:181:181:182:158:183:26:134:184:179:175:185:116:186:186:180:95:187:173:185:184:17:220:139:187:189:190:191:150:24:113:192:90:191:179:193:191:134:105:194:110:138:189:183:67:186:195:194:196:197:190:27:132:197:198:195:199:143:74:184:106:536:155:196:200:193:152:192:181:144:57:183:201:141:138:202:200:51:203:391:199:189:205:205:104:206:46:207:207:208:201:168:203:198:171:209:210:6:211:2:111:172:208:211:200:209:164:212:202:213:194:212:214:214:17:193:167:210:206:170:114:201:137:135:168:215:147:122:161:188:169:213:216:217:217:85:153:55:218:219:220:151:216:192:22:221:220:219:221:165:195:222:223:224:223:224:221:163:222:215:174:216:182:184:225:226:227:218:228:229:228:226:155:218:210:230:123:225:136:231:50:74:224:554:231:212:230:197:102:45:77:98:234:234:235:234:236:221:237:238:154:88:236:199:239:118:208:240:237:554:241:240:241:242:308:239:235:233:27:223:219:5:243:133:243:215:230:242:76:108:227:244:226:245:244:246:222:228:247:248:246:145:235:249:250:247:33:249:252:135:225:253:239:248:229:40:250:252:110:249:209:166:97:176:86:231:240:242:254:255:245:256:257:255:258:185:259:256:254:258:257:260:32:261:360:162:263:264:178:265:259:213:263:261:238:266:259:267:211:254:260:248:265:268:252:268:269:270:264:271:272:243:9:57:193:196:273:269:271:267:227:274:275:276:277:276:275:278:279:272:270:273:274:280:163:282:86:71:283:277:268:284:278:285:239:282:116:286:246:247:149:287:274:286:284:270:278:220:267:266:202:384:289:411:290:260:180:92:300:285:169:292:289:290:291:279:293:108:294:284:206:245:283:295:294:296:121:91:190:292:297:273:298:162:299:300:286:524:288:157:295:302:231:303:300:69:283:297:524:271:293:260:219:277:265:304:305:304:261:205:86:306:292:188:308:302:309:291:305:205:237:295:308:287:296:191:310:311:24:198:311:313:309:314:315:142:316:266:250:313:314:317:306:314:92:298:230:299:253:14:303:111:158:318:289:309:257:238:317:320:321:320:113:299:316:317:315:321:318:322:267:60:323:323:323:203:157:324:325:326:251:68:310:327:319:324:328:104:305:325:288:328:329:285:330:322:294:331:331:332:460:332:334:335:336:337:338:334:339:222:339:321:340:335:460:341:340:338:330:329:342:214:229:342:343:335:282:336:188:235:337:72:326:327:344:345:346:347:269:345:341:348:349:349:85:346:350:348:351:351:343:352:241:255:299:342:310:353:344:1:115:354:349:524:23:350:339:189:352:315:355:355:353:279:356:328:335:65:347:357:356:318:358:357:359:354:354:337:83:327:360:199:361:362:363:311:364:365:361:363:359:355:364:366:367:368:332:360:102:264:365:358:366:252:338:370:371:272:206:368:372:438:373:370:374:25:125:297:375:343:376:262:100:263:273:362:371:8:377:378:245:376:375:377:363:373:333:367:368:378:126:372:52:276:376:311:345:379:380:370:284:381:382:225:106:383:344:554:383:262:384:385:381:296:386:362:262:129:207:359:381:379:322:387:319:333:244:258:388:342:389:213:380:329:387:356:389:382:16:390:310:366:388:390:347:176:274:346:391:385:306:392:393:386:58:394:304:371:395:395:367:280:396:396:229:357:392:256:397:397:320:376:54:316:398:399:400:393:401:163:402:400:403:350:365:391:399:404:251:290:394:405:0:406:326:404:375:406:402:361:28:403:401:407:385:341:408:124:336:298:410:411:379:372:281:297:398:408:357:18:412:407:413:178:412:399:118:401:380:218:331:377:348:400:386:414:400:253:414:356:416:415:416:99:417:353:418:373:351:418:106:330:420:350:410:173:421:417:262:307:212:382:452:424:413:275:402:425:420:303:308:425:427:161:112:410:283:406:457:428:429:254:302:429:329:393:421:10:265:430:194:99:387:280:397:352:428:208:431:427:432:228:420:258:430:433:434:241:434:405:431:234:433:468:277:432:383:436:437:384:438:383:384:439:198:440:440:425:417:441:415:442:15:307:499:450:445:437:523:441:450:399:185:321:446:405:447:447:448:427:265:441:447:445:444:389:413:446:449:422:408:451:452:247:407:523:364:434:436:439:453:411:454:454:275:340:453:455:471:179:427:237:451:465:293:422:455:456:442:288:287:449:187:403:459:448:448:416:454:459:421:59:392:444:236:164:429:463:419:464:606:464:465:466:463:409:421:442:390:369:465:466:280:467:227:437:424:468:469:470:415:436:469:471:418:439:203:472:455:103:370:414:353:452:168:429:472:440:281:378:470:473:475:468:186:569:476:456:449:314:478:422:479:358:481:324:304:301:478:483:475:476:479:481:484:494:444:281:201:432:486:388:485:446:471:460:187:301:59:119:398:467:489:483:556:445:490:182:433:489:348:490:491:491:484:569:426:303:454:11:333:369:498:494:56:347:495:209:491:170:44:328:446:497:496:494:456:369:306:226:486:209:496:486:409:396:301:419:164:500:514:487:590:207:488:333:488:459:476:500:377:505:390:471:415:506:554:251:507:507:508:509:506:154:412:505:510:510:131:475:368:481:508:511:512:498:181:509:466:428:513:512:514:105:484:515:515:431:513:470:93:64:339:47:397:504:517:518:512:459:506:53:517:216:504:419:507:499:519:451:520:381:545:12:334:351:485:520:523:490:313:291:518:405:525:217:511:238:525:590:90:467:463:519:528:515:520:307:530:325:531:529:188:373:294:464:473:127:500:144:263:46:487:276:534:529:452:531:479:462:530:523:528:80:516:322:548:355:95:537:485:534:467:537:522:539:540:539:499:541:249:96:541:540:255:521:518:532:542:543:544:598:542:543:522:425:312:521:496:531:545:388:513:490:544:546:141:545:546:547:465:548:539:499:401:549:152:293:29:549:550:302:394:551:404:552:552:553:495:483:552:175:437:549:550:379:472:555:372:555:544:493:319:547:557:553:374:489:558:548:550:582:197:556:272:601:601:560:561:562:560:546:535:564:564:562:557:560:558:561:532:551:565:537:458:510:535:462:464:566:540:600:30:458:239:568:323:390:568:458:569:498:570:204:494:457:572:440:389:474:566:519:572:573:462:565:574:145:501:566:474:478:574:575:493:576:575:577:576:214:469:577:578:448:573:551:395:508:569:576:579:580:580:509:573:581:579:582:420:583:211:473:570:585:430:30:581:453:586:587:561:526:588:582:120:525:589:528:572:341:73:578:556:589:578:511:591:577:592:588:591:593:593:367:565:586:457:592:343:594:66:424:595:584:80:167:595:505:594:585:526:541:204:576:594:601:426:320:598:426:584:586:583:517:599:585:522:600:542:600:601:602:605:479:603:574:602:604:491:543:604:586:530:599:587:605:271:603:555:598:579:557:311:607:49:588:575:523:604:433:607
105,54,585,0,6528,43:1:2:32:2:4:5:6:7:4:8:5:1:9:10:160:10:12:11:312:12:14:9:8:15:16:20:15:18:19:503:19:81:22:48:36:23:18:14:503:24:4:16:6:25:12:38:26:0:28:131:25:29:29:503:492:45:24:26:31:606:7:33:21:28:62:20:492:23:4:34:32:16:34:312:48:36:312:22:0:37:46:31:492:38:23:39:39:606:215:41:7:42:43:2:38:160:41:33:44:160:20:0:21:47:45:606:49:31:58:10:50:49:44:51:77:34:47:52:51:53:54:55:36:53:32:57:28:48:94:93:42:60:49:61:61:62:63:55:64:65:54:52:62:43:64:93:66:67:1:73:67:68:60:37:69:57:65:70:182:69:22:71:8:60:71:72:56:40:68:29:63:19:74:66:74:65:75:37:43:76:75:77:81:45:78:233:76:72:596:61:80:596:11:82:83:84:56:64:596:70:85:86:85:80:81:86:80:73:87:83:63:69:55:88:89:78:90:88:91:67:91:89:14:70:78:81:88:94:21:95:40:82:31:52:44:55:94:87:95:97:192:66:97:72:21:98:50:136:99:100:101:102:103:82:104:25:103:101:105:106:103:73:107:105:104:108:98:109:108:51:109:39:100:27:15:110:71:107:111:112:113:114:54:115:116:102:110:83:116:94:114:36:107:117:118:68:119:77:120:132:112:58:120:115:121:122:122:119:111:42:90:117:123:113:115:99:124:125:126:118:41:47:124:127:126:128:129:130:29:130:131:122:132:125:133:123:117:133:127:18:126:129:128:34:132:109:19:134:97:135:58:134:137:135:138:109:96:139:127:78:140:141:31:142:84:96:137:130:101:141:142:144:145:136:146:129:91:146:139:27:84:119:147:144:138:121:149:150:147:233:95:151:53:151:123:147:120:125:87:152:153:41:153:145:152:149:100:149:39:154:155:150:156:157:107:156:133:155:128:136:158:154:157:75:158:93:159:142:46:143:146:161:162:163:59:162:161:59:37:143:166:150:140:159:112:167:153:168:169:165:124:169:168:170:89:6:84:131:56:171:172:172:137:156:89:167:171:173:170:174:173:175:174:165:159:176:166:140:536:175:164:11:176:178:536:503:179:180:180:181:181:182:158:183:26:134:184:179:175:185:116:186:186:180:95:187:173:185:184:17:220:139:187:189:190:191:150:24:113:192:90:191:179:193:191:134:105:194:110:138:189:183:67:186:195:194:196:197:190:27:132:197:198:195:199:143:74:184:106:536:155:196:200:193:152:192:181:144:57:183:201:141:138:202:200:51:203:391:199:189:205:205:104:206:46:207:207:208:201:168:203:198:171:209:210:6:211:2:111:172:208:211:200:209:164:212:202:213:194:212:214:214:17:193:167:210:206:170:114:201:137:135:168:20:147:122:161:188:169:213:216:217:217:85:153:55:218:219:220:151:146:92:22:221:220:219:221:165:195:222:223:224:223:224:221:163:222:215:174:17:182:184:225:226:227:218:228:229:228:226:155:218:210:230:123:225:136:231:50:74:224:554:231:212:230:197:102:45:77:98:234:234:235:234:236:221:237:238:154:88:236:199:239:118:208:240:237:554:241:240:241:242:308:239:235:233:27:223:219:5:243:133:243:215:230:242:76:108:227:244:226:245:244:246:222:228:247:248:246:145:235:249:250:247:33:249:252:135:225:253:239:248:229:40:250:252:110:249:209:166:97:176:86:231:240:242:254:255:245:256:257:255:258:185:259:256:254:258:257:260:32:261:360:162:263:264:178:265:259:213:263:261:238:266:259:267:211:254:260:248:265:268:252:268:269:270:264:271:272:243:9:57:193:196:273:269:271:267:227:274:275:276:277:276:275:278:279:272:270:273:274:280:163:282:86:71:283:277:268:284:278:285:239:282:116:286:246:247:149:287:274:286:284:270:278:220:267:266:202:384:289:411:290:260:180:92:300:285:169:292:289:290:291:279:293:108:294:284:206:245:283:295:294:296:121:91:190:292:297:273:298:162:299:300:286:524:288:157:295:302:231:303:300:69:283:297:524:271:293:260:219:277:265:304:305:304:261:205:86:306:292:188:308:302:309:291:305:205:237:295:308:287:296:191:310:311:24:198:311:313:309:314:315:142:316:266:250:313:314:317:306:314:92:298:230:299:253:14:303:111:158:318:289:309:257:238:317:320:321:320:113:299:316:317:315:321:318:322:267:60:323:323:323:203:157:324:325:326:251:68:310:327:319:324:328:104:305:325:288:328:329:285:330:322:294:331:331:332:460:332:334:335:336:337:338:334:339:222:339:321:340:335:460:341:340:338:330:329:342:214:229:342:343:335:282:336:188:235:337:72:326:327:344:345:346:347:269:345:341:348:349:349:85:346:350:348:351:351:343:352:241:255:299:342:310:353:344:1:115:354:349:524:23:350:339:189:352:315:355:355:353:279:356:328:335:65:347:357:356:318:358:357:359:354:354:337:83:327:360:199:361:362:363:311:364:365:361:363:359:355:364:366:367:368:332:360:102:264:365:358:366:252:338:370:371:272:206:368:372:438:373:370:374:25:125:297:375:343:376:262:100:263:273:362:371:8:377:378:245:376:375:377:363:373:333:367:368:378:126:372:52:276:376:311:345:379:380:370:284:381:382:225:106:383:344:554:383:262:384:385:381:296:386:362:262:129:207:359:381:379:322:387:319:333:244:258:388:342:389:213:380:329:387:356:389:382:16:390:310:366:388:390:347:176:274:346:391:385:306:392:393:386:58:394:304:371:395:395:367:280:396:396:229:357:392:256:397:397:320:376:54:316:398:399:400:393:401:163:402:400:403:350:365:391:399:404:251:290:394:405:0:406:326:404:375:406:402:361:28:403:401:407:385:341:408:124:336:298:410:411:379:372:281:297:398:408:357:18:412:407:413:178:412:399:118:401:380:218:331:377:348:400:386:414:400:253:414:356:416:415:416:99:417:353:418:373:351:418:106:330:420:350:410:173:421:417:262:307:212:382:452:424:413:275:402:425:420:303:308:425:427:161:112:410:283:406:457:428:429:254:302:429:329:393:421:10:265:430:194:99:387:280:397:352:428:208:431:427:432:228:420:258:430:433:434:241:434:405:431:234:433:468:277:432:383:436:437:384:438:383:384:439:198:440:440:425:417:441:415:442:15:307:499:450:445:437:523:441:450:399:185:321:446:405:447:447:448:427:265:441:447:445:444:389:413:446:449:422:408:216:452:247:407:523:364:434:436:439:453:411:454:454:275:340:453:455:471:179:427:237:495:465:293:422:455:456:442:288:287:449:187:403:459:448:448:416:454:459:421:59:392:444:236:164:429:463:419:464:606:464:465:466:463:409:421:442:390:369:465:466:280:467:227:437:424:468:469:470:415:436:469:471:418:439:203:472:455:103:370:414:353:452:168:429:472:440:281:378:470:473:475:468:186:569:476:456:449:314:478:422:479:358:481:324:304:301:478:483:475:476:479:481:484:494:444:281:201:432:486:388:485:446:471:460:187:301:59:119:398:467:489:483:556:445:490:182:433:489:348:490:491:491:484:569:426:303:454:11:333:369:498:494:56:347:495:209:491:170:44:328:446:497:496:494:456:369:306:226:486:209:496:486:409:396:301:419:164:500:514:487:590:207:488:333:488:459:476:500:377:505:390:471:415:506:554:251:507:507:508:509:506:154:412:505:510:510:131:475:368:481:508:511:512:498:181:509:466:428:513:512:514:105:484:515:515:431:513:470:93:64:339:47:397:504:517:518:512:459:506:53:517:216:504:419:507:499:519:451:520:381:545:12:334:351:485:520:523:490:313:291:518:405:525:217:511:238:525:590:90:467:463:519:528:515:520:307:530:325:531:529:188:373:294:464:473:127:500:144:263:46:487:276:534:529:452:531:479:462:530:523:528:80:516:322:548:355:95:537:485:534:467:537:522:539:540:539:499:541:249:96:541:540:255:521:518:532:542:543:544:598:542:543:522:425:312:521:496:531:545:388:513:490:544:546:141:545:546:547:465:548:539:499:401:549:152:293:29:549:550:302:394:551:404:552:552:553:451:483:552:175:437:549:550:379:472:555:372:555:544:493:319:547:557:553:374:489:558:548:550:582:197:556:272:601:601:560:561:562:560:546:535:564:564:562:557:560:558:561:532:551:565:537:458:510:535:462:464:566:540:600:30:458:239:568:323:390:568:458:569:498:570:204:494:457:572:440:389:474:566:519:572:573:462:565:574:145:501:566:474:478:574:575:493:576:575:577:576:214:469:577:578:448:573:551:395:508:569:576:579:580:580:509:573:581:579:582:420:583:211:473:570:585:430:30:581:453:586:587:561:526:588:582:120:525:589:528:572:341:73:578:556:589:578:511:591:577:592:588:591:593:593:367:565:586:457:592:343:594:66:424:595:584:80:167:595:505:594:585:526:541:204:576:594:601:426:320:598:426:584:586:583:517:599:585:522:600:542:600:601:602:605:479:603:574:602:604:491:543:604:586:530:599:587:605:271:603:555:598:579:557:311:607:49:588:575:523:604:433:607
107,56,585,0,6527,43:1:2:32:2:4:5:6:7:4:8:5:1:9:10:160:10:12:11:312:12:14:9:8:15:16:20:15:18:19:503:19:81:22:48:36:23:18:14:503:24:4:16:6:25:12:38:26:0:28:131:25:29:29:503:492:45:24:26:31:606:7:33:21:28:62:20:492:23:4:34:32:16:34:312:48:36:312:22:0:37:46:31:492:38:23:39:39:606:215:41:7:42:43:2:38:160:41:33:44:160:20:0:21:47:45:606:49:31:58:10:50:49:44:51:77:34:47:52:51:53:54:55:36:53:32:57:28:48:94:93:42:60:49:61:61:62:63:55:64:65:54:52:62:43:64:93:66:67:1:73:67:68:60:37:69:57:65:70:182:69:22:71:8:60:71:72:56:40:68:29:63:19:74:66:74:65:75:37:43:76:75:77:81:45:78:233:76:72:596:61:80:596:11:82:83:84:56:64:596:70:85:86:85:80:81:86:80:73:87:83:63:69:55:88:89:78:90:88:91:67:91:89:14:70:78:81:88:94:21:95:40:82:31:52:44:55:94:87:95:97:192:66:97:72:21:98:50:136:99:100:101:102:103:82:104:25:103:101:105:106:103:73:107:105:104:108:98:109:108:51:109:39:100:27:15:110:71:107:111:112:113:114:54:115:116:102:110:83:116:94:114:36:107:117:118:68:119:77:120:132:112:58:120:115:121:122:122:119:111:42:90:117:123:113:115:99:124:125:126:118:41:47:124:127:126:128:129:130:29:130:131:122:132:125:133:123:117:133:127:18:126:129:128:34:132:109:19:134:97:135:58:134:137:135:138:109:96:139:127:78:140:141:31:142:84:96:137:130:101:141:142:144:145:136:146:129:91:146:139:27:84:119:147:144:138:121:149:150:147:233:95:151:53:151:123:147:120:125:87:152:153:41:153:145:152:149:100:149:39:154:155:150:156:157:107:156:133:155:128:136:158:154:157:75:158:93:159:142:46:143:146:161:162:163:59:162:161:59:37:143:166:150:140:159:112:167:153:168:169:165:124:169:168:170:89:6:84:131:56:171:172:172:137:156:89:167:171:173:170:174:173:175:174:165:159:176:166:140:536:175:164:11:176:178:536:503:179:180:180:181:181:182:158:183:26:134:184:179:175:185:116:186:186:180:95:187:173:185:184:17:220:139:187:189:190:191:150:24:113:192:90:191:179:193:191:134:105:194:110:138:189:183:67:186:195:194:196:197:190:27:132:197:198:195:199:143:74:184:106:536:155:196:200:193:152:192:181:144:57:183:201:141:138:202:200:51:203:391:199:189:205:205:104:206:46:207:207:208:201:168:203:198:171:209:210:6:211:2:111:172:208:211:200:209:164:212:202:213:194:212:214:214:17:193:167:210:206:170:114:201:137:135:168:20:147:122:161:188:169:213:216:217:217:85:153:55:218:219:220:151:146:92:22:221:220:219:221:165:195:222:223:224:223:224:221:163:222:215:174:17:182:184:225:226:227:218:228:229:228:226:155:218:210:230:123:225:136:231:50:74:224:554:231:212:230:197:102:45:77:98:234:234:235:234:236:221:237:238:154:88:236:199:239:118:208:240:237:554:241:240:241:242:308:239:235:233:27:223:219:5:243:133:243:215:230:242:76:108:227:244:226:245:244:246:222:228:247:248:246:145:235:249:250:247:33:249:252:135:225:253:239:248:229:40:250:252:110:249:209:166:97:176:86:231:240:242:254:255:245:256:257:255:258:185:259:256:254:258:257:260:32:261:360:162:263:264:178:265:259:213:263:261:238:266:259:267:211:254:260:248:265:268:252:268:269:270:264:271:272:243:9:57:193:196:273:269:271:267:227:274:275:276:277:276:275:278:279:272:270:273:274:280:163:282:86:71:283:277:268:284:278:285:239:282:116:286:246:247:149:287:274:286:284:270:278:220:267:266:202:384:289:411:290:260:180:92:300:285:169:292:289:290:291:279:293:108:294:284:206:245:283:295:294:296:121:91:190:292:297:273:298:162:299:300:286:524:288:157:295:302:231:303:300:69:283:297:524:271:293:260:219:277:265:304:305:304:261:205:86:306:292:188:308:302:309:291:305:205:237:295:308:287:296:191:310:311:24:198:311:313:309:314:315:142:316:266:250:313:314:317:306:314:92:298:230:299:253:14:303:111:158:318:289:309:257:238:317:320:321:320:113:299:316:317:315:321:318:322:267:60:323:323:323:203:157:324:325:326:251:68:310:327:319:324:328:104:305:325:288:328:329:285:330:322:294:331:331:332:460:332:334:335:336:337:338:334:339:222:339:321:340:335:460:341:340:338:330:329:342:214:229:342:343:335:282:336:188:235:337:72:326:327:344:345:346:347:269:345:341:348:349:349:85:346:350:348:351:351:343:352:241:255:299:342:310:353:344:1:115:354:349:524:23:350:339:189:352:315:355:355:353:279:356:328:335:65:347:357:356:318:358:357:359:354:354:337:83:327:360:199:361:362:363:311:364:365:361:363:359:355:364:366:367:368:332:360:102:264:365:358:366:252:338:370:371:272:206:368:372:438:373:370:374:25:125:297:375:343:376:262:100:263:273:362:371:8:377:378:245:376:375:377:363:373:333:367:368:378:126:372:52:276:376:311:345:379:380:370:284:381:382:225:106:383:344:554:383:262:384:385:381:296:386:362:262:129:207:359:381:379:322:387:319:333:244:258:388:342:389:213:380:329:387:356:389:382:16:390:310:366:388:390:347:176:274:346:391:385:306:392:393:386:58:394:304:371:395:395:367:280:396:396:229:357:392:256:397:397:320:376:54:316:398:399:400:393:401:163:402:400:403:350:365:391:399:404:251:290:394:405:0:406:326:404:375:406:402:361:28:403:401:407:385:341:408:124:336:298:410:411:379:372:281:297:398:408:357:18:412:407:413:178:412:399:118:401:380:218:331:377:348:400:386:414:400:253:414:356:416:415:416:99:417:353:418:373:351:418:106:330:420:350:410:173:421:417:262:307:212:382:452:424:413:275:402:425:420:303:308:425:427:161:112:410:283:406:457:428:429:254:302:429:329:393:421:10:265:430:194:99:387:280:397:352:428:208:431:427:432:228:420:258:430:433:434:241:434:405:431:234:433:468:277:432:383:436:437:384:438:383:384:439:198:440:440:425:417:441:415:442:15:307:499:450:445:437:523:441:450:399:185:321:446:405:447:447:448:427:265:441:447:445:444:389:413:446:449:422:408:216:452:247:407:523:364:434:436:439:453:411:454:454:275:340:453:455:471:179:427:237:495:465:293:422:455:456:442:288:287:449:187:403:459:448:448:416:454:459:421:59:392:444:236:164:429:463:419:464:606:464:465:466:463:409:421:442:390:369:465:466:280:467:227:437:424:468:469:470:415:436:469:471:418:439:203:472:455:103:370:414:353:452:168:429:472:440:281:378:470:473:475:468:186:569:476:456:449:314:478:422:479:358:481:324:304:301:478:483:475:476:479:481:484:494:444:281:201:432:486:388:485:446:471:460:187:301:59:119:398:467:489:483:556:445:490:182:433:489:348:490:491:491:484:569:426:303:454:11:333:369:498:494:56:347:495:209:491:170:44:328:446:497:496:494:456:369:306:226:486:209:496:486:409:396:301:419:164:500:514:487:590:207:488:333:488:459:476:500:377:505:390:471:415:506:554:251:507:507:508:509:506:154:412:505:510:510:131:475:368:481:508:511:512:498:181:509:466:428:513:512:514:105:484:515:515:431:484:470:93:64:339:47:397:504:517:518:512:459:506:53:517:216:504:419:507:499:519:451:520:381:545:12:334:351:485:520:523:490:313:291:518:405:525:217:511:238:525:590:90:467:463:519:528:515:520:307:530:325:531:529:188:373:294:464:473:127:500:144:263:46:487:276:534:529:452:531:479:462:530:523:528:80:516:322:497:355:95:537:485:534:467:537:522:539:540:539:499:541:249:96:541:540:255:521:518:532:542:543:544:598:542:543:522:425:312:521:496:531:545:388:513:490:544:546:141:545:546:547:465:513:539:499:401:549:152:293:29:549:550:302:394:551:404:552:552:553:451:483:552:175:437:549:550:379:472:555:372:555:544:493:319:547:557:553:374:489:558:548:550:582:197:556:272:601:601:560:561:562:560:546:535:564:564:562:557:560:558:561:532:551:565:537:458:510:535:462:464:566:540:600:30:458:239:568:323:390:568:458:569:498:570:204:494:457:572:440:389:474:566:519:572:573:462:565:574:145:501:566:474:478:574:575:493:576:575:577:576:214:469:577:578:448:573:551:395:508:569:576:579:580:580:509:573:581:579:582:420:583:211:473:570:585:430:30:581:453:586:587:561:526:588:582:120:525:589:528:572:341:73:578:556:589:578:511:591:577:592:588:591:593:593:367:565:586:457:592:343:594:66:424:595:584:80:167:595:505:594:585:526:541:204:576:594:601:426:320:598:426:584:586:583:517:599:585:522:600:542:600:601:602:605:479:603:574:602:604:491:543:604:586:530:599:587:605:271:603:555:598:579:557:311:607:49:588:575:523:604:433:607
110,58,585,0,6526,43:1:2:32:2:4:5:6:7:4:8:5:1:9:10:160:10:12:11:312:12:14:9:8:15:16:20:15:18:19:503:19:81:22:48:36:23:18:14:503:24:4:16:6:25:12:38:26:0:28:131:25:29:29:503:492:45:24:26:31:606:7:33:21:28:62:20:492:23:4:34:32:16:34:312:48:36:312:22:0:37:46:31:492:38:23:39:39:606:215:41:7:42:43:2:38:160:41:33:44:160:20:0:21:47:45:606:49:31:58:10:50:49:44:51:77:34:47:52:51:53:54:55:36:53:32:57:28:48:94:93:42:60:49:61:61:62:63:55:64:65:54:52:62:43:64:93:66:67:1:73:67:68:60:37:69:57:65:70:182:69:22:71:8:60:71:72:56:40:68:29:63:19:74:66:74:65:75:37:43:76:75:77:81:45:78:233:76:72:596:61:80:596:11:82:83:84:56:64:596:70:85:86:85:80:81:86:80:73:87:83:63:69:55:88:89:78:90:88:91:67:91:89:14:70:78:81:88:94:21:95:40:82:31:52:44:55:94:87:95:97:192:66:97:72:21:98:50:136:99:100:101:102:103:82:104:25:103:101:105:106:103:73:107:105:104:108:98:109:108:51:109:39:100:27:15:110:71:107:111:112:113:114:54:115:116:102:110:83:116:94:114:36:107:117:118:68:119:77:120:132:112:58:120:115:121:122:122:119:111:42:90:117:123:113:115:99:124:125:126:118:41:47:124:127:126:128:129:130:29:130:131:122:132:125:133:123:117:133:127:18:126:129:128:34:132:109:19:134:97:135:58:134:137:135:138:109:96:139:127:78:140:141:31:142:84:96:137:130:101:141:142:144:145:136:146:129:91:146:139:27:84:119:147:144:138:121:149:150:147:233:95:151:53:151:123:147:120:125:87:152:153:41:153:145:152:149:100:149:39:154:155:150:156:157:107:156:133:155:128:136:158:154:157:75:158:93:159:142:46:143:146:161:162:163:59:162:161:59:37:143:166:150:140:159:112:167:153:168:169:165:124:169:168:170:89:6:84:131:56:171:172:172:137:156:89:167:171:173:170:174:173:175:174:165:159:176:166:140:536:175:164:11:176:178:536:503:179:180:180:181:181:182:158:183:26:134:184:179:175:185:116:186:186:180:95:187:173:185:184:17:220:139:187:189:190:191:150:24:113:192:90:191:179:193:191:134:105:194:110:138:189:183:67:186:195:194:196:197:190:27:132:197:198:195:199:143:74:184:106:536:155:196:200:193:152:192:181:144:57:183:201:141:138:202:200:51:203:391:199:189:205:205:104:206:46:207:207:208:201:168:203:198:171:209:210:6:211:2:111:172:208:211:200:209:164:212:202:213:194:212:214:214:17:193:167:210:206:170:114:201:137:135:168:20:147:122:161:188:169:213:216:217:217:85:153:55:218:219:220:151:146:92:22:221:220:219:221:165:195:222:223:224:223:224:221:163:222:215:174:17:182:184:225:226:227:218:228:229:228:226:155:218:210:230:123:225:136:231:50:74:224:554:231:212:230:197:102:45:77:98:234:234:235:234:236:221:237:238:154:88:236:199:239:118:208:240:237:554:241:240:241:242:308:239:235:233:27:223:219:5:243:133:243:215:230:242:76:108:227:244:226:245:244:246:222:228:247:248:246:145:235:249:250:247:33:249:252:135:225:253:239:248:229:40:250:252:110:249:209:166:97:176:86:231:240:242:254:255:245:256:257:255:258:185:259:256:254:258:257:260:32:261:360:162:263:264:178:265:259:213:263:261:238:266:259:267:211:254:260:248:265:268:252:268:269:270:264:271:272:243:9:57:193:196:273:269:271:267:227:274:275:276:277:276:275:278:279:272:270:273:274:280:163:282:86:71:283:277:268:284:278:285:239:282:116:286:246:247:149:287:274:286:284:270:278:220:267:266:202:384:289:411:290:260:180:92:300:285:169:292:289:290:291:279:293:108:294:284:206:245:283:295:294:296:121:91:190:292:297:273:298:162:299:300:286:524:288:157:295:302:231:303:300:69:283:297:524:271:293:260:219:277:265:304:305:304:261:205:86:306:292:188:308:302:309:291:305:205:237:295:308:287:296:191:310:311:24:198:311:313:309:314:315:142:316:266:250:313:314:317:306:314:92:298:230:299:253:14:303:111:158:318:289:309:257:238:317:320:321:320:113:299:316:317:315:321:318:322:267:60:323:323:323:203:157:324:325:326:251:68:310:327:319:324:328:104:305:325:288:328:329:285:330:322:294:331:331:332:460:332:334:335:336:337:338:334:339:222:339:321:340:335:460:341:340:338:330:329:342:214:229:342:343:335:282:336:188:235:337:72:326:327:344:345:346:347:269:345:341:348:349:349:85:346:350:348:351:351:343:352:241:255:299:342:310:353:344:1:115:354:349:524:23:350:339:189:352:315:355:355:353:279:356:328:335:65:347:357:356:318:358:357:359:354:354:337:83:327:360:199:361:362:363:311:364:365:361:363:359:355:364:366:367:368:332:360:102:264:365:358:366:252:338:370:371:272:206:368:372:438:373:370:374:25:125:297:375:343:376:262:100:263:273:362:371:8:377:378:245:376:375:377:363:373:333:367:368:378:126:372:52:276:376:311:345:379:380:370:284:381:382:225:106:383:344:554:383:262:384:385:381:296:386:362:262:129:207:359:381:379:322:387:319:333:244:258:388:342:389:213:380:329:387:356:389:382:16:390:310:366:388:390:347:176:274:346:391:385:306:392:393:386:58:394:304:371:395:395:367:280:396:396:229:357:392:256:397:397:320:376:54:316:398:399:400:393:401:163:402:400:403:350:365:391:399:404:251:290:394:405:0:406:326:404:375:406:402:361:28:403:401:407:385:341:408:124:336:298:410:411:379:372:281:297:398:408:357:18:412:407:413:178:412:399:118:401:380:218:331:377:348:400:386:414:400:253:414:356:416:415:416:99:417:353:418:373:351:418:106:330:420:350:410:173:421:417:262:307:212:382:452:424:413:275:402:425:420:303:308:425:427:161:112:410:283:406:457:428:429:254:302:429:329:393:421:10:265:430:194:99:387:280:397:352:428:208:431:427:432:228:420:258:430:433:434:241:434:405:431:234:433:468:277:432:383:436:437:384:438:383:384:439:198:440:440:425:417:441:415:442:15:307:499:450:445:437:523:441:450:399:185:321:446:405:447:447:448:427:265:441:447:445:444:389:413:446:449:422:408:216:452:247:407:523:364:434:436:439:453:411:454:454:275:340:453:455:471:179:427:237:495:465:293:422:455:456:442:288:287:449:187:403:459:448:448:416:454:459:421:59:392:444:236:164:429:463:419:464:606:464:465:466:463:409:421:442:390:369:465:466:280:467:227:437:424:468:469:470:415:436:469:471:418:439:203:472:455:103:370:414:353:452:168:429:472:440:281:378:470:473:475:468:186:569:476:456:449:314:478:422:479:358:481:324:304:301:478:483:475:476:479:481:484:494:444:281:201:432:486:388:485:446:471:460:187:301:59:119:398:467:489:483:556:445:490:182:433:489:348:490:491:491:484:569:426:303:454:11:333:369:498:494:56:347:495:209:491:170:44:328:446:497:496:494:456:369:306:226:486:209:496:486:409:396:301:419:164:500:514:487:590:207:488:333:488:459:476:500:377:505:390:471:415:506:554:251:507:507:508:509:506:154:412:505:510:510:131:475:368:481:508:511:512:498:181:509:466:428:513:512:514:105:484:515:515:431:484:470:93:64:339:47:397:504:517:518:512:459:506:53:517:216:504:419:507:499:519:451:520:381:545:12:334:351:485:520:523:490:313:291:518:405:525:217:511:238:525:590:90:467:463:519:528:515:520:307:530:325:531:529:188:373:294:464:473:127:500:144:263:46:487:276:534:529:452:531:479:462:530:523:528:80:516:322:497:355:95:537:485:534:467:537:92:539:522:539:499:541:249:96:541:550:255:521:518:532:542:543:544:598:542:543:522:425:312:521:496:531:545:388:513:490:544:546:141:545:546:547:465:513:539:499:401:549:152:293:29:549:550:302:394:551:404:552:552:553:451:483:552:175:437:549:514:379:472:555:372:555:544:493:319:547:557:553:374:489:558:548:550:582:197:556:272:601:601:560:561:562:560:546:535:564:564:562:557:560:558:561:532:551:565:537:458:510:535:462:464:566:540:600:30:458:239:568:323:390:568:458:569:498:570:204:494:457:572:440:389:474:566:519:572:573:462:565:574:145:501:566:474:478:574:575:493:576:575:577:576:214:469:577:578:448:573:551:395:508:569:576:579:580:580:509:573:581:579:582:420:583:211:473:570:585:430:30:581:453:586:587:561:526:588:582:120:525:589:528:572:341:73:578:556:589:578:511:591:577:592:588:591:593:593:367:565:586:457:592:343:594:66:424:595:584:80:167:595:505:594:585:526:541:204:576:594:601:426:320:598:426:584:586:583:517:599:585:540:600:542:600:601:602:605:479:603:574:602:604:491:543:604:586:530:599:587:605:271:603:555:598:579:557:311:607:49:588:575:523:604:433:607
111,58,585,0,6525,43:1:2:32:2:4:5:6:7:4:8:5:1:9:10:160:10:12:11:312:12:14:9:8:15:16:20:15:18:19:503:19:81:22:48:36:23:18:14:503:24:4:16:6:25:12:38:26:0:28:131:25:29:29:503:492:45:24:26:31:606:7:33:21:28:62:20:492:23:4:34:32:16:34:312:48:36:312:22:0:37:46:31:492:38:23:39:39:606:215:41:7:42:43:2:38:160:41:33:44:160:20:0:21:47:45:606:49:31:58:10:50:49:44:51:77:34:47:52:51:53:54:55:36:53:32:57:28:48:94:93:42:60:49:61:61:62:63:55:64:65:54:52:62:43:64:93:66:67:1:73:67:68:60:37:69:57:65:70:182:69:22:71:8:60:71:72:56:40:68:29:63:19:74:66:74:65:75:37:43:76:75:77:81:45:78:233:76:72:596:61:80:596:11:82:83:84:56:64:596:70:85:86:85:80:81:86:80:73:87:83:63:69:55:88:89:78:90:88:91:67:91:89:14:70:78:81:88:94:21:95:40:82:31:52:44:55:94:87:95:97:192:66:97:72:21:98:50:136:99:100:101:102:103:82:104:25:103:101:105:106:103:73:107:105:104:108:98:109:108:51:109:39:100:27:15:110:71:107:111:112:113:114:54:115:116:102:110:83:116:94:114:36:107:117:118:68:119:77:120:132:112:58:120:115:121:122:122:119:111:42:90:117:123:113:115:99:124:125:126:118:41:47:124:127:126:128:129:130:29:130:131:122:132:125:133:123:117:133:127:18:126:129:128:34:132:109:19:134:97:135:58:134:137:135:138:109:96:139:127:78:140:141:31:142:84:96:137:130:101:141:142:144:145:136:146:129:91:146:139:27:84:119:147:144:138:121:149:150:147:233:95:151:53:151:123:147:120:125:87:152:153:41:153:145:152:149:100:149:39:154:155:150:156:157:107:156:133:155:128:136:158:154:157:75:158:93:159:142:46:143:146:161:162:163:59:162:161:59:37:143:166:150:140:159:112:167:153:168:169:165:124:169:168:170:89:6:84:131:56:171:172:172:137:156:89:167:171:173:170:174:173:175:174:165:159:176:166:140:536:175:164:11:176:178:536:503:179:180:180:181:181:182:158:183:26:134:184:179:175:185:116:186:186:180:95:187:173:185:184:17:220:139:187:189:190:191:150:24:113:192:90:191:179:193:191:134:105:194:110:138:189:183:67:186:195:194:196:197:190:27:132:197:198:195:199:143:74:184:106:536:155:196:200:193:152:192:181:144:57:183:201:141:138:202:200:51:203:391:199:189:205:205:104:206:46:207:207:208:201:168:203:198:171:209:210:6:211:2:111:172:208:211:200:209:164:212:202:213:194:212:214:214:17:193:167:210:206:170:114:201:137:135:168:20:147:122:161:188:169:213:216:217:217:85:153:55:218:219:220:151:146:92:22:221:220:219:221:165:195:222:223:224:223:224:221:163:222:215:174:17:182:184:225:226:227:218:228:229:228:226:155:218:210:230:123:225:136:231:50:74:224:554:231:212:230:197:102:45:77:98:234:234:235:234:236:221:237:238:154:88:236:199:239:118:208:240:237:554:241:240:241:242:308:239:235:233:27:223:219:5:243:133:243:215:230:242:76:108:227:244:226:245:244:246:222:228:247:248:246:145:235:249:250:247:33:249:252:135:225:253:239:248:229:40:250:252:110:249:209:166:97:176:86:231:240:242:254:255:245:256:257:255:258:185:259:256:254:258:257:260:32:261:360:162:263:264:178:265:259:213:263:261:238:266:259:267:211:254:260:248:265:268:252:268:269:270:264:271:272:243:9:57:193:196:273:269:271:267:227:274:275:276:277:276:275:278:279:272:270:273:274:280:163:282:86:71:283:277:268:284:278:285:239:282:116:286:246:247:149:287:274:286:284:270:278:220:267:266:202:384:289:411:290:260:180:92:300:285:169:292:289:290:291:279:293:108:294:284:206:245:283:295:294:296:121:91:190:292:297:273:298:162:299:300:286:524:288:157:295:302:231:303:300:69:283:297:524:271:293:260:219:277:265:304:305:304:261:205:86:306:292:188:308:302:309:291:305:205:237:295:308:287:296:191:310:311:24:198:311:313:309:314:315:142:316:266:250:313:314:317:306:314:92:298:230:299:253:14:303:111:158:318:289:309:257:238:317:320:321:320:113:299:316:317:315:321:318:322:267:60:323:323:323:203:157:324:325:326:251:68:310:327:319:324:328:104:305:325:288:328:329:285:330:322:294:331:331:332:460:332:334:335:336:337:338:334:339:222:339:321:340:335:460:341:340:338:330:329:342:214:229:342:343:335:282:336:188:235:337:72:326:327:344:345:346:347:269:345:341:348:349:349:85:346:350:348:351:351:343:352:241:255:299:342:310:353:344:1:115:354:349:524:23:350:339:189:352:315:355:355:353:279:356:328:335:65:347:357:356:318:358:357:359:354:354:337:83:327:360:199:361:362:363:311:364:365:361:363:359:355:364:366:367:368:332:360:102:264:365:358:366:252:338:370:371:272:206:368:372:438:373:370:374:25:125:297:375:343:376:262:100:263:273:362:371:8:377:378:245:376:375:377:363:373:333:367:368:378:126:372:52:276:376:311:345:379:380:370:284:381:382:225:106:383:344:554:383:262:384:385:381:296:386:362:262:129:207:359:381:379:322:387:319:333:244:258:388:342:389:213:380:329:387:356:389:382:16:390:310:366:388:390:347:176:274:346:391:385:306:392:393:386:58:394:304:371:395:395:367:280:396:396:229:357:392:256:397:397:320:376:54:316:398:399:400:393:401:163:402:400:403:350:365:391:399:404:251:290:394:405:0:406:326:404:375:406:402:361:28:403:401:407:385:341:408:124:336:298:410:411:379:372:281:297:398:408:357:18:412:407:413:178:412:399:118:401:380:218:331:377:348:400:386:414:400:253:414:356:416:415:416:99:417:353:418:373:351:418:106:330:420:350:410:173:421:417:262:307:212:382:452:424:413:275:402:425:420:303:308:425:427:161:112:410:283:406:457:428:429:254:302:429:329:393:421:10:265:430:194:99:387:280:397:352:428:208:431:427:432:228:420:258:430:433:434:241:434:405:431:234:433:468:277:432:383:436:437:384:438:383:384:439:198:440:440:425:417:441:415:442:15:307:499:450:445:437:523:441:450:399:185:321:446:405:447:447:448:427:265:441:447:445:444:389:413:446:449:422:408:216:452:247:407:523:364:434:436:439:453:411:454:454:275:340:453:455:471:179:427:237:495:465:293:422:455:456:442:288:287:449:187:403:459:448:448:416:454:459:421:59:392:444:236:164:429:463:419:464:606:464:465:466:463:409:421:442:390:369:465:466:280:467:227:437:424:468:469:470:415:436:469:471:418:439:203:472:455:103:370:414:353:452:168:429:472:440:281:378:470:473:475:468:186:569:476:456:449:314:478:422:479:358:481:324:304:301:478:483:475:476:479:481:484:494:444:281:201:432:486:388:485:446:471:460:187:301:59:119:398:467:489:483:556:445:490:182:433:489:348:490:491:491:484:569:426:303:454:11:333:369:498:494:56:347:495:209:491:170:44:328:446:497:496:494:456:369:306:226:486:209:496:486:409:396:301:419:164:500:514:487:590:207:488:333:488:459:476:500:377:505:390:471:415:506:554:251:507:507:508:509:506:154:412:505:510:510:131:475:368:481:508:511:512:498:181:509:466:428:513:512:514:105:484:515:515:431:484:470:93:64:339:47:397:504:517:518:512:459:506:53:517:216:504:419:507:499:519:451:520:381:545:12:334:351:485:520:523:490:313:291:518:405:525:217:511:238:525:590:90:467:463:519:528:515:520:307:530:325:531:529:188:373:294:464:473:127:500:144:263:46:487:276:534:529:452:531:479:462:530:523:528:80:516:322:497:355:95:537:485:534:467:537:92:539:522:539:499:541:249:96:541:550:255:521:518:532:542:543:544:598:542:543:522:425:312:521:496:531:545:388:513:490:544:546:141:545:546:547:465:513:539:499:401:549:152:293:29:549:550:302:394:281:404:552:552:553:451:483:552:175:437:549:514:379:472:555:372:555:544:493:319:547:557:553:374:489:558:548:550:582:197:556:272:601:601:560:561:562:560:546:535:564:564:562:557:560:558:561:532:551:565:537:458:510:535:462:464:566:540:600:30:458:239:568:323:390:568:458:569:498:570:204:494:457:572:440:389:474:566:519:572:573:462:565:574:145:501:566:474:478:574:575:493:576:575:577:576:214:469:577:578:448:573:551:395:508:569:576:579:580:580:509:573:581:579:582:420:583:211:473:570:585:430:30:581:453:586:587:561:526:588:582:120:525:589:528:572:341:73:578:556:589:578:511:591:577:592:588:591:593:593:367:565:586:457:592:343:594:66:424:595:584:80:167:595:505:594:585:526:541:204:576:594:601:426:320:598:426:584:586:583:517:599:585:540:600:542:600:601:602:605:479:603:574:602:604:491:543:604:586:530:599:587:605:271:603:555:598:579:557:311:607:49:588:575:523:604:433:607
115,62,585,0,6522,43:1:2:32:2:4:5:6:7:4:8:5:1:9:10:160:10:12:11:312:12:14:9:8:15:16:20:15:18:19:503:19:81:22:48:36:23:18:14:503:24:4:16:6:25:12:38:26:0:28:131:25:29:29:503:492:45:24:26:31:606:7:33:21:28:62:20:492:23:4:34:32:16:34:312:48:36:312:22:0:37:46:31:492:38:23:39:39:606:215:41:7:42:43:2:38:160:41:33:44:160:20:0:21:47:45:606:49:31:58:10:50:49:44:51:77:34:47:52:51:53:54:55:36:53:32:57:28:48:94:93:42:60:49:61:61:62:63:55:64:65:54:52:62:43:64:93:66:67:1:73:67:68:60:37:69:57:65:70:182:69:22:71:8:60:71:72:56:40:68:29:63:19:74:66:74:65:75:37:43:76:75:77:81:45:78:233:76:72:596:61:80:596:11:82:83:84:56:64:596:70:85:86:85:80:81:86:80:73:87:83:63:69:55:88:89:78:90:88:91:67:91:89:14:70:78:81:88:94:21:95:40:82:31:52:44:55:94:87:95:97:192:66:97:72:21:98:50:136:99:100:101:102:103:82:104:25:103:101:105:106:103:73:107:105:104:108:98:109:108:51:109:39:100:27:15:110:71:107:111:112:113:114:54:115:116:102:110:83:116:94:114:36:107:117:118:68:119:77:120:132:112:58:120:115:121:122:122:119:111:42:90:117:123:113:115:99:124:125:126:118:41:47:124:127:126:128:129:130:29:130:131:122:132:125:133:123:117:133:127:18:126:129:128:34:132:109:19:134:97:135:58:134:137:135:138:109:96:139:127:78:140:141:31:142:84:96:137:130:101:141:142:144:145:136:146:129:91:146:139:27:84:119:147:144:138:121:149:150:147:233:95:151:53:151:123:147:120:125:87:152:153:41:153:145:152:149:100:149:39:154:155:150:50:157:107:156:133:155:128:136:158:154:157:75:158:93:159:142:46:143:146:161:162:163:59:162:161:59:37:143:166:150:140:159:112:167:153:168:169:165:124:169:168:170:89:6:84:131:56:171:172:172:137:156:89:167:171:173:170:174:173:175:174:165:159:176:166:140:536:175:164:11:176:178:536:503:179:180:180:181:181:182:158:183:26:134:184:179:175:185:116:186:186:180:95:187:173:185:184:17:220:139:187:189:190:191:150:24:113:192:90:191:179:193:191:134:105:194:110:138:189:183:67:186:195:194:196:197:190:27:132:197:198:195:199:143:74:184:106:536:155:196:200:193:152:192:181:144:57:183:201:141:138:202:200:51:203:391:199:189:205:205:104:206:46:207:207:208:201:168:203:198:171:209:210:6:211:2:111:172:208:211:200:209:164:212:202:213:194:212:214:214:17:193:167:210:206:170:114:201:137:135:168:20:147:122:161:188:169:213:216:217:217:85:153:55:218:219:220:151:146:92:22:221:220:219:221:165:195:222:223:224:223:224:221:163:222:215:174:17:182:184:225:226:227:218:228:229:228:226:155:218:210:230:123:225:136:231:50:74:224:554:231:212:230:197:102:45:77:98:234:234:235:234:236:221:237:238:154:88:236:199:239:118:208:240:237:554:241:240:241:242:308:239:235:233:27:223:219:5:243:133:243:215:230:242:76:108:227:244:226:245:244:246:222:228:247:248:246:145:235:249:250:247:33:249:252:135:225:253:239:248:229:40:250:252:110:249:209:166:97:176:86:231:240:242:254:255:245:256:257:255:258:185:259:256:254:258:257:260:32:261:360:162:263:264:178:265:259:213:263:261:238:266:259:267:211:254:260:248:265:268:252:268:269:270:264:271:272:243:9:57:193:196:273:269:271:267:227:274:275:276:277:276:275:278:279:272:270:273:274:280:163:282:86:71:38:277:268:284:278:285:239:282:116:286:246:247:149:287:274:286:284:270:278:220:267:266:202:384:289:411:290:260:180:92:300:285:169:292:289:290:291:279:293:108:294:284:206:245:283:295:294:296:121:91:190:292:297:273:298:162:299:300:286:524:288:157:295:302:231:303:300:69:283:297:524:271:293:260:219:277:265:304:305:304:261:205:86:306:292:188:308:302:309:291:305:205:237:295:308:287:296:191:310:311:24:198:311:313:309:314:315:142:316:266:250:313:314:317:306:314:92:298:230:299:253:14:303:111:158:318:289:309:257:238:317:320:321:320:113:299:316:317:315:321:318:322:267:60:323:323:323:203:157:324:325:326:251:68:310:327:319:324:328:104:305:325:288:328:329:285:330:322:294:331:331:332:460:332:334:335:336:337:338:334:339:222:339:321:340:335:460:341:340:338:330:329:342:214:229:342:343:335:282:336:188:235:337:72:326:327:344:345:346:347:269:345:341:348:349:349:85:346:350:348:351:351:343:352:241:255:299:342:310:353:344:1:115:354:349:524:23:350:339:189:352:315:355:355:353:279:356:328:335:65:347:357:356:318:358:357:359:354:354:337:83:327:360:199:361:362:363:311:364:365:361:363:359:355:364:366:367:368:332:360:102:264:365:358:366:252:338:370:371:272:206:368:372:438:373:370:374:25:125:297:375:343:376:262:100:263:273:362:371:8:377:378:245:376:375:377:363:373:333:367:368:378:126:372:52:276:376:311:345:379:380:370:284:381:382:225:106:383:344:554:383:262:384:385:381:296:386:362:262:129:207:359:381:379:322:387:319:333:244:258:388:342:389:213:380:329:387:356:389:382:16:390:310:366:388:390:347:176:274:346:391:385:306:392:393:386:58:394:304:371:395:395:367:280:396:396:229:357:392:256:397:397:320:376:54:316:398:399:400:393:156:163:402:400:403:350:365:391:399:404:251:290:394:405:0:406:326:404:375:406:402:361:28:403:369:407:385:341:408:124:336:298:410:411:379:372:281:297:398:408:357:18:412:407:413:178:412:399:118:283:380:218:331:377:348:400:386:414:400:253:414:356:416:415:416:99:417:353:418:373:351:418:106:330:420:350:410:173:421:417:262:307:212:382:452:424:413:275:402:425:420:303:308:425:427:161:112:410:283:406:457:428:429:254:302:429:329:393:421:10:265:430:194:99:387:280:397:352:428:208:431:427:432:228:420:258:430:433:434:241:434:405:431:234:433:468:277:432:383:436:437:384:438:383:384:439:198:440:440:425:417:441:415:442:15:307:499:450:445:437:523:441:450:399:185:321:446:405:447:447:448:427:265:441:447:445:444:389:413:446:449:422:408:216:452:247:407:523:364:434:436:439:453:411:454:454:275:340:453:455:471:179:427:237:495:465:293:422:455:456:442:288:287:449:187:403:459:448:448:416:454:459:421:59:392:444:236:164:429:463:419:464:606:464:465:466:463:409:421:442:390:369:465:466:280:467:227:437:424:468:469:470:415:436:469:471:418:439:203:472:455:103:370:414:353:452:168:429:472:440:281:378:470:473:475:468:186:569:476:456:449:314:478:422:479:358:481:324:304:301:478:483:475:476:479:481:484:494:444:281:201:432:486:388:485:446:471:460:187:301:59:119:398:467:489:483:556:445:490:182:433:489:348:490:491:491:484:569:426:303:454:11:333:369:498:494:56:347:495:209:491:170:44:328:446:497:496:494:456:369:306:226:486:209:496:486:409:396:301:419:164:500:514:487:590:207:488:333:488:459:476:500:377:505:390:471:415:506:554:251:507:507:508:509:506:154:412:505:510:510:131:475:368:481:508:511:512:498:181:509:466:428:513:512:514:105:484:515:515:431:484:470:93:64:339:47:397:504:517:518:512:459:506:53:517:216:504:419:507:499:519:451:520:381:545:12:334:351:485:520:523:490:313:291:518:405:525:217:511:238:525:590:90:467:463:519:528:515:520:307:530:325:531:529:188:373:294:464:473:127:500:144:263:46:487:276:534:529:452:531:479:462:530:523:528:80:516:322:497:355:95:537:485:534:467:537:92:539:522:539:499:541:249:96:541:550:255:521:518:532:542:543:544:598:542:543:522:425:312:521:496:531:545:388:513:490:544:546:141:545:546:547:465:513:539:499:401:549:152:293:29:549:550:302:394:281:404:552:552:553:451:483:552:175:437:549:514:379:472:555:372:555:544:493:319:547:557:553:374:489:558:548:550:582:197:556:272:601:601:560:561:562:560:546:535:564:564:562:557:560:558:561:532:551:565:537:458:510:535:462:464:566:540:600:30:458:239:568:323:390:568:458:569:498:570:204:494:457:572:440:389:474:566:519:572:573:462:565:574:145:501:566:474:478:574:575:493:576:575:577:576:214:469:577:578:448:573:551:395:508:569:576:579:580:580:509:573:581:579:582:420:583:211:473:570:585:430:30:581:453:586:587:561:526:588:582:120:525:589:528:572:341:73:578:556:589:578:511:591:577:592:588:591:593:593:367:565:586:457:592:343:594:66:424:595:584:80:167:595:505:594:585:526:541:204:576:594:601:426:320:598:426:584:586:583:517:599:585:540:600:542:600:601:602:605:479:603:574:602:604:491:543:604:586:530:599:587:605:271:603:555:598:579:557:311:607:49:588:575:523:604:433:607
116,62,585,0,6521,43:1:2:32:2:4:5:6:7:4:8:5:1:9:10:160:10:12:11:312:12:14:9:8:15:16:20:15:18:19:503:19:81:22:48:36:23:18:14:503:24:4:16:6:25:12:38:26:0:28:131:25:29:29:503:492:45:24:26:31:606:7:33:21:28:62:20:492:23:4:34:32:16:34:312:48:36:312:22:0:37:46:31:492:38:23:39:39:606:215:41:7:42:43:2:38:160:41:33:44:160:20:0:21:47:45:606:49:31:58:10:50:49:44:51:77:34:47:52:51:53:54:55:36:53:32:57:28:48:94:93:42:60:49:61:61:62:63:55:64:65:54:52:62:43:64:93:66:67:1:73:67:68:60:37:69:57:65:70:182:69:22:71:8:60:71:72:56:40:68:29:63:19:74:66:74:65:75:37:43:76:75:77:81:45:78:233:76:72:596:61:80:596:11:82:83:84:56:64:596:70:85:86:85:80:81:86:80:73:87:83:63:69:55:88:89:78:90:88:91:67:91:89:14:70:78:81:88:94:21:95:40:82:31:52:44:55:94:87:95:97:192:66:97:72:21:98:50:136:99:100:101:102:103:82:104:25:103:101:105:106:103:73:107:105:104:108:98:109:108:51:109:39:100:27:15:110:71:107:111:112:113:114:54:115:116:102:110:83:116:94:114:36:107:117:118:68:119:77:120:132:112:58:120:115:121:122:122:119:111:42:90:117:123:113:115:99:124:125:126:118:41:47:124:127:126:128:129:130:29:130:131:122:132:125:133:123:117:133:127:18:126:129:128:34:132:109:19:134:97:135:58:134:137:135:138:109:96:139:127:78:140:141:31:142:84:96:137:130:101:141:142:144:145:136:146:129:91:146:139:27:84:119:147:144:138:121:149:150:147:233:95:151:53:151:123:147:120:125:87:152:153:41:153:145:152:149:100:149:39:154:155:150:50:157:107:156:133:155:128:136:158:154:157:75:158:93:159:142:46:143:146:161:162:163:59:162:161:59:37:143:166:150:140:159:112:167:153:168:169:165:124:169:168:170:89:6:84:131:56:171:172:172:137:156:89:167:171:173:170:174:173:175:174:165:159:176:166:140:536:175:164:11:176:178:536:503:179:180:180:181:181:182:158:183:26:134:184:179:175:185:116:186:186:180:95:187:173:185:184:17:220:139:187:189:190:191:150:24:113:192:90:191:179:193:191:134:105:194:110:138:189:183:67:186:195:194:196:197:190:27:132:197:198:195:199:143:74:184:106:536:155:196:200:193:152:192:181:144:57:183:201:141:138:202:200:51:203:391:199:189:205:205:104:206:46:207:207:208:201:168:203:198:171:209:210:6:211:2:111:172:208:211:200:209:164:212:202:213:194:212:214:214:17:193:167:210:206:170:114:201:137:135:168:20:147:122:161:188:169:213:216:217:217:85:153:55:218:219:220:151:146:92:22:221:220:219:221:165:195:222:223:224:223:224:221:163:222:215:174:17:182:184:225:226:227:218:228:229:228:226:155:218:210:230:123:225:136:231:50:74:224:554:231:212:230:197:102:45:77:98:234:234:235:234:236:221:237:238:154:88:236:199:239:118:208:240:237:554:241:240:241:242:308:239:235:233:27:223:219:5:243:133:243:215:230:242:76:108:227:244:226:245:244:246:222:228:247:248:246:145:235:249:250:247:33:249:252:135:225:253:239:248:229:40:250:252:110:249:209:166:97:176:86:231:240:242:254:255:245:256:257:255:258:185:259:256:254:258:257:260:32:261:360:162:263:264:178:265:259:213:263:261:238:266:259:267:211:254:260:248:265:268:252:268:269:270:264:271:272:243:9:57:193:196:273:269:271:267:227:274:275:276:277:276:275:278:279:272:270:273:274:280:163:282:86:71:38:277:268:284:278:285:239:282:116:286:246:247:149:287:274:286:284:270:278:220:267:266:202:384:289:411:290:260:180:92:300:285:169:292:289:290:291:279:293:108:294:284:206:245:283:295:294:296:121:91:190:292:297:273:298:162:299:300:286:524:288:157:295:302:231:303:300:69:283:297:524:271:293:260:219:277:265:304:305:304:261:205:86:306:292:188:308:302:309:291:305:205:237:295:308:287:296:191:310:311:24:198:311:313:309:314:315:142:316:266:250:313:314:317:306:314:92:298:230:299:253:14:303:111:158:318:289:309:257:238:317:320:321:320:113:299:316:317:315:321:318:322:267:60:323:323:323:203:157:324:325:326:251:68:310:327:319:324:328:104:305:325:288:328:329:285:330:322:294:331:331:332:460:332:334:335:336:337:338:334:339:222:339:321:340:335:460:341:340:338:330:329:342:214:229:342:343:335:282:336:188:235:337:72:326:327:344:345:346:347:269:345:341:348:349:349:85:346:350:348:351:351:343:352:241:255:299:342:310:353:344:1:115:354:349:524:23:350:339:189:352:315:355:355:353:279:356:328:335:65:347:357:356:318:358:357:359:354:354:337:83:327:360:199:361:362:363:311:364:365:361:363:359:355:364:366:367:368:332:360:102:264:365:358:366:252:338:370:371:272:206:368:372:438:373:370:374:25:125:297:375:343:376:262:100:263:273:362:371:8:377:378:245:376:375:377:363:373:333:367:368:378:126:372:52:276:376:311:345:379:380:370:284:381:382:225:106:383:344:554:383:262:384:385:381:296:386:362:262:129:207:359:381:379:322:387:319:333:244:258:388:342:389:213:380:329:387:356:389:382:16:390:310:366:388:390:347:176:274:346:391:385:306:392:393:386:58:394:304:371:395:395:367:280:396:396:229:357:392:256:397:397:320:376:54:316:398:399:400:393:156:163:402:400:403:350:365:391:399:404:251:290:394:405:0:406:326:404:375:406:402:361:28:403:369:407:385:341:408:124:336:298:410:411:379:372:281:297:398:408:357:18:412:407:413:178:412:399:118:283:380:218:331:377:348:400:386:414:400:253:414:356:416:415:416:99:417:353:418:373:351:418:106:330:420:350:434:173:421:417:262:307:212:382:452:424:413:275:402:425:420:303:308:425:427:161:112:410:283:406:457:428:429:254:302:429:329:393:421:10:265:430:194:99:387:280:397:352:428:208:431:427:432:228:420:258:430:433:434:241:434:405:431:234:433:468:277:432:383:410:437:384:438:383:384:439:198:440:440:425:417:441:415:442:15:307:499:450:445:437:523:441:450:399:185:321:446:405:447:447:448:427:265:441:447:445:444:389:413:446:449:422:408:216:452:247:407:523:364:434:436:439:453:411:454:454:275:340:453:455:471:179:427:237:495:465:293:422:455:456:442:288:287:449:187:403:459:448:448:416:454:459:421:59:392:444:236:164:429:463:419:464:606:464:465:466:463:409:421:442:390:369:465:466:280:467:227:437:424:468:469:470:415:436:469:471:418:439:203:472:455:103:370:414:353:452:168:429:472:440:281:378:470:473:475:468:186:569:476:456:449:314:478:422:479:358:481:324:304:301:478:483:475:476:479:481:484:494:444:281:201:432:486:388:485:446:471:460:187:301:59:119:398:467:489:483:556:445:490:182:433:489:348:490:491:491:484:569:426:303:454:11:333:369:498:494:56:347:495:209:491:170:44:328:446:497:496:494:456:369:306:226:486:209:496:486:409:396:301:419:164:500:514:487:590:207:488:333:488:459:476:500:377:505:390:471:415:506:554:251:507:507:508:509:506:154:412:505:510:510:131:475:368:481:508:511:512:498:181:509:466:428:513:512:514:105:484:515:515:431:484:470:93:64:339:47:397:504:517:518:512:459:506:53:517:216:504:419:507:499:519:451:520:381:545:12:334:351:485:520:523:490:313:291:518:405:525:217:511:238:525:590:90:467:463:519:528:515:520:307:530:325:531:529:188:373:294:464:473:127:500:144:263:46:487:276:534:529:452:531:479:462:530:523:528:80:516:322:497:355:95:537:485:534:467:537:92:539:522:539:499:541:249:96:541:550:255:521:518:532:542:543:544:598:542:543:522:425:312:521:496:531:545:388:513:490:544:546:141:545:546:547:465:513:539:499:401:549:152:293:29:549:550:302:394:281:404:552:552:553:451:483:552:175:437:549:514:379:472:555:372:555:544:493:319:547:557:553:374:489:558:548:550:582:197:556:272:601:601:560:561:562:560:546:535:564:564:562:557:560:558:561:532:551:565:537:458:510:535:462:464:566:540:600:30:458:239:568:323:390:568:458:569:498:570:204:494:457:572:440:389:474:566:519:572:573:462:565:574:145:501:566:474:478:574:575:493:576:575:577:576:214:469:577:578:448:573:551:395:508:569:576:579:580:580:509:573:581:579:582:420:583:211:473:570:585:430:30:581:453:586:587:561:526:588:582:120:525:589:528:572:341:73:578:556:589:578:511:591:577:592:588:591:593:593:367:565:586:457:592:343:594:66:424:595:584:80:167:595:505:594:585:526:541:204:576:594:601:426:320:598:426:584:586:583:517:599:585:540:600:542:600:601:602:605:479:603:574:602:604:491:543:604:586:530:599:587:605:271:603:555:598:579:557:311:607:49:588:575:523:604:433:607
118,63,584,0,6520,43:1:2:32:2:4:5:6:7:4:8:5:1:9:10:160:10:12:11:312:12:14:9:8:15:16:20:15:18:19:503:19:81:22:48:36:23:18:14:503:24:4:16:6:25:12:38:26:0:28:131:25:29:29:503:492:45:24:26:31:606:7:33:21:28:62:20:492:23:4:34:32:16:34:312:48:36:312:22:0:37:46:31:492:38:23:39:39:606:215:41:7:42:43:2:38:160:41:33:44:160:20:0:21:47:45:606:49:31:58:10:50:49:44:51:77:34:47:52:51:53:54:55:36:53:32:57:28:48:94:93:42:60:49:61:61:62:63:55:64:65:54:52:62:43:64:93:66:67:1:73:67:68:60:37:69:57:65:70:182:69:22:71:8:60:71:72:56:40:68:29:63:19:74:66:74:65:75:37:43:76:75:77:81:45:78:233:76:72:596:61:80:596:11:82:83:84:56:64:596:70:85:86:85:80:81:86:80:73:87:83:63:69:55:88:89:78:90:88:91:67:91:89:14:70:78:81:88:94:21:95:40:82:31:52:44:55:94:87:95:97:192:66:97:72:21:98:50:136:99:100:101:102:103:82:104:25:103:101:105:106:103:73:107:105:104:108:98:109:108:51:109:39:100:27:15:110:71:107:111:112:113:114:54:115:116:102:110:83:116:94:114:36:107:117:118:68:119:77:120:132:112:58:120:115:121:122:122:119:111:42:90:117:123:113:115:99:124:125:126:118:41:47:124:127:126:128:129:130:29:130:131:122:132:125:133:123:117:133:127:18:126:129:128:34:132:109:19:134:97:135:58:134:137:135:138:109:96:139:127:78:140:141:31:142:84:96:137:130:101:141:142:144:145:136:146:129:91:146:139:27:84:119:147:144:138:121:149:150:147:233:95:151:53:151:123:147:120:125:87:152:153:41:153:145:152:149:100:149:39:154:155:150:50:157:107:156:133:155:128:136:158:154:157:75:158:93:159:142:46:143:146:161:162:163:59:162:161:59:37:143:166:150:140:159:112:167:153:168:169:165:124:169:168:170:89:6:84:131:56:171:172:172:137:156:89:167:171:173:170:174:173:175:174:165:159:176:166:140:536:175:164:11:176:178:536:503:179:180:180:181:181:182:158:183:26:134:184:179:175:185:116:186:186:180:95:187:173:185:184:17:220:139:187:189:190:191:150:24:113:192:90:191:179:193:191:134:105:194:110:138:189:183:67:186:195:194:196:197:190:27:132:197:198:195:199:143:74:184:106:536:155:196:200:193:152:192:181:144:57:183:201:141:138:202:200:51:203:391:199:189:205:205:104:206:46:207:207:208:201:168:203:198:171:209:210:6:211:2:111:172:208:211:200:209:164:212:202:213:194:212:214:214:17:193:167:210:206:170:114:201:137:135:168:20:147:122:161:188:169:213:216:217:217:85:153:55:218:219:220:151:146:92:22:221:220:219:221:165:195:222:223:224:223:224:221:163:222:215:174:17:182:184:225:226:227:218:228:229:228:226:155:218:210:230:123:225:136:231:50:74:224:554:231:212:230:197:102:45:77:98:234:234:235:234:236:221:237:238:154:88:236:199:239:118:208:240:237:554:241:240:241:242:308:239:235:233:27:223:219:5:243:133:243:215:230:242:76:108:227:244:226:245:244:246:222:228:247:248:246:145:235:249:250:247:33:249:252:135:225:253:239:248:229:40:250:252:110:249:209:166:97:176:86:231:240:242:254:255:245:256:257:255:258:185:259:256:254:258:257:260:32:261:360:162:263:264:178:265:259:213:263:261:238:266:259:267:211:254:260:248:265:268:252:268:269:270:264:271:272:243:9:57:193:196:273:269:271:267:227:274:275:276:277:276:275:278:279:272:270:273:274:280:163:282:86:71:38:277:268:284:278:285:239:282:116:286:246:247:149:287:274:286:284:270:278:220:267:266:202:384:289:411:290:260:180:92:300:285:169:292:289:290:291:279:293:108:294:284:206:245:283:295:294:296:121:91:190:292:297:273:298:162:299:300:286:524:288:157:295:302:231:303:300:69:283:297:524:271:293:260:219:277:265:304:305:304:261:205:86:306:292:188:308:302:309:291:305:205:237:295:308:287:296:191:310:311:24:198:311:313:309:314:315:142:316:266:250:313:314:317:306:314:92:298:230:299:253:14:303:111:158:318:289:309:257:238:317:320:321:320:113:299:316:317:315:321:318:322:267:60:323:323:323:203:157:324:325:326:251:68:310:327:319:324:328:104:305:325:288:328:329:285:330:322:294:331:331:332:460:332:334:335:336:337:338:334:339:222:339:321:340:335:460:341:340:338:330:329:342:214:229:342:343:335:282:336:188:235:337:72:326:327:344:345:346:347:269:345:341:348:349:349:85:346:350:348:351:351:343:352:241:255:299:342:310:353:344:1:115:354:349:524:23:350:339:189:352:315:355:355:353:279:356:328:335:65:347:357:356:318:358:357:359:354:354:337:83:327:360:199:361:362:363:311:364:365:361:363:359:355:364:366:367:368:332:360:102:264:365:358:366:252:338:370:371:272:206:368:372:438:373:370:374:25:125:297:375:343:376:262:100:263:273:362:371:8:377:378:245:376:375:377:363:373:333:367:368:378:126:372:52:276:376:311:345:379:380:370:284:381:382:225:106:383:344:554:383:262:384:385:381:296:386:362:262:129:207:359:381:379:322:387:319:333:244:258:388:342:389:213:380:329:387:356:389:382:16:390:310:366:388:390:347:176:274:346:391:385:306:392:393:386:58:394:304:371:395:395:367:280:396:396:229:357:392:256:397:397:320:376:54:316:398:399:400:393:156:163:402:400:403:350:365:391:399:404:251:290:394:405:0:406:326:404:375:406:402:361:28:403:369:407:385:341:408:124:336:298:410:411:379:372:281:297:398:408:357:18:412:407:413:178:412:399:118:283:380:218:331:377:348:400:386:414:400:253:414:356:416:415:416:99:417:353:418:373:351:418:106:330:420:350:434:173:421:417:262:307:212:382:452:424:413:275:402:425:420:303:308:425:427:161:112:410:283:406:457:428:429:254:302:429:329:393:421:10:265:430:194:99:387:280:397:352:428:208:431:427:432:228:420:258:430:433:434:241:434:405:431:234:433:468:277:432:383:410:437:384:438:383:384:439:198:440:440:425:417:441:415:442:15:307:499:450:445:437:523:441:450:399:185:321:446:405:447:447:448:427:265:441:447:445:444:389:413:446:449:422:408:216:452:247:407:523:364:434:436:439:453:411:454:454:275:340:453:455:471:179:427:237:495:465:293:422:455:456:442:288:287:449:187:403:459:448:448:416:454:459:421:59:392:444:236:164:429:463:419:464:606:464:465:466:463:409:421:442:390:369:465:466:280:467:227:437:424:468:469:470:415:436:469:471:418:439:203:472:455:103:370:414:353:452:168:429:472:440:281:378:470:473:475:468:186:569:476:456:449:314:478:422:479:358:481:324:304:301:478:483:475:476:479:481:484:494:444:281:201:432:486:388:485:446:471:460:187:301:59:119:398:467:489:483:556:445:490:182:433:489:348:490:491:491:484:569:426:303:454:11:333:369:498:494:56:347:495:209:491:170:44:328:446:497:496:494:456:369:306:226:486:209:496:486:409:396:301:419:164:500:514:487:590:207:488:333:488:459:476:500:377:505:390:471:415:506:554:251:507:507:508:509:506:154:412:505:510:510:131:475:368:481:508:511:512:498:181:509:466:428:513:512:514:105:484:515:515:431:484:470:93:64:339:47:397:504:517:518:512:459:506:53:517:216:504:419:507:499:519:451:520:381:545:12:334:351:485:520:523:490:313:291:518:405:525:217:511:238:525:590:90:467:463:519:528:515:520:307:530:325:531:529:188:373:294:464:473:127:500:144:263:46:487:276:534:529:452:531:479:462:530:523:528:80:516:322:497:355:95:537:485:534:467:537:92:539:522:539:499:541:249:96:541:550:255:521:518:532:542:543:544:598:542:543:522:425:312:521:496:531:545:388:513:490:544:546:141:545:546:547:465:513:539:499:401:549:152:293:29:549:550:302:394:281:404:495:474:553:451:483:581:175:437:549:514:379:472:555:372:555:544:493:319:547:557:553:374:489:558:548:550:582:197:556:272:601:601:560:561:562:560:546:535:564:564:562:557:560:558:561:532:551:565:537:458:510:535:462:464:566:540:600:30:458:239:568:323:390:568:458:569:498:570:204:494:457:572:440:389:474:566:519:572:573:462:565:574:145:501:566:474:478:574:575:493:576:575:577:576:214:469:577:578:448:573:551:395:508:569:576:579:580:580:509:573:581:579:582:420:583:211:473:570:585:430:30:581:453:586:587:561:526:588:582:120:525:589:528:572:341:73:578:556:589:578:511:591:577:592:588:591:593:593:367:565:586:457:592:343:594:66:424:595:584:80:167:595:505:594:585:526:541:204:576:594:601:426:320:598:426:584:586:583:517:599:585:540:600:542:600:601:602:605:479:603:574:602:604:491:543:604:586:530:599:587:605:271:603:555:598:579:557:311:607:49:588:575:523:604:433:607
119,63,584,0,6519,43:1:2:32:2:4:5:6:7:4:8:5:1:9:10:160:10:12:11:312:12:14:9:8:15:16:20:15:18:19:503:19:81:22:48:36:23:18:14:503:24:4:16:6:25:12:38:26:0:28:131:25:29:29:503:492:45:24:26:31:606:7:33:21:28:62:20:492:23:4:34:32:16:34:312:48:36:312:22:0:37:46:31:492:38:23:39:39:606:215:41:7:42:43:2:38:160:41:33:44:160:20:0:21:47:45:606:49:31:58:10:50:49:44:51:77:34:47:52:51:53:54:55:36:53:32:57:28:48:94:93:42:60:49:61:61:62:63:55:64:65:54:52:62:43:64:93:66:67:1:73:67:68:60:37:69:57:65:70:182:69:22:71:8:60:71:72:56:40:68:29:63:19:74:66:74:65:75:37:43:76:75:77:81:45:78:233:76:72:596:61:80:596:11:82:83:84:56:64:596:70:85:86:85:80:81:86:80:73:87:83:63:69:55:88:89:78:90:88:91:67:91:89:14:70:78:81:88:94:21:95:40:82:31:52:44:55:94:87:95:97:192:66:97:72:21:98:50:136:99:100:101:102:103:82:104:25:103:101:105:106:103:73:107:105:104:108:98:109:108:51:109:39:100:27:15:110:71:107:111:112:113:114:54:115:116:102:110:83:116:94:114:36:107:117:118:68:119:77:120:132:112:58:120:115:121:122:122:119:111:42:90:117:123:113:115:99:124:125:126:118:41:47:124:127:126:128:129:130:29:130:131:122:132:125:133:123:117:133:127:18:126:129:128:34:132:109:19:134:97:135:58:134:137:135:138:109:96:139:127:78:140:141:31:142:84:96:137:130:101:141:142:144:145:136:146:129:91:146:139:27:84:119:147:144:138:121:149:150:147:233:95:151:53:151:123:147:120:125:87:152:153:41:153:145:152:149:100:149:39:154:155:150:50:157:107:156:133:155:128:136:158:154:157:75:158:93:159:142:46:143:146:161:162:163:59:162:161:59:37:143:166:150:140:159:112:167:153:168:169:165:124:169:168:170:89:6:84:131:56:171:172:172:137:156:89:167:171:173:170:174:173:175:174:165:159:176:166:140:536:175:164:11:176:178:536:503:179:180:180:181:181:182:158:183:26:134:184:179:175:185:116:186:186:180:95:187:173:185:184:17:220:139:187:189:190:191:150:24:113:192:90:191:179:193:191:134:105:194:110:138:189:183:67:186:195:194:196:197:190:27:132:197:198:195:199:143:74:184:106:536:155:196:200:193:152:192:181:144:57:183:201:141:138:202:200:51:203:391:199:189:205:205:104:206:46:207:207:208:201:168:203:198:171:209:210:6:211:2:111:172:208:211:200:209:164:212:202:213:194:212:214:214:17:193:167:210:206:170:114:201:137:135:168:20:147:122:161:188:169:213:216:217:217:85:153:55:218:219:220:151:146:92:22:221:220:219:221:165:195:222:223:224:223:224:221:163:222:215:174:17:182:184:225:226:227:218:228:229:228:226:155:218:210:230:123:225:136:231:50:74:224:554:231:212:230:197:102:45:77:98:234:234:235:234:236:221:237:238:154:88:236:199:239:118:208:240:237:554:241:240:241:242:308:239:235:233:27:223:219:5:243:133:243:215:230:242:76:108:227:244:226:245:244:246:222:228:247:248:246:145:235:249:250:247:33:249:252:135:225:253:239:248:229:40:250:252:110:249:209:166:97:176:86:231:240:242:254:255:245:256:257:255:258:185:259:256:254:258:257:260:32:261:360:162:263:264:178:265:259:213:263:261:238:266:259:267:211:254:260:248:265:268:252:268:269:270:264:271:272:243:9:57:193:196:273:269:26:267:227:274:275:276:277:276:275:278:279:272:270:273:274:280:163:282:86:71:38:277:268:284:278:285:239:282:116:286:246:247:149:287:274:286:284:270:278:220:267:266:202:384:289:411:290:260:180:92:300:285:169:292:289:290:271:279:293:108:294:284:206:245:283:295:294:296:121:91:190:292:297:273:298:162:299:300:286:524:288:157:295:302:231:303:300:69:283:297:524:271:293:260:219:277:265:304:305:304:261:205:86:306:292:188:308:302:309:291:305:205:237:295:308:287:296:191:310:311:24:198:311:313:309:314:315:142:316:266:250:313:314:317:306:314:92:298:230:299:253:14:303:111:158:318:289:309:257:238:317:320:321:320:113:299:316:317:315:321:318:322:267:60:323:323:323:203:157:324:325:326:251:68:310:327:319:324:328:104:305:325:288:328:329:285:330:322:294:331:331:332:460:332:334:335:336:337:338:334:339:222:339:321:340:335:460:341:340:338:330:329:342:214:229:342:343:335:282:336:188:235:337:72:326:327:344:345:346:347:269:345:341:348:349:349:85:346:350:348:351:351:343:352:241:255:299:342:310:353:344:1:115:354:349:524:23:350:339:189:352:315:355:355:353:279:356:328:335:65:347:357:356:318:358:357:359:354:354:337:83:327:360:199:361:362:363:311:364:365:361:363:359:355:364:366:367:368:332:360:102:264:365:358:366:252:338:370:371:272:206:368:372:438:373:370:374:25:125:297:375:343:376:262:100:263:273:362:371:8:377:378:245:376:375:377:363:373:333:367:368:378:126:372:52:276:376:311:345:379:380:370:284:381:382:225:106:383:344:554:383:262:384:385:381:296:386:362:262:129:207:359:381:379:322:387:319:333:244:258:388:342:389:213:380:329:387:356:389:382:16:390:310:366:388:390:347:176:274:346:391:385:306:392:393:386:58:394:304:371:395:395:367:280:396:396:229:357:392:256:397:397:320:376:54:316:398:399:400:393:156:163:402:400:403:350:365:391:399:404:251:290:394:405:0:406:326:404:375:406:402:361:28:403:369:407:385:341:408:124:336:298:410:411:379:372:281:297:398:408:357:18:291:407:413:178:412:399:118:283:380:218:331:377:348:400:386:414:400:253:414:356:416:415:416:99:417:353:418:373:351:418:106:330:420:350:434:173:421:417:262:307:212:382:452:424:413:275:402:425:420:303:308:425:427:161:112:410:283:406:457:428:429:254:302:429:329:393:421:10:265:430:194:99:387:280:397:352:428:208:431:427:432:228:420:258:430:433:434:241:434:405:431:234:433:468:277:432:383:410:437:384:438:383:384:439:198:440:440:425:417:441:415:442:15:307:499:450:445:437:523:441:450:399:185:321:446:405:447:447:448:427:265:441:447:445:444:389:413:446:449:422:408:216:452:247:407:523:364:434:436:439:453:411:454:454:275:340:453:455:471:179:427:237:495:465:293:422:455:456:442:288:287:449:187:403:459:448:448:416:454:459:421:59:392:444:236:164:429:463:419:464:606:464:465:466:463:409:421:442:390:369:465:466:280:467:227:437:424:468:469:470:415:436:469:471:418:439:203:472:455:103:370:414:353:452:168:429:472:440:281:378:470:473:475:468:186:569:476:456:449:314:478:422:479:358:481:324:304:301:478:483:475:476:479:481:484:494:444:281:201:432:486:388:485:446:471:460:187:301:59:119:398:467:489:483:556:445:490:182:433:489:348:490:491:491:484:569:426:303:454:11:333:369:498:494:56:347:495:209:491:170:44:328:446:497:496:494:456:369:306:226:486:209:496:486:409:396:301:419:164:500:514:487:590:207:488:333:488:459:476:500:377:505:390:471:415:506:554:251:507:507:508:509:506:154:412:505:510:510:131:475:368:481:508:511:512:498:181:509:466:428:513:512:514:105:484:515:515:431:484:470:93:64:339:47:397:504:517:518:512:459:506:53:517:216:504:419:507:499:519:451:520:381:545:12:334:351:485:520:523:490:313:291:518:405:525:217:511:238:525:590:90:467:463:519:528:515:520:307:530:325:531:529:188:373:294:464:473:127:500:144:263:46:487:276:534:529:452:531:479:462:530:523:528:80:516:322:497:355:95:537:485:534:467:537:92:539:522:539:499:541:249:96:541:550:255:521:518:532:542:543:544:598:542:543:522:425:312:521:496:531:545:388:513:490:544:546:141:545:546:547:465:513:539:499:401:549:152:293:29:549:550:302:394:281:404:495:474:553:451:483:581:175:437:549:514:379:472:555:372:555:544:493:319:547:557:553:374:489:558:548:550:582:197:556:272:601:601:560:561:562:560:546:535:564:564:562:557:560:558:561:532:551:565:537:458:510:535:462:464:566:540:600:30:458:239:568:323:390:568:458:569:498:570:204:494:457:572:440:389:474:566:519:572:573:462:565:574:145:501:566:474:478:574:575:493:576:575:577:576:214:469:577:578:448:573:551:395:508:569:576:579:580:580:509:573:581:579:582:420:583:211:473:570:585:430:30:581:453:586:587:561:526:588:582:120:525:589:528:572:341:73:578:556:589:578:511:591:577:592:588:591:593:593:367:565:586:457:592:343:594:66:424:595:584:80:167:595:505:594:585:526:541:204:576:594:601:426:320:598:426:584:586:583:517:599:585:540:600:542:600:601:602:605:479:603:574:602:604:491:543:604:586:530:599:587:605:48:603:555:598:579:557:311:607:49:588:575:523:604:433:607
121,64,584,0,6518,43:1:2:32:2:4:5:6:7:4:8:5:1:9:10:160:10:12:11:312:12:14:9:8:15:16:20:15:18:19:503:19:81:22:48:36:23:18:14:503:24:4:16:6:25:12:38:26:0:28:131:25:29:29:503:492:45:24:26:31:606:7:33:21:28:62:20:492:23:4:34:32:16:34:312:48:36:312:22:0:37:46:31:492:38:23:39:39:606:215:41:7:42:43:2:38:160:41:33:44:160:20:0:21:47:45:606:49:31:58:10:50:49:44:51:77:34:47:52:51:53:54:55:36:53:32:57:28:48:94:93:42:60:49:61:61:62:63:55:64:65:54:52:62:43:64:93:66:67:1:73:67:68:60:37:69:57:65:70:182:69:22:71:8:60:71:72:56:40:68:29:63:19:74:66:74:65:75:37:43:76:75:77:81:45:78:233:76:72:596:61:80:596:11:82:83:84:56:64:596:70:85:86:85:80:81:86:80:73:87:83:63:69:55:88:89:78:90:88:91:67:91:89:14:70:78:81:88:94:21:95:40:82:31:52:44:55:94:87:95:97:192:66:97:72:21:98:50:136:99:100:101:102:103:82:104:25:103:101:105:106:103:73:107:105:104:108:98:109:108:51:109:39:100:27:15:110:71:107:111:112:113:114:54:115:116:102:110:83:116:94:114:36:107:117:118:68:119:77:120:132:112:58:120:115:121:122:122:119:111:42:90:117:123:113:115:99:124:125:126:118:41:47:124:127:126:128:129:130:29:130:131:122:132:125:133:123:117:133:127:18:126:129:128:34:132:109:19:134:97:135:58:134:137:135:138:109:96:139:127:78:140:141:31:142:84:96:137:130:101:141:142:144:145:136:146:129:91:146:139:27:84:119:147:144:138:121:149:150:147:233:95:151:53:151:123:147:120:125:87:152:153:41:153:145:152:149:100:149:39:154:155:150:50:157:107:156:133:155:128:136:158:154:157:75:158:93:159:142:46:143:146:161:162:163:59:162:161:59:37:143:166:150:140:159:112:167:153:168:169:165:124:169:168:170:89:6:84:131:56:171:172:172:137:156:89:167:171:173:170:174:173:175:174:165:159:176:166:140:536:175:164:11:176:178:536:503:179:180:180:181:181:182:158:183:26:134:184:179:175:185:116:186:186:180:95:187:173:185:184:17:220:139:187:189:190:191:150:24:113:192:90:191:179:193:191:134:105:194:110:138:189:183:67:186:195:194:196:197:190:27:132:197:198:195:199:143:74:184:106:536:155:196:200:193:152:192:181:144:57:183:201:141:138:202:200:51:203:391:199:189:205:205:104:206:46:207:207:208:201:168:203:198:171:209:210:6:211:2:111:172:208:211:200:209:164:212:202:213:194:212:214:214:17:193:167:210:206:170:114:201:137:135:168:20:147:122:161:188:169:213:216:217:217:85:153:55:218:219:220:151:146:92:22:221:220:219:221:165:195:222:223:224:223:224:221:163:222:215:174:17:182:184:225:226:227:218:228:229:228:226:155:218:210:230:123:225:136:231:50:74:224:554:231:212:230:197:102:45:77:98:234:234:235:234:236:221:237:238:154:88:236:199:239:118:208:240:237:554:241:240:241:242:308:239:235:233:27:223:219:5:243:133:243:215:230:242:76:108:227:244:226:245:244:246:222:228:247:248:246:145:235:249:250:247:33:249:252:135:225:253:239:248:229:40:250:252:110:249:209:166:97:176:86:231:240:242:254:255:245:256:257:255:258:185:259:256:254:258:257:260:32:261:360:162:263:264:178:265:259:213:263:261:238:266:259:267:211:254:260:248:265:268:252:268:269:270:264:271:272:243:9:57:193:196:273:269:26:267:227:274:275:276:277:276:275:278:279:272:270:273:274:280:163:282:86:71:38:277:268:284:278:285:239:282:116:286:246:247:149:287:274:286:284:270:278:220:267:266:202:384:289:411:290:260:180:92:300:285:169:292:289:290:271:279:293:108:294:284:206:245:283:295:294:296:121:91:190:292:297:273:298:162:299:300:286:524:288:157:295:302:231:303:300:69:283:297:524:271:293:260:219:277:265:304:305:304:261:205:86:306:292:188:308:302:309:291:305:205:237:295:308:287:296:191:310:311:24:198:311:313:309:314:315:142:316:266:250:313:314:317:306:314:92:298:230:299:253:14:303:111:158:318:289:309:257:238:317:320:321:320:113:299:316:317:315:321:318:322:267:60:323:323:323:203:157:324:325:326:251:68:310:327:319:324:328:104:305:325:288:328:329:285:330:322:294:331:331:332:460:332:334:335:336:337:338:334:339:222:339:321:340:335:460:341:340:338:330:329:342:214:229:342:343:335:282:336:188:235:337:72:326:327:344:345:346:347:269:345:341:348:349:349:85:346:350:348:351:351:343:352:241:255:299:342:310:353:344:1:115:354:349:524:23:350:339:189:352:315:355:355:353:279:356:328:335:65:347:357:356:318:358:357:359:354:354:337:83:327:360:199:361:362:363:311:364:365:361:363:359:355:364:366:367:368:332:360:102:264:365:358:366:252:338:370:371:272:206:368:372:438:373:370:374:25:125:297:375:343:376:262:100:263:273:362:371:8:377:378:245:376:375:377:363:373:333:367:368:378:126:372:52:276:376:311:345:379:380:370:284:381:382:225:106:383:344:554:383:262:384:385:381:296:386:362:262:129:207:359:381:379:322:387:319:333:244:258:388:342:389:213:380:329:387:356:389:382:16:390:310:366:388:390:347:176:274:346:391:385:306:392:393:386:58:394:304:371:395:395:367:280:396:396:229:357:392:256:397:397:320:376:54:316:398:399:400:393:156:163:402:400:403:350:365:391:399:404:251:290:394:405:0:406:326:404:375:406:402:361:28:403:369:407:385:341:408:124:336:298:410:411:379:372:281:297:398:408:357:18:291:407:413:178:412:399:118:283:380:218:331:377:348:400:386:414:400:253:414:356:416:415:416:99:417:353:418:373:351:418:106:330:420:350:434:173:421:417:262:307:212:382:452:424:413:275:402:425:420:303:308:425:427:161:112:410:283:406:553:428:429:254:302:429:329:393:421:10:265:430:194:99:387:280:397:352:428:208:431:427:432:228:420:258:430:433:434:241:434:405:431:234:433:468:277:432:383:410:437:384:438:383:384:439:198:440:440:425:417:441:415:442:15:307:499:450:445:437:523:441:450:399:185:321:446:405:447:447:448:427:265:441:447:445:444:389:413:446:449:422:408:216:452:247:407:523:364:434:436:439:453:411:454:454:275:340:453:455:471:179:427:237:495:465:293:422:455:456:442:288:287:449:187:403:459:448:448:416:454:459:421:59:392:444:236:164:429:463:419:464:606:464:465:466:463:409:421:442:390:369:465:466:280:467:227:437:424:468:469:470:415:436:469:471:418:439:203:472:455:103:370:414:353:452:168:429:472:440:281:378:470:473:475:468:186:569:476:456:449:314:478:422:479:358:481:324:304:301:478:483:475:476:479:481:484:494:444:281:201:432:486:388:485:446:471:460:187:301:59:119:398:467:489:483:556:445:490:182:433:489:348:490:491:491:484:569:426:303:454:11:333:369:498:494:56:347:495:209:491:170:44:328:446:497:496:494:456:369:306:226:486:209:496:486:409:396:301:419:164:500:514:487:590:207:488:333:488:459:476:500:377:505:390:471:415:506:554:251:507:507:508:509:506:154:412:505:510:510:131:475:368:481:508:511:512:498:181:509:466:428:513:512:514:105:484:515:515:431:484:470:93:64:339:47:397:504:517:518:512:459:506:53:517:216:504:419:507:499:519:451:520:381:545:12:334:351:485:520:523:490:313:291:518:405:525:217:511:238:525:590:90:467:463:519:528:515:520:307:530:325:531:529:188:373:294:464:473:127:500:144:263:46:487:276:534:529:452:531:479:462:530:523:528:80:516:322:497:355:95:537:485:534:467:537:92:539:522:539:499:541:249:96:541:550:255:521:518:532:542:543:544:598:542:543:522:425:312:521:496:531:545:388:513:490:544:546:141:545:546:547:465:513:539:499:401:549:152:293:29:549:550:302:394:281:404:495:474:436:451:483:581:175:437:549:514:379:472:555:372:555:544:493:319:547:557:401:374:489:558:548:550:582:197:556:272:601:601:560:561:562:560:546:535:564:564:562:557:560:558:561:532:551:565:537:458:510:535:462:464:566:540:600:30:458:239:568:323:390:568:458:569:498:570:204:494:457:572:440:389:474:566:519:572:573:462:565:574:145:501:566:474:478:574:575:493:576:575:577:576:214:469:577:578:448:573:551:395:508:569:576:579:580:580:509:573:581:579:582:420:583:211:473:570:585:430:30:581:453:586:587:561:526:588:582:120:525:589:528:572:341:73:578:556:589:578:511:591:577:592:588:591:593:593:367:565:586:457:592:343:594:66:424:595:584:80:167:595:505:594:585:526:541:204:576:594:601:426:320:598:426:584:586:583:517:599:585:540:600:542:600:601:602:605:479:603:574:602:604:491:543:604:586:530:599:587:605:48:603:555:598:579:557:311:607:49:588:575:523:604:433:607
122,64,584,0,6517,43:1:2:32:2:4:5:6:7:4:8:5:1:9:10:160:10:12:11:312:12:14:9:8:15:16:20:15:18:19:503:19:81:22:48:36:23:18:14:503:24:4:16:6:25:12:38:26:0:28:131:25:29:29:503:492:45:24:26:31:606:7:33:21:28:62:20:492:23:4:34:32:16:34:312:48:36:312:22:0:37:46:31:492:38:23:39:39:606:215:41:7:42:43:2:38:160:41:33:44:160:20:0:21:47:45:606:49:31:58:10:50:49:44:51:77:34:47:52:51:53:54:55:36:53:32:57:28:48:94:93:42:60:49:61:61:62:63:55:64:65:54:52:62:43:64:93:66:67:1:73:67:68:60:37:69:57:65:70:182:69:22:71:8:60:71:72:56:40:68:29:63:19:74:66:74:65:75:37:43:76:75:77:81:45:78:233:76:72:596:61:80:596:11:82:83:84:56:64:596:70:85:86:85:80:81:86:80:73:87:83:63:69:55:88:89:78:90:88:91:67:91:89:14:70:78:81:88:94:21:95:40:82:31:52:44:55:94:87:95:97:192:66:97:72:21:98:50:136:99:100:101:102:103:82:104:25:103:101:105:106:103:73:107:105:104:108:98:109:108:51:109:39:100:27:15:110:71:107:111:112:113:114:54:115:116:102:110:83:116:94:114:36:107:117:118:68:119:77:120:132:112:58:120:115:121:122:122:119:111:42:90:117:123:113:115:99:124:125:126:118:41:47:124:127:126:128:129:130:29:130:131:122:132:125:133:123:117:133:127:18:126:129:128:34:132:109:19:134:97:135:58:134:137:135:138:109:96:139:127:78:140:141:31:142:84:96:137:130:101:141:142:144:145:136:146:129:91:146:139:27:84:119:147:144:138:121:149:150:147:233:95:151:53:151:123:147:120:125:87:152:153:41:153:145:152:149:100:149:39:154:155:150:50:157:107:156:133:155:128:136:158:154:157:75:158:93:159:142:46:143:146:161:162:163:59:162:161:59:37:143:166:150:140:159:112:167:153:168:169:165:124:169:168:170:89:6:84:131:56:171:172:172:137:156:89:167:171:173:170:174:173:175:174:165:159:176:166:140:536:175:164:11:176:178:536:503:179:180:180:181:181:182:158:183:26:134:184:179:175:185:116:186:186:180:95:187:173:185:184:17:220:139:187:189:190:191:150:24:113:192:90:191:179:193:191:134:105:194:110:138:189:183:67:186:195:194:196:197:190:27:132:197:198:195:199:143:74:184:106:536:155:196:200:193:152:192:181:144:57:183:201:141:138:202:200:51:203:391:199:189:205:205:104:206:46:207:207:208:201:168:203:198:171:209:210:6:211:2:111:172:208:211:200:209:164:212:202:213:194:212:214:214:17:193:167:210:206:170:114:201:137:135:168:20:147:122:161:188:169:213:216:217:217:85:153:55:218:219:220:151:146:92:22:221:220:219:221:165:195:222:223:224:223:224:221:163:222:215:174:17:182:184:225:226:227:218:228:229:228:226:155:218:210:230:123:225:136:231:50:74:224:554:231:212:230:197:102:45:77:98:234:234:235:234:236:221:237:238:154:88:236:199:239:118:208:240:237:554:241:240:241:242:308:239:235:233:27:223:219:5:243:133:243:215:230:242:76:108:227:244:226:245:244:246:222:228:247:248:246:145:235:249:250:247:33:249:252:135:225:253:239:248:229:40:250:252:110:249:209:166:97:176:86:231:240:242:254:255:245:256:257:255:258:185:259:256:254:258:257:260:32:261:360:162:263:264:178:265:259:213:263:261:238:266:259:267:211:254:260:248:265:268:252:268:269:270:264:271:272:243:9:57:193:196:273:269:26:267:227:274:275:276:277:276:275:278:279:272:270:273:274:280:163:282:86:71:38:277:268:284:278:285:239:282:116:286:246:247:149:287:274:286:284:270:278:220:267:266:202:384:289:411:290:260:180:92:300:285:169:292:289:290:271:279:293:108:294:284:206:245:283:295:294:296:121:91:190:292:297:273:298:162:299:300:286:524:288:157:295:302:231:303:300:69:283:297:524:271:293:260:219:277:265:304:305:304:261:205:86:306:292:188:308:302:309:291:305:205:237:295:308:287:296:191:310:311:24:198:311:313:309:314:315:142:316:266:250:313:314:317:306:314:92:298:230:299:253:14:303:111:158:318:289:309:257:238:317:320:321:320:113:299:316:317:315:321:318:322:267:60:323:323:323:203:157:324:325:326:251:68:310:327:319:324:328:104:305:325:288:328:329:285:330:322:294:331:331:332:460:332:334:335:336:337:338:334:339:222:339:321:340:335:460:341:340:338:330:329:342:214:229:342:343:335:282:336:188:235:337:72:326:327:344:345:346:347:269:345:341:348:349:349:85:346:350:348:351:351:343:352:241:255:299:342:310:353:344:1:115:354:349:524:23:350:339:189:352:315:355:355:353:279:356:328:335:65:347:357:356:318:358:357:359:354:354:337:83:327:360:199:361:362:363:311:364:365:361:363:359:355:364:366:367:368:332:360:102:264:365:358:366:252:338:370:371:272:206:368:372:438:373:370:374:25:125:297:375:343:376:262:100:263:273:362:371:8:377:378:245:376:375:377:363:373:333:367:368:378:126:372:52:276:376:311:345:379:380:370:284:381:382:225:106:383:344:554:383:262:384:385:381:296:386:362:262:129:207:359:381:379:322:387:319:333:244:258:388:342:389:213:380:329:387:356:389:382:16:390:310:366:388:390:347:176:274:346:391:385:306:392:393:386:58:394:304:371:395:395:367:280:396:396:229:357:392:256:397:397:320:376:54:316:398:399:400:393:156:163:402:400:403:350:365:391:399:404:251:290:394:405:0:406:326:404:375:406:402:361:28:403:369:407:385:341:408:124:336:298:410:411:379:372:281:297:398:408:357:18:291:407:413:178:412:399:118:283:380:218:331:377:348:400:386:414:400:253:414:356:416:415:416:99:417:353:418:373:351:418:106:330:420:350:434:173:421:417:262:307:212:382:452:424:553:275:402:425:420:303:308:425:427:161:112:410:283:406:553:428:429:254:302:429:329:393:421:10:265:430:194:99:387:280:397:352:428:208:431:427:432:228:420:258:430:433:434:241:434:405:431:234:433:468:277:432:383:410:437:384:438:383:384:439:198:440:440:425:417:441:415:442:15:307:499:450:445:437:523:441:450:399:185:321:446:405:447:447:448:427:265:441:447:445:444:389:413:446:449:422:408:216:452:247:407:523:364:434:436:439:453:411:454:454:275:340:453:455:471:179:427:237:495:465:293:422:455:456:442:288:287:449:187:403:459:448:448:416:454:459:421:59:392:444:236:164:429:463:419:464:606:464:465:466:463:409:421:442:390:369:465:466:280:467:227:437:424:468:469:470:415:436:469:471:418:439:203:472:455:103:370:414:353:452:168:429:472:440:281:378:470:473:475:468:186:569:476:456:449:314:478:422:479:358:481:324:304:301:478:483:475:476:479:481:484:494:444:281:201:432:486:388:485:446:471:460:187:301:59:119:398:467:489:483:556:445:490:182:433:489:348:490:491:491:484:569:426:303:454:11:333:369:498:494:56:347:495:209:491:170:44:328:446:497:496:494:456:369:306:226:486:209:496:486:409:396:301:419:164:500:514:487:590:207:488:333:488:459:476:500:377:505:390:471:415:506:554:251:507:507:508:509:506:154:412:505:510:510:131:475:368:481:508:511:512:498:181:509:466:428:513:512:514:105:484:515:515:431:484:470:93:64:339:47:397:504:517:518:512:459:506:53:517:216:504:419:507:499:519:451:520:381:545:12:334:351:485:520:523:490:313:291:518:405:525:217:511:238:525:590:90:467:463:519:413:515:520:307:530:325:531:529:188:373:294:464:473:127:500:144:263:46:487:276:534:529:452:531:479:462:530:523:528:80:516:322:497:355:95:537:485:534:467:537:92:539:522:539:499:541:249:96:541:550:255:521:518:532:542:543:544:598:542:543:522:425:312:521:496:531:545:388:513:490:544:546:141:545:546:547:465:513:539:499:401:549:152:293:29:549:550:302:394:281:404:495:474:436:451:483:581:175:437:549:514:379:472:555:372:555:544:493:319:547:557:401:374:489:558:548:550:582:197:556:272:601:601:560:561:562:560:546:535:564:564:562:557:560:558:561:532:551:565:537:458:510:535:462:464:566:540:600:30:458:239:568:323:390:568:458:569:498:570:204:494:457:572:440:389:474:566:519:572:573:462:565:574:145:501:566:474:478:574:575:493:576:575:577:576:214:469:577:578:448:573:551:395:508:569:576:579:580:580:509:573:581:579:582:420:583:211:473:570:585:430:30:581:453:586:587:561:526:588:582:120:525:589:528:572:341:73:578:556:589:578:511:591:577:592:588:591:593:593:367:565:586:457:592:343:594:66:424:595:584:80:167:595:505:594:585:526:541:204:576:594:601:426:320:598:426:584:586:583:517:599:585:540:600:542:600:601:602:605:479:603:574:602:604:491:543:604:586:530:599:587:605:48:603:555:598:579:557:311:607:49:588:575:523:604:433:607
123,64,583,0,6516,43:1:2:32:2:4:5:6:7:4:8:5:1:9:10:160:10:12:11:312:12:14:9:8:15:16:20:15:18:19:503:19:81:22:48:36:23:18:14:503:24:4:16:6:25:12:38:26:0:28:131:25:29:29:503:492:45:24:26:31:606:7:33:21:28:62:20:492:23:4:34:32:16:34:312:48:36:312:22:0:37:46:31:492:38:23:39:39:606:215:41:7:42:43:2:38:160:41:33:44:160:20:0:21:47:45:606:49:31:58:10:50:49:44:51:77:34:47:52:51:53:54:55:36:53:32:57:28:48:94:93:42:60:49:61:61:62:63:55:64:65:54:52:62:43:64:93:66:67:1:73:67:68:60:37:69:57:65:70:182:69:22:71:8:60:71:72:56:40:68:29:63:19:74:66:74:65:75:37:43:76:75:77:81:45:78:233:76:72:596:61:80:596:11:82:83:84:56:64:596:70:85:86:85:80:81:86:80:73:87:83:63:69:55:88:89:78:90:88:91:67:91:89:14:70:78:81:88:94:21:95:40:82:31:52:44:55:94:87:95:97:192:66:97:72:21:98:50:136:99:100:101:102:103:82:104:25:103:101:105:106:103:73:107:105:104:108:98:109:108:51:109:39:100:27:15:110:71:107:111:112:113:114:54:115:116:102:110:83:116:94:114:36:107:117:118:68:119:77:120:132:112:58:120:115:121:122:122:119:111:42:90:117:123:113:115:99:124:125:126:118:41:47:124:127:126:128:129:130:29:130:131:122:132:125:133:123:117:133:127:18:126:129:128:34:132:109:19:134:97:135:58:134:137:135:138:109:96:139:127:78:140:141:31:142:84:96:137:130:101:141:142:144:145:136:146:129:91:146:139:27:84:119:147:144:138:121:149:150:147:233:95:151:53:151:123:147:120:125:87:152:153:41:153:145:152:149:100:149:39:154:155:150:50:157:107:156:133:155:128:136:158:154:157:75:158:93:159:142:46:143:146:161:162:163:59:162:161:59:37:143:166:150:140:159:112:167:153:168:169:165:124:169:168:170:89:6:84:131:56:171:172:172:137:156:89:167:171:173:170:174:173:175:174:165:159:176:166:140:536:175:164:11:176:178:536:503:179:180:180:181:181:182:158:183:26:134:184:179:175:185:116:186:186:180:95:187:173:185:184:17:220:139:187:189:190:191:150:24:113:192:90:191:179:193:191:134:105:194:110:138:189:183:67:186:195:194:196:197:190:27:132:197:198:195:199:143:74:184:106:536:155:196:200:193:152:192:181:144:57:183:201:141:138:202:200:51:203:391:199:189:205:205:104:206:46:207:207:208:201:168:203:198:171:209:210:6:211:2:111:172:208:211:200:209:164:212:202:213:194:212:214:214:17:193:167:210:206:170:114:201:137:135:168:20:147:122:161:188:169:213:216:217:217:85:153:55:218:219:220:151:146:92:22:221:220:219:221:165:195:222:223:224:223:224:221:163:222:215:174:17:182:184:225:226:227:218:228:229:228:226:155:218:210:230:123:225:136:231:50:74:224:554:231:212:230:197:102:45:77:98:234:234:235:234:236:221:237:238:154:88:236:199:239:118:208:240:237:554:241:240:241:242:308:239:235:233:27:223:219:5:243:133:243:215:230:242:76:108:227:244:226:245:244:246:222:228:247:248:246:145:235:249:250:247:33:249:252:135:225:253:239:248:229:40:250:252:110:249:209:166:97:176:86:231:240:242:254:255:245:256:257:255:258:185:259:256:254:258:257:260:32:261:360:162:263:264:178:265:259:213:263:261:238:266:259:267:211:254:260:248:265:268:252:268:269:270:264:271:272:243:9:57:193:196:273:269:26:267:227:274:275:276:277:276:275:278:279:272:270:273:274:280:163:282:86:71:38:277:268:284:278:285:239:282:116:286:246:247:149:287:274:286:284:270:278:220:267:266:202:384:289:411:290:260:180:92:300:285:169:292:289:290:271:279:293:108:294:284:206:245:283:295:294:296:121:91:190:292:297:273:298:162:299:300:286:524:288:157:295:302:231:303:300:69:283:297:524:271:293:260:219:277:265:304:305:304:261:205:86:306:292:188:308:302:309:291:305:205:237:295:308:287:296:191:310:311:24:198:311:313:309:314:315:142:316:266:250:313:314:317:306:314:92:298:230:299:253:14:303:111:158:318:289:309:257:238:317:320:321:320:113:299:316:317:315:321:318:322:267:60:323:323:323:203:157:324:325:326:251:68:310:327:319:324:328:104:305:325:288:328:329:285:330:322:294:331:331:332:460:332:334:335:336:337:338:334:339:222:339:321:340:335:460:341:340:338:330:329:342:214:229:342:343:335:282:336:188:235:337:72:326:327:344:345:346:347:269:345:341:348:349:349:85:346:350:348:351:351:343:352:241:255:299:342:310:353:344:1:115:354:349:524:23:350:339:189:352:315:355:355:353:279:356:328:335:65:347:357:356:318:358:357:359:354:354:337:83:327:360:199:361:362:363:311:364:365:361:363:359:355:364:366:367:368:332:360:102:264:365:358:366:252:338:370:371:272:206:368:372:438:373:370:374:25:125:297:375:343:376:262:100:263:273:362:371:8:377:378:245:376:375:377:363:373:333:367:368:378:126:372:52:276:376:311:345:379:380:370:284:381:382:225:106:383:344:554:383:262:384:385:381:296:386:362:262:129:207:359:381:379:322:387:319:333:244:258:388:342:389:213:380:329:387:356:389:382:16:390:310:366:388:390:347:176:274:346:391:385:306:392:393:386:58:394:304:371:395:395:367:280:396:396:229:357:392:256:397:397:320:376:54:316:398:399:400:393:156:163:402:400:403:350:365:391:399:404:251:290:394:405:0:406:326:404:375:406:402:361:28:403:369:407:385:341:408:124:336:298:410:411:379:372:281:297:398:408:357:18:291:407:413:178:412:399:118:283:380:218:331:377:348:400:386:414:400:253:414:356:416:415:416:99:417:353:418:373:351:418:106:330:420:350:434:173:421:417:262:307:212:382:452:424:553:275:402:425:420:303:308:425:427:161:112:410:283:406:553:428:429:254:302:429:329:393:421:10:265:430:194:99:387:280:397:352:428:208:431:427:432:228:420:258:430:433:434:241:434:405:431:234:433:468:277:432:383:410:437:384:438:383:384:439:198:440:440:425:417:441:415:442:15:307:499:450:445:437:523:441:450:399:185:321:446:405:447:447:448:427:265:441:447:445:444:389:413:446:449:422:408:216:452:247:407:523:364:434:436:439:453:411:454:454:275:340:453:455:471:179:427:237:495:465:293:422:455:456:442:288:287:449:187:403:459:448:448:416:454:459:421:59:392:444:236:164:429:463:419:464:606:464:465:466:463:409:421:442:390:369:465:466:280:467:227:437:424:468:469:470:415:436:469:471:418:439:203:472:455:103:370:414:353:452:168:429:472:440:281:378:470:473:475:468:186:569:476:456:449:314:478:422:479:358:481:324:304:301:478:483:475:476:479:481:484:494:444:281:201:432:486:388:485:446:471:460:187:301:59:119:398:467:489:483:556:445:490:182:433:489:348:490:491:491:484:569:426:303:454:11:333:369:498:494:56:347:495:209:491:170:44:328:446:497:496:494:456:369:306:226:486:209:496:486:409:396:301:419:164:500:514:487:590:207:488:333:488:459:476:500:377:505:390:471:415:562:554:251:507:507:508:509:581:154:412:505:510:510:131:475:368:481:508:511:512:498:181:509:466:428:513:512:514:105:484:515:515:431:484:470:93:64:339:47:397:504:517:518:512:459:497:53:517:216:504:419:507:499:519:451:520:381:545:12:334:351:485:520:523:490:313:291:518:405:525:217:511:238:525:590:90:467:463:519:413:515:520:307:530:325:531:529:188:373:294:464:473:127:500:144:263:46:487:276:534:529:452:531:479:462:530:523:528:80:516:322:497:355:95:537:485:534:467:537:92:539:522:539:499:541:249:96:541:550:255:521:518:532:542:543:544:598:542:543:522:425:312:521:496:531:545:388:513:490:544:546:141:545:546:547:465:513:539:499:401:549:152:293:29:549:550:302:394:281:404:495:474:436:451:483:581:175:437:549:514:379:472:555:372:555:544:493:319:547:557:401:374:489:558:548:550:582:197:556:272:601:601:560:561:562:560:546:535:564:564:562:557:560:558:561:532:551:565:537:458:510:535:462:464:566:540:600:30:458:239:568:323:390:568:458:569:498:570:204:494:457:572:440:389:474:566:519:572:573:462:565:574:145:501:566:474:478:574:575:493:576:575:577:576:214:469:577:578:448:573:551:395:508:569:576:579:580:580:509:573:516:579:582:420:583:211:473:570:585:430:30:488:453:586:587:561:526:588:582:120:525:589:528:572:341:73:578:556:589:578:511:591:577:592:588:591:593:593:367:565:586:457:592:343:594:66:424:595:584:80:167:595:505:594:585:526:541:204:576:594:601:426:320:598:426:584:586:583:517:599:585:540:600:542:600:601:602:605:479:603:574:602:604:491:543:604:586:530:599:587:605:48:603:555:598:579:557:311:607:49:588:575:523:604:433:607
124,64,583,0,6513,43:1:2:32:2:4:5:6:7:4:8:5:1:9:10:160:10:12:11:312:12:14:9:8:15:16:20:15:18:19:503:19:81:22:48:36:23:18:14:503:24:4:16:6:25:12:38:26:0:28:131:25:29:29:503:492:45:24:26:31:606:7:33:21:28:62:20:492:23:4:34:32:16:34:312:48:36:312:22:0:37:46:31:492:38:23:39:39:606:215:41:7:42:43:2:38:160:41:33:44:160:20:0:21:47:45:606:49:31:58:10:50:49:44:51:77:34:47:52:51:53:54:55:36:53:32:57:28:48:94:93:42:60:49:61:61:62:63:55:64:65:54:52:62:43:64:93:66:67:1:73:67:68:60:37:69:57:65:70:182:69:22:71:8:60:71:72:56:40:68:29:63:19:74:66:74:65:75:37:43:76:75:77:81:45:78:233:76:72:596:61:80:596:11:82:83:84:56:64:596:70:85:86:85:80:81:86:80:73:87:83:63:69:55:88:89:78:90:88:91:67:91:89:14:70:78:81:88:94:21:95:40:82:31:52:44:55:94:87:95:97:192:66:97:72:21:98:50:136:99:100:101:102:103:82:104:25:103:101:105:106:103:73:107:105:104:108:98:109:108:51:109:39:100:27:15:110:71:107:111:112:113:114:54:115:116:102:110:83:116:94:114:36:107:117:118:68:119:77:120:132:112:58:120:115:121:122:122:119:111:42:90:117:123:113:115:99:124:125:126:118:41:47:124:127:126:128:129:130:29:130:131:122:132:125:133:123:117:133:127:18:126:129:128:34:132:109:19:134:97:135:58:134:137:135:138:109:96:139:127:78:140:141:31:142:84:96:137:130:101:141:142:144:145:136:146:129:91:146:139:27:84:119:147:144:138:121:149:150:147:233:95:151:53:151:123:147:120:125:87:152:153:41:153:145:152:149:100:149:39:154:155:150:50:157:107:156:133:155:128:136:158:154:157:75:158:93:159:142:46:143:146:161:162:163:59:162:161:59:37:143:166:150:140:159:112:167:153:168:169:165:124:169:168:170:89:6:84:131:56:171:172:172:137:156:89:167:171:173:170:174:173:175:174:165:159:176:166:140:536:175:164:11:176:178:536:503:179:180:180:181:181:182:158:183:26:134:184:179:175:185:116:186:186:180:95:187:173:185:184:17:220:139:187:189:190:191:150:24:113:192:90:191:179:193:191:134:105:194:110:138:189:183:67:186:195:194:196:197:190:27:132:197:198:195:199:143:74:184:106:536:155:196:200:193:152:192:181:144:57:183:201:141:138:202:200:51:203:391:199:189:205:205:104:206:46:207:207:208:201:168:203:198:171:209:210:6:211:2:111:172:208:211:200:209:164:212:202:213:194:212:214:214:17:193:167:210:206:170:114:201:137:135:168:20:147:122:161:188:169:213:216:217:217:85:153:55:218:219:220:151:146:92:22:221:220:219:221:165:195:222:223:224:223:224:221:163:222:215:174:17:182:184:225:226:227:218:228:229:228:226:155:218:210:230:123:225:136:231:50:74:224:554:231:212:230:197:102:45:77:98:234:234:235:234:236:221:237:238:154:88:236:199:239:118:208:240:237:554:241:240:241:242:308:239:235:233:27:223:219:5:243:133:243:215:230:242:76:108:227:244:226:245:244:246:222:228:247:248:246:145:235:249:250:247:33:249:252:135:225:253:239:248:229:40:250:252:110:249:209:166:97:176:86:231:240:242:254:255:245:256:257:255:258:185:259:256:254:258:257:260:32:261:360:162:263:264:178:265:259:213:263:261:238:266:259:267:211:254:260:248:265:268:252:268:269:270:264:271:272:243:9:57:193:196:273:269:26:267:227:274:275:276:277:276:275:278:279:272:270:273:274:280:163:282:86:71:38:277:268:284:278:285:239:282:116:286:246:247:149:287:274:286:284:270:278:220:267:266:202:384:289:411:290:260:180:92:300:285:169:292:289:290:271:279:293:108:294:284:206:245:283:295:294:296:121:91:190:292:297:273:298:162:299:300:286:524:288:157:295:302:231:303:300:69:283:297:524:271:293:260:219:277:265:304:305:304:261:205:86:306:292:188:308:302:309:291:305:205:237:295:308:287:296:191:310:311:24:198:311:313:309:314:315:142:316:266:250:313:314:317:306:314:92:298:230:299:253:14:303:111:158:318:289:309:257:238:317:320:321:320:113:299:316:317:315:321:318:322:267:60:323:323:323:203:157:324:325:326:251:68:310:327:319:324:328:104:305:325:288:328:329:285:330:322:294:331:331:332:460:332:334:335:336:337:338:334:339:222:339:321:340:335:460:341:340:338:330:329:342:214:229:342:343:335:282:336:188:235:337:72:326:327:344:345:346:347:269:345:341:348:349:349:85:346:350:348:351:351:343:352:241:255:299:342:310:353:344:1:115:354:349:524:23:350:339:189:352:315:355:355:353:279:356:328:335:65:347:357:356:318:358:357:359:354:354:337:83:327:360:199:361:362:363:311:364:365:361:363:359:355:364:366:367:368:332:360:102:264:365:358:366:252:338:370:371:272:206:368:372:438:373:370:374:25:125:297:375:343:376:262:100:263:273:362:371:8:377:378:245:376:375:377:363:373:333:367:368:378:126:372:52:276:376:311:345:379:380:370:284:381:382:225:106:383:344:554:383:262:384:385:381:296:386:362:262:129:207:359:381:379:322:387:319:333:244:258:388:342:389:213:380:329:387:356:389:382:16:390:310:366:388:390:347:176:274:346:391:385:306:392:393:386:58:394:304:371:395:395:367:280:396:396:229:357:392:256:397:397:320:376:54:316:398:399:400:393:156:163:402:400:403:350:365:391:399:404:251:290:394:405:0:406:326:404:375:406:402:361:28:403:369:407:385:341:408:124:336:298:410:411:379:372:281:297:398:408:357:18:291:407:413:178:412:399:118:283:380:218:331:377:348:400:386:414:400:253:414:356:416:415:416:99:417:353:418:373:351:418:106:330:420:350:434:173:421:417:262:307:212:382:452:424:553:275:402:425:420:303:308:425:427:161:112:410:283:406:553:325:429:254:302:429:329:393:421:10:265:430:194:99:387:280:397:352:285:208:431:427:432:228:420:258:430:433:434:241:434:405:431:234:433:468:277:432:383:410:437:384:438:383:384:439:198:440:440:425:417:441:415:442:15:307:499:450:445:437:523:441:450:399:185:321:446:405:447:447:448:427:265:441:447:445:444:389:413:446:449:422:408:216:452:247:407:523:364:434:436:439:453:411:454:454:275:340:453:455:471:179:427:237:495:465:293:422:455:456:442:288:287:449:187:403:459:448:448:416:454:459:421:59:392:444:236:164:429:463:419:464:606:464:465:466:463:409:421:442:390:369:465:466:280:467:227:437:424:468:469:470:415:436:469:471:418:439:203:472:455:103:370:414:353:452:168:429:472:440:281:378:470:473:475:468:186:569:476:456:449:314:478:422:479:358:481:324:304:301:478:483:475:476:479:481:484:494:444:281:201:432:486:388:485:446:471:460:187:301:59:119:398:467:489:483:556:445:490:182:433:489:348:490:491:491:484:569:426:303:454:11:333:369:498:494:56:347:495:209:491:170:44:328:446:497:496:494:456:369:306:226:486:209:496:486:409:396:301:419:164:500:514:487:590:207:488:333:488:459:476:500:377:505:390:471:415:562:554:251:507:507:508:509:581:154:412:505:510:510:131:475:368:481:508:511:512:498:181:509:466:428:513:512:514:105:484:515:515:431:484:470:93:64:339:47:397:504:517:518:512:459:497:53:517:216:504:419:507:499:519:451:520:381:545:12:334:351:485:520:523:490:313:291:518:405:525:217:511:238:525:590:90:467:463:519:413:515:520:307:530:319:531:529:188:373:294:464:473:127:500:144:263:46:487:276:534:529:452:531:479:462:530:523:528:80:516:322:497:355:95:537:485:534:467:537:92:539:522:539:499:541:249:96:541:550:255:521:518:532:542:543:544:598:542:543:522:425:312:521:496:531:545:388:513:490:544:546:141:545:546:547:465:513:539:499:401:549:152:293:29:549:550:302:394:281:404:495:474:436:451:483:581:175:437:549:514:379:472:555:372:555:544:493:319:547:557:401:374:489:558:548:550:582:197:556:272:601:601:560:561:562:560:546:535:564:564:562:557:560:558:561:532:551:565:537:458:510:535:462:464:566:540:600:30:458:239:568:323:390:568:458:569:498:570:204:494:457:572:440:389:474:566:519:572:573:462:565:574:145:501:566:474:478:574:575:493:576:575:577:576:214:469:577:578:448:573:551:395:508:569:576:579:580:580:509:573:516:579:582:420:583:211:473:570:585:430:30:488:453:586:587:561:526:588:582:120:525:589:528:572:341:73:578:556:589:578:511:591:577:592:588:591:593:593:367:565:586:457:592:343:594:66:424:595:584:80:167:595:505:594:585:526:541:204:576:594:601:426:320:598:426:584:586:583:517:599:585:540:600:542:600:601:602:605:479:603:574:602:604:491:543:604:586:530:599:587:605:48:603:555:598:579:557:311:607:49:588:575:523:604:433:607
126,66,583,0,6512,43:1:2:32:2:4:5:6:7:4:8:5:1:9:10:160:10:12:11:312:12:14:9:8:15:16:20:15:18:19:503:19:81:22:48:36:23:18:14:503:24:4:16:6:25:12:38:26:0:28:131:25:29:29:503:492:45:24:26:31:606:7:33:21:28:62:20:492:23:4:34:32:16:34:312:48:36:312:22:0:37:46:31:492:38:23:39:39:606:215:41:7:42:43:2:38:160:41:33:44:160:20:0:21:47:45:606:49:31:58:10:50:49:44:51:77:34:47:52:51:53:54:55:36:53:32:57:28:48:94:93:42:60:49:61:61:62:63:55:64:65:54:52:62:43:64:93:66:67:1:73:67:68:60:37:69:57:65:70:182:69:22:71:8:60:71:72:56:40:68:29:63:19:74:66:74:65:75:37:43:76:75:77:81:45:78:233:76:72:596:61:80:596:11:82:83:84:56:64:596:70:85:86:85:80:81:86:80:73:87:83:63:69:55:88:89:78:90:88:91:67:91:89:14:70:78:81:88:94:21:95:40:82:31:52:44:55:94:87:95:97:192:66:97:72:21:98:50:136:99:100:101:102:103:82:104:25:103:101:105:106:103:73:107:105:104:108:98:109:108:51:109:39:100:27:15:110:71:107:111:112:113:114:54:115:116:102:110:83:116:94:114:36:107:117:118:68:119:77:120:132:112:58:120:115:121:122:122:119:111:42:90:117:123:113:115:99:124:125:126:118:41:47:124:127:126:128:129:130:29:130:131:122:132:125:133:123:117:133:127:18:126:129:128:34:132:109:19:134:97:135:58:134:137:135:138:109:96:139:127:78:140:141:31:142:84:96:137:130:101:141:142:144:145:136:146:129:91:146:139:27:84:119:147:144:138:121:149:150:147:233:95:151:53:151:123:147:120:125:87:152:153:41:153:145:152:149:100:149:39:154:155:150:50:157:107:156:133:155:128:136:158:154:157:75:158:93:159:142:46:143:146:161:162:163:59:162:161:59:37:143:166:150:140:159:112:167:153:168:169:165:124:169:168:170:89:6:84:131:56:171:172:172:137:156:89:167:171:173:170:174:173:175:174:165:159:176:166:140:536:175:164:11:176:178:536:503:179:180:180:181:181:182:158:183:26:134:184:179:175:185:116:186:186:180:95:187:173:185:184:17:220:139:187:189:190:191:150:24:113:192:90:191:179:193:191:134:105:194:110:138:189:183:67:186:195:194:196:197:190:27:132:197:198:195:199:143:74:184:106:536:155:196:200:193:152:192:181:144:57:183:201:141:138:202:200:51:203:391:199:189:205:205:104:206:46:207:207:208:201:168:203:198:171:209:210:6:211:2:111:172:208:211:200:209:164:212:202:213:194:212:214:214:17:193:167:210:206:170:114:201:137:135:168:20:147:122:161:188:169:213:216:217:217:85:153:55:218:219:220:151:146:92:22:221:220:219:221:165:195:222:223:224:223:224:221:163:222:215:174:17:182:184:225:226:227:218:228:229:228:226:155:218:210:230:123:225:136:231:50:74:224:554:231:212:230:197:102:45:77:98:234:234:235:234:236:221:237:238:154:88:236:199:239:118:208:240:237:554:241:240:241:242:308:239:235:233:27:223:219:5:243:133:243:215:230:242:76:108:227:244:226:245:244:246:222:228:247:248:246:145:235:249:250:247:33:249:252:135:225:253:239:248:229:40:250:252:110:249:209:166:97:176:86:231:240:242:254:255:245:256:257:255:258:185:259:256:254:258:257:260:32:261:360:162:263:264:178:265:259:213:263:261:238:266:259:267:211:254:260:248:265:268:252:268:269:270:264:271:272:243:9:57:193:196:273:269:26:267:227:274:275:276:277:276:275:278:279:272:270:273:274:280:163:282:86:71:38:277:268:284:278:285:239:282:116:286:246:247:149:287:274:286:284:270:278:220:267:266:202:384:289:411:290:260:180:92:300:285:169:292:289:290:271:279:293:108:294:284:206:245:283:295:294:296:121:91:190:292:297:273:298:162:299:300:286:524:288:157:295:302:231:303:300:69:283:297:524:271:293:260:219:277:265:304:305:304:261:205:86:306:292:188:308:302:309:291:305:205:237:295:308:287:296:191:310:311:24:198:311:313:309:314:315:142:316:266:250:313:314:317:306:314:92:298:230:299:253:14:303:111:158:318:289:309:257:238:317:320:321:320:113:299:316:317:315:321:318:322:267:60:323:323:323:203:157:324:325:326:251:68:310:327:319:324:328:104:305:325:288:328:329:285:330:322:294:331:331:332:460:332:334:335:336:337:338:334:339:222:339:321:340:335:460:341:340:338:330:329:342:214:229:342:343:335:282:336:188:235:337:72:326:327:344:345:346:347:269:345:341:348:349:349:85:346:350:348:351:351:343:352:241:255:299:342:310:353:344:1:115:354:349:524:23:350:339:189:352:315:355:355:353:279:356:328:335:65:347:357:356:318:358:357:359:354:354:337:83:327:360:199:361:362:363:311:364:365:361:363:359:355:364:366:367:368:332:360:102:264:365:358:366:252:338:370:371:272:206:368:372:438:373:370:374:25:125:297:375:343:376:262:100:263:273:362:371:8:377:378:245:376:375:377:363:373:333:367:368:378:126:372:52:276:376:311:345:379:380:370:284:381:382:225:106:383:344:554:383:262:384:385:381:296:386:362:262:129:207:359:381:379:322:387:319:333:244:258:388:342:389:213:380:329:387:356:389:382:16:390:310:366:388:390:347:176:274:346:391:385:306:392:393:386:58:394:304:371:395:395:367:280:396:396:229:357:392:256:397:397:320:376:54:316:398:399:400:393:156:163:402:400:403:350:365:391:399:404:251:290:394:405:0:406:326:404:375:406:402:361:28:403:369:407:385:341:408:124:336:298:410:411:379:372:281:297:398:408:357:18:291:407:413:178:412:399:118:283:380:218:331:377:348:400:386:414:400:253:414:356:416:415:416:99:417:353:418:373:351:418:106:330:420:350:434:173:421:417:262:307:212:382:452:424:553:275:402:425:420:303:308:425:427:161:112:410:283:406:553:325:429:254:302:429:329:393:421:10:265:430:194:99:387:280:397:352:285:208:431:427:432:228:420:258:430:433:434:241:434:405:431:234:433:468:277:432:383:410:437:384:438:383:384:439:198:440:440:425:417:441:415:442:15:307:499:450:445:437:523:441:450:399:185:321:446:405:447:447:448:427:265:441:447:445:444:389:413:446:449:422:408:216:452:247:407:523:364:434:436:439:453:411:454:454:275:340:453:455:471:179:427:237:495:465:293:422:455:456:442:288:287:449:187:403:459:448:448:416:454:459:421:59:392:444:236:164:429:463:419:464:606:464:465:466:463:409:421:442:390:369:465:466:280:467:227:437:424:468:469:470:415:436:469:471:418:439:203:472:455:103:370:414:353:452:168:429:472:440:281:378:470:473:475:468:186:569:476:456:449:314:478:422:479:358:481:324:304:301:478:483:475:476:479:481:484:494:444:281:201:432:486:388:485:446:471:460:187:301:59:119:398:467:489:483:556:445:490:182:433:489:348:490:491:491:484:569:426:303:454:11:333:369:498:494:56:347:495:209:491:170:44:328:446:497:496:494:456:369:306:226:486:209:496:486:409:396:301:419:164:500:514:487:590:207:488:333:488:459:476:500:377:505:390:471:415:562:554:251:507:507:508:509:581:154:412:505:510:510:131:475:368:481:508:511:512:498:181:509:466:428:513:512:514:105:484:515:515:431:484:470:93:64:339:47:397:504:517:518:512:459:497:53:517:216:504:419:507:499:519:451:520:381:545:12:334:351:485:520:523:490:313:291:518:405:525:217:511:238:525:590:90:467:463:519:413:515:520:307:530:319:531:529:188:373:294:464:473:127:428:144:263:46:487:276:534:529:452:531:479:462:530:523:528:80:516:322:497:355:95:537:485:534:467:537:92:539:522:539:499:541:249:96:541:550:255:521:518:532:542:543:544:598:542:543:522:425:312:521:496:531:545:388:513:490:544:546:141:545:546:547:465:513:539:499:401:549:152:293:29:549:550:302:394:281:404:495:474:436:451:483:581:175:437:549:514:379:472:555:372:555:544:493:319:547:557:401:374:489:558:548:550:582:197:556:272:601:601:560:561:562:560:546:535:564:564:562:557:560:558:561:532:551:565:537:458:510:535:462:464:566:540:600:30:458:239:568:323:390:568:458:569:498:570:204:494:457:409:440:389:474:566:519:500:573:462:565:574:145:501:566:474:478:574:575:493:576:575:577:576:214:469:577:578:448:573:551:395:508:569:576:579:580:580:509:573:516:579:582:420:583:211:473:570:585:430:30:488:453:586:587:561:526:588:582:120:525:589:528:572:341:73:578:556:589:578:511:591:577:592:588:591:593:593:367:565:586:457:592:343:594:66:424:595:584:80:167:595:505:594:585:526:541:204:576:594:601:426:320:598:426:584:586:583:517:599:585:540:600:542:600:601:602:605:479:603:574:602:604:491:543:604:586:530:599:587:605:48:603:555:598:579:557:311:607:49:588:575:523:604:433:607
127,66,583,0,6509,43:1:2:32:2:4:5:6:7:4:8:5:1:9:10:160:10:12:11:312:12:14:9:8:15:16:20:15:18:19:503:19:81:22:48:36:23:18:14:503:24:4:16:6:25:12:38:26:0:28:131:25:29:29:503:492:45:24:26:31:606:7:33:21:28:62:20:492:23:4:34:32:16:34:312:48:36:312:22:0:37:46:31:492:38:23:39:39:606:215:41:7:42:43:2:38:160:41:33:44:160:20:0:21:47:45:606:49:31:58:10:50:49:44:51:77:34:47:52:51:53:54:55:36:53:32:57:28:48:94:93:42:60:49:61:61:62:63:55:64:65:54:52:62:43:64:93:66:67:1:73:67:68:60:37:69:57:65:70:182:69:22:71:8:60:71:72:56:40:68:29:63:19:74:66:74:65:75:37:43:76:75:77:81:45:78:233:76:72:596:61:80:596:11:82:83:84:56:64:596:70:85:86:85:80:81:86:80:73:87:83:63:69:55:88:89:78:90:88:91:67:91:89:14:70:78:81:88:94:21:95:40:82:31:52:44:55:94:87:95:97:192:66:97:72:21:98:50:136:99:100:101:102:103:82:104:25:103:101:105:106:103:73:107:105:104:108:98:109:108:51:109:39:100:27:15:110:71:107:111:112:113:114:54:115:116:102:110:83:116:94:114:36:107:117:118:68:119:77:120:132:112:58:120:115:121:122:122:119:111:42:90:117:123:113:115:99:124:125:126:118:41:47:124:127:126:128:129:130:29:130:131:122:132:125:133:123:117:133:127:18:126:129:128:34:132:109:19:134:97:135:58:134:137:135:138:109:96:139:127:78:140:141:31:142:84:96:137:130:101:141:142:144:145:136:146:129:91:146:139:27:84:119:147:144:138:121:149:150:147:233:95:151:53:151:123:147:120:125:87:152:153:41:153:145:152:149:100:149:39:154:155:150:50:157:107:156:133:155:128:136:158:154:157:75:158:93:159:142:46:143:146:161:162:163:59:162:161:59:37:143:166:150:140:159:112:167:153:168:169:165:124:169:168:170:89:6:84:131:56:171:172:172:137:156:89:167:171:173:170:174:173:175:174:165:159:176:166:140:536:175:164:11:176:178:536:503:179:180:180:181:181:182:158:183:26:134:184:179:175:185:116:186:186:180:95:187:173:185:184:17:220:139:187:189:190:191:150:24:113:192:90:191:179:193:191:134:105:194:110:138:189:183:67:186:195:194:196:197:190:27:132:197:198:195:199:143:74:184:106:536:155:196:200:193:152:192:181:144:57:183:201:141:138:202:200:51:203:391:199:189:205:205:104:206:46:207:207:208:201:168:203:198:171:209:210:6:211:2:111:172:208:211:200:209:164:212:202:213:194:212:214:214:17:193:167:210:206:170:114:201:137:135:168:20:147:122:161:188:169:213:216:217:217:85:153:55:218:219:220:151:146:92:22:221:220:219:221:165:195:222:223:224:223:224:221:163:222:215:174:17:182:184:225:226:227:218:228:229:228:226:155:218:210:230:123:225:136:231:50:74:224:554:231:212:230:197:102:45:77:98:234:234:235:234:236:221:237:238:154:88:236:199:239:118:208:240:237:554:241:240:241:242:308:239:235:233:27:223:219:5:243:133:243:215:230:242:76:108:227:244:226:245:244:246:222:228:247:248:246:145:235:249:250:247:33:249:252:135:225:253:239:248:229:40:250:252:110:249:209:166:97:176:86:231:240:242:254:255:245:256:257:255:258:185:259:256:254:258:257:260:32:261:360:162:263:264:178:265:259:213:263:261:238:266:259:267:211:254:260:248:265:268:252:268:269:270:264:271:272:243:9:57:193:196:273:269:26:267:227:274:275:276:277:276:275:278:279:272:270:273:274:280:163:282:86:71:38:277:268:284:278:285:239:282:116:286:246:247:149:287:274:286:284:270:278:220:267:266:202:384:289:411:290:260:180:92:300:285:169:292:289:290:271:279:293:108:294:284:206:245:283:295:294:296:121:91:190:292:297:273:298:162:299:300:286:524:288:157:295:302:231:303:300:69:283:297:524:271:293:260:219:277:265:304:305:304:261:205:86:306:292:188:308:302:309:291:305:205:237:295:308:287:296:191:310:311:24:198:311:313:309:314:315:142:316:266:250:313:314:317:306:314:92:298:230:299:253:14:303:111:158:318:289:309:257:238:317:320:321:320:113:299:316:317:315:321:318:322:267:60:323:323:323:203:157:324:325:326:251:68:310:327:319:324:328:104:305:325:288:328:329:285:330:322:294:331:331:332:460:332:334:335:336:337:338:334:339:222:339:321:340:335:460:341:340:338:330:329:342:214:229:342:343:335:282:336:188:235:337:72:326:327:344:345:346:347:269:345:341:348:349:349:85:346:350:348:351:351:343:352:241:255:299:342:310:353:344:1:115:354:349:524:23:350:339:189:352:315:355:355:353:279:356:328:335:65:347:357:356:318:358:357:359:354:354:337:83:327:360:199:361:362:363:311:121:365:361:363:359:355:364:366:367:368:332:360:102:264:365:358:366:252:338:370:371:272:206:368:372:438:373:370:374:25:125:297:375:343:376:262:100:263:273:362:371:8:377:378:245:376:375:377:363:373:333:367:368:378:126:372:52:276:376:311:345:379:380:370:284:381:382:225:106:383:344:554:383:262:384:385:381:296:386:362:262:129:207:359:381:379:322:387:319:333:244:258:388:342:389:213:380:329:387:356:389:382:16:390:310:366:388:390:347:176:274:346:391:385:306:392:393:386:58:394:304:371:395:395:367:280:396:396:229:357:392:256:397:397:320:376:54:316:398:399:400:393:156:163:402:400:403:350:365:391:399:404:251:290:394:405:0:406:326:404:375:406:402:361:28:403:369:407:385:341:408:124:336:298:410:411:379:372:281:297:398:408:357:18:291:407:413:178:412:399:118:283:380:218:331:377:348:400:386:414:400:253:414:356:416:415:416:99:417:353:418:373:351:418:106:330:420:350:434:173:421:417:262:307:212:382:452:424:553:275:402:425:420:303:308:425:427:161:112:410:283:406:553:325:429:254:302:429:329:393:421:10:265:430:194:99:387:280:397:352:285:208:431:427:432:228:420:258:430:433:434:241:434:405:431:234:433:468:277:432:383:410:437:384:438:383:384:439:198:440:440:425:417:441:415:442:15:307:499:450:445:437:523:441:450:399:185:321:446:405:447:447:448:427:265:441:447:445:444:389:413:446:449:422:408:216:452:247:407:523:374:434:436:439:453:411:454:454:275:340:453:455:471:179:427:237:495:465:293:422:455:456:442:288:287:449:187:403:459:448:448:416:454:459:421:59:392:444:236:164:429:463:419:464:606:464:465:466:463:409:421:442:390:369:465:466:280:467:227:437:424:468:469:470:415:436:469:471:418:439:203:472:455:103:370:414:353:452:168:429:472:440:281:378:470:473:475:468:186:569:476:456:449:314:478:422:479:358:481:324:304:301:478:483:475:476:479:481:484:494:444:281:201:432:486:388:485:446:471:460:187:301:59:119:398:467:489:483:556:445:490:182:433:489:348:490:491:491:484:569:426:303:454:11:333:369:498:494:56:347:495:209:491:170:44:328:446:497:496:494:456:369:306:226:486:209:496:486:409:396:301:419:164:500:514:487:590:207:488:333:488:459:476:500:377:438:390:471:415:562:554:251:507:507:508:509:581:154:412:364:510:510:131:475:368:481:508:511:512:498:181:509:466:428:513:512:514:105:484:515:515:431:484:470:93:64:339:47:397:504:517:518:512:459:497:53:517:216:504:419:507:499:519:451:520:381:545:12:334:351:485:520:523:490:313:291:518:405:525:217:511:238:525:590:90:467:463:519:413:515:520:307:530:319:531:529:188:373:294:464:473:127:428:144:263:46:487:276:534:529:452:531:479:462:530:523:528:80:516:322:497:355:95:537:485:534:467:537:92:539:522:539:499:541:249:96:541:550:255:521:518:532:542:543:544:598:542:543:522:425:312:521:496:531:545:388:513:490:544:546:141:545:546:547:465:513:539:499:401:549:152:293:29:549:550:302:394:281:404:495:474:436:451:483:581:175:437:549:514:379:472:555:372:555:544:493:319:547:557:401:374:489:558:548:550:582:197:556:272:601:601:560:561:562:560:546:535:564:564:562:557:560:558:561:532:551:565:537:458:510:535:462:464:566:540:600:30:458:239:568:323:390:568:458:569:498:570:204:494:457:409:440:389:474:566:519:500:573:462:565:574:145:501:566:474:478:574:575:493:576:575:577:576:214:469:577:578:448:573:551:395:508:569:576:579:580:580:509:573:516:579:582:420:583:211:473:570:585:430:30:488:453:586:587:561:526:588:582:120:525:589:528:572:341:73:578:556:589:578:511:591:577:592:588:591:593:593:367:565:586:457:592:343:594:66:424:595:584:80:167:595:505:594:585:526:541:204:576:594:601:426:320:598:426:584:586:583:517:599:585:540:600:542:600:601:602:605:479:603:574:602:604:491:543:604:586:530:599:587:605:48:603:555:598:579:557:311:607:49:588:575:523:604:433:607
128,66,583,0,6508,43:1:2:32:2:4:5:6:7:4:8:5:1:9:10:160:10:12:11:312:12:14:9:8:15:16:20:15:18:19:503:19:81:22:48:36:23:18:14:503:24:4:16:6:25:12:38:26:0:28:131:25:29:29:503:492:45:24:26:31:606:7:33:21:28:62:20:492:23:4:34:32:16:34:312:48:36:312:22:0:37:46:31:492:38:23:39:39:606:215:41:7:42:43:2:38:160:41:33:44:160:20:0:21:47:45:606:49:31:58:10:50:49:44:51:77:34:47:52:51:53:54:55:36:53:32:57:28:48:94:93:42:60:49:61:61:62:63:55:64:65:54:52:62:43:64:93:66:67:1:73:67:68:60:37:69:57:65:70:182:69:22:71:8:60:71:72:56:40:68:29:63:19:74:66:74:65:75:37:43:76:75:77:81:45:78:233:76:72:596:61:80:596:11:82:83:84:56:64:596:70:85:86:85:80:81:86:80:73:87:83:63:69:55:88:89:78:90:88:91:67:91:89:14:70:78:81:88:94:21:95:40:82:31:52:44:55:94:87:95:97:192:66:97:72:21:98:50:136:99:100:101:102:103:82:104:25:103:101:105:106:103:73:107:105:104:108:98:109:108:51:109:39:100:27:15:110:71:107:111:112:113:114:54:115:116:102:110:83:116:94:114:36:107:117:118:68:119:77:120:132:112:58:120:115:121:122:122:119:111:42:90:117:123:113:115:99:124:125:126:118:41:47:124:127:126:128:129:130:29:130:131:122:132:125:133:123:117:133:127:18:126:129:128:34:132:109:19:134:97:135:58:134:137:135:138:109:96:139:127:78:140:141:31:142:84:96:137:130:101:141:142:144:145:136:146:129:91:146:139:27:84:119:147:144:138:121:149:150:147:233:95:151:53:151:123:147:120:125:87:152:153:41:153:145:152:149:100:149:39:154:155:150:50:157:107:156:133:155:128:136:158:154:157:75:158:93:159:142:46:143:146:161:162:163:59:162:161:59:37:143:166:150:140:159:112:167:153:168:169:165:124:169:168:170:89:6:84:131:56:171:172:172:137:156:89:167:171:173:170:174:173:175:174:165:159:176:166:140:536:175:164:11:176:178:536:503:179:180:180:181:181:182:158:183:26:134:184:179:175:185:116:186:186:180:95:187:173:185:184:17:220:139:187:189:190:191:150:24:113:192:90:191:179:193:191:134:105:194:110:138:189:183:67:186:195:194:196:197:190:27:132:197:198:195:199:143:74:184:106:536:155:196:200:193:152:192:181:144:57:183:201:141:138:202:200:51:203:391:199:189:205:205:104:206:46:207:207:208:201:168:203:198:171:209:210:6:211:2:111:172:208:211:200:209:164:212:202:213:194:212:214:214:17:193:167:210:206:170:114:201:137:135:168:20:147:122:161:188:169:213:216:217:217:85:153:55:218:219:220:151:146:92:22:221:220:219:221:165:195:222:223:224:223:224:221:163:222:215:174:17:182:184:225:226:227:218:228:229:228:226:155:218:210:230:123:225:136:231:50:74:224:554:231:212:230:197:102:45:77:98:234:234:235:234:236:221:237:238:154:88:236:199:239:118:208:240:237:554:241:240:241:242:308:239:235:233:27:223:219:5:243:133:243:215:230:242:76:108:227:244:226:245:244:246:222:228:247:248:246:145:235:249:250:247:33:249:252:135:225:253:239:248:229:40:250:252:110:249:209:166:97:176:86:231:240:242:254:255:245:256:257:255:258:185:259:256:254:258:257:260:32:261:360:162:263:264:178:265:259:213:263:261:238:266:259:267:211:254:260:248:265:268:252:268:269:270:264:271:272:243:9:57:193:196:273:269:26:267:227:274:275:276:277:276:275:278:279:272:270:273:274:280:163:282:86:71:38:277:268:284:278:285:239:282:116:286:246:247:149:287:274:286:284:270:278:220:267:266:202:384:289:411:290:260:180:92:300:285:169:292:289:290:271:279:293:108:294:284:206:245:283:295:294:296:121:91:190:292:297:273:298:162:299:300:286:524:288:157:295:302:231:303:300:69:283:297:524:271:293:260:219:277:265:304:305:304:261:205:86:306:292:188:308:302:309:291:305:205:237:295:308:287:296:191:310:311:24:198:311:313:309:314:315:142:316:266:250:313:314:317:306:314:92:298:230:299:253:14:303:111:158:318:289:309:257:238:317:320:321:320:113:299:316:317:315:321:318:322:267:60:323:323:323:203:157:324:325:326:251:68:310:327:319:324:328:104:305:325:288:328:329:285:330:322:294:331:331:332:460:332:334:335:336:337:338:334:339:222:339:321:340:335:460:341:340:338:330:329:342:214:229:342:343:335:282:336:188:235:337:72:326:327:344:345:346:347:269:345:341:348:349:349:85:346:350:348:351:351:343:352:241:255:299:342:310:353:344:1:115:354:349:524:23:350:339:189:352:315:355:355:353:279:356:328:335:65:347:357:356:318:358:357:359:354:354:337:83:327:360:199:361:362:363:311:121:365:361:363:359:355:364:366:367:368:332:360:102:264:365:358:366:252:338:370:371:272:206:368:372:438:373:370:374:25:125:297:375:343:376:262:100:263:273:362:371:8:377:378:245:376:375:377:363:373:333:367:368:378:126:372:52:276:376:311:345:379:380:370:284:381:382:225:106:383:344:554:383:262:384:385:381:296:386:362:262:129:207:359:381:379:322:387:319:333:244:258:388:342:389:213:380:329:387:356:389:382:16:390:310:366:388:390:347:176:274:346:391:385:306:392:393:386:58:394:304:371:395:395:367:280:396:396:229:357:392:256:397:397:320:376:54:316:398:399:400:393:156:163:402:400:403:350:365:391:399:404:251:290:394:405:0:406:326:404:375:406:402:361:28:403:369:407:385:341:408:124:336:298:410:411:379:372:281:297:398:408:357:18:291:407:413:178:412:399:118:283:380:218:331:377:348:400:386:414:400:253:414:356:416:415:416:99:417:353:418:373:351:418:106:330:420:350:434:173:421:417:262:307:212:382:452:424:553:275:402:425:420:303:308:425:427:161:112:410:283:406:553:325:429:254:302:429:329:393:421:10:265:430:194:99:387:280:397:352:285:208:431:427:432:228:420:258:430:433:434:241:434:405:431:234:433:468:277:432:383:410:437:384:438:383:384:439:198:440:440:425:417:441:415:442:15:307:499:450:445:437:523:441:450:399:185:321:446:405:447:447:448:427:265:441:447:445:444:389:413:446:449:422:408:216:452:247:407:523:374:434:436:439:453:411:454:454:275:340:453:455:471:179:427:237:495:465:293:422:455:456:442:288:287:449:187:403:459:448:448:416:454:459:421:59:392:444:236:164:429:463:419:464:606:464:465:466:463:409:421:442:390:369:465:466:280:467:227:437:424:468:469:470:415:436:469:471:418:439:203:472:455:103:370:414:353:452:168:429:472:440:281:378:470:473:475:468:186:569:476:456:449:314:478:422:479:358:481:324:304:301:478:483:475:476:479:481:484:494:444:281:201:432:486:388:485:446:471:460:187:301:59:119:398:467:489:483:556:445:490:182:433:489:348:490:491:491:484:569:426:303:454:11:333:369:498:494:56:347:495:209:491:170:44:328:446:497:496:494:456:369:306:226:486:209:496:486:409:396:301:419:164:500:514:487:590:207:488:333:488:459:476:500:377:438:390:471:415:562:554:251:507:507:508:509:581:154:412:364:510:510:131:475:368:481:508:511:512:498:181:509:466:428:513:512:514:105:484:515:515:431:484:470:93:64:339:47:397:504:517:518:512:459:497:53:517:216:504:419:507:499:519:451:520:381:545:12:334:351:485:520:523:490:313:291:518:405:525:217:511:238:525:590:90:467:463:519:413:515:520:307:530:319:531:529:188:373:294:464:473:127:428:144:263:46:487:276:534:529:452:531:479:462:530:523:528:80:516:322:497:355:95:537:485:534:467:537:92:539:522:539:499:541:249:96:541:550:255:521:528:532:542:543:544:598:542:543:522:425:312:521:496:531:545:388:513:490:544:546:141:545:546:547:465:513:539:499:401:549:152:293:29:549:550:302:394:281:404:495:474:436:451:483:581:175:437:549:514:379:472:555:372:555:544:493:319:547:456:401:374:489:558:548:550:582:197:556:272:601:601:560:561:562:560:546:535:564:564:562:518:560:558:561:532:551:565:537:458:510:535:462:464:566:540:600:30:458:239:568:323:390:568:458:569:498:570:204:494:457:409:440:389:474:566:519:500:573:462:565:574:145:501:566:474:478:574:575:493:576:575:577:576:214:469:577:578:448:573:551:395:508:569:576:579:580:580:509:573:516:579:582:420:583:211:473:570:585:430:30:488:453:586:587:561:526:588:582:120:525:589:528:572:341:73:578:556:589:578:511:591:577:592:588:591:593:593:367:565:586:457:592:343:594:66:424:595:584:80:167:595:505:594:585:526:541:204:576:594:601:426:320:598:426:584:586:583:517:599:585:540:600:542:600:601:602:605:479:603:574:602:604:491:543:604:586:530:599:587:605:48:603:555:598:579:557:311:607:49:588:575:523:604:433:607
129,66,583,0,6507,43:1:2:32:2:4:5:6:7:4:8:5:1:9:10:160:10:12:11:312:12:14:9:8:15:16:20:15:18:19:503:19:81:22:48:36:23:18:14:503:24:4:16:6:25:12:38:26:0:28:131:25:29:29:503:492:45:24:26:31:606:7:33:21:28:62:20:492:23:4:34:32:16:34:312:48:36:312:22:0:37:46:31:492:38:23:39:39:606:215:41:7:42:43:2:38:215:41:33:44:160:20:0:21:47:45:606:49:31:58:10:50:49:44:51:77:34:47:52:51:53:54:55:36:53:32:57:28:48:94:93:42:60:49:61:61:62:63:55:64:65:54:52:62:43:64:93:66:67:1:73:67:68:60:37:69:57:65:70:182:69:22:71:8:60:71:72:56:40:68:29:63:19:74:66:74:65:75:37:43:76:75:77:81:45:78:233:76:72:596:61:80:596:11:82:83:84:56:64:596:70:85:86:85:80:81:86:80:73:87:83:63:69:55:88:89:78:90:88:91:67:91:89:14:70:78:81:88:94:21:95:40:82:31:52:44:55:94:87:95:97:192:66:97:72:21:98:50:136:99:100:101:102:103:82:104:25:103:101:105:106:103:73:107:105:104:108:98:109:108:51:109:39:100:27:15:110:71:107:111:112:113:114:54:115:116:102:110:83:116:94:114:36:107:117:118:68:119:77:120:132:112:58:120:115:121:122:122:119:111:42:90:117:123:113:115:99:124:125:126:118:41:47:124:127:126:128:129:130:29:130:131:122:132:125:133:123:117:133:127:18:126:129:128:34:132:109:19:134:97:135:58:134:137:135:138:109:96:139:127:78:140:141:31:142:84:96:137:130:101:141:142:144:145:136:146:129:91:146:139:27:84:119:147:144:138:121:149:150:147:233:95:151:53:151:123:147:120:125:87:152:153:41:153:145:152:149:100:149:39:154:155:150:50:157:107:156:133:155:128:136:158:154:157:75:158:93:159:142:160:143:146:161:162:163:59:162:161:59:37:143:166:150:140:159:112:167:153:168:169:165:124:169:168:170:89:6:84:131:56:171:172:172:137:156:89:167:171:173:170:174:173:175:174:165:159:17:166:140:536:175:164:11:17:178:536:503:179:180:180:181:181:182:158:183:26:134:184:179:175:185:116:186:186:180:95:187:173:185:184:46:220:139:187:189:190:191:150:24:113:192:90:191:179:193:191:134:105:194:110:138:189:183:67:186:195:194:196:197:190:27:132:197:198:195:199:143:74:184:106:536:155:196:200:193:152:192:181:144:57:183:201:141:138:202:200:51:203:391:199:189:205:205:104:206:46:207:207:208:201:168:203:198:171:209:210:6:211:2:111:172:208:211:200:209:164:212:202:213:194:212:214:214:176:193:167:210:206:170:114:201:137:135:168:20:147:122:161:188:169:213:216:217:217:85:153:55:218:219:220:151:146:92:22:221:220:219:221:165:195:222:223:224:223:224:221:163:222:215:174:156:182:184:225:226:227:218:228:229:228:226:155:218:210:230:123:225:136:231:50:74:224:554:231:212:230:197:102:45:77:98:234:234:235:234:236:221:237:238:154:88:236:199:239:118:208:240:237:554:241:240:241:242:308:239:235:233:27:223:219:5:243:133:243:176:230:242:76:108:227:244:226:245:244:246:222:228:247:248:246:145:235:249:250:247:33:249:252:135:225:253:239:248:229:40:250:252:110:249:209:166:97:17:86:231:240:242:254:255:245:256:257:255:258:185:259:256:254:258:257:260:32:261:360:162:263:264:178:265:259:213:263:261:238:266:259:267:211:254:260:248:265:268:252:268:269:270:264:271:272:243:9:57:193:196:273:269:26:267:227:274:275:276:277:276:275:278:279:272:270:273:274:280:163:282:86:71:38:277:268:284:278:285:239:282:116:286:246:247:149:287:274:286:284:270:278:220:267:266:202:384:289:411:290:260:180:92:300:285:169:292:289:290:271:279:293:108:294:284:206:245:283:295:294:296:121:91:190:292:297:273:298:162:299:300:286:524:288:157:295:302:231:303:300:69:283:297:524:271:293:260:219:277:265:304:305:304:261:205:86:306:292:188:308:302:309:291:305:205:237:295:308:287:296:191:310:311:24:198:311:313:309:314:315:142:316:266:250:313:314:317:306:314:92:298:230:299:253:14:303:111:158:318:289:309:257:238:317:320:321:320:113:299:316:317:315:321:318:322:267:60:323:323:323:203:157:324:325:326:251:68:310:327:319:324:328:104:305:325:288:328:329:285:330:322:294:331:331:332:460:332:334:335:336:337:338:334:339:222:339:321:340:335:460:341:340:338:330:329:342:214:229:342:343:335:282:336:188:235:337:72:326:327:344:345:346:347:269:345:341:348:349:349:85:346:350:348:351:351:343:352:241:255:299:342:310:353:344:1:115:354:349:524:23:350:339:189:352:315:355:355:353:279:356:328:335:65:347:357:356:318:358:357:359:354:354:337:83:327:360:199:361:362:363:311:121:365:361:363:359:355:364:366:367:368:332:360:102:264:365:358:366:252:338:370:371:272:206:368:372:438:373:370:374:25:125:297:375:343:376:262:100:263:273:362:371:8:377:378:245:376:375:377:363:373:333:367:368:378:126:372:52:276:376:311:345:379:380:370:284:381:382:225:106:383:344:554:383:262:384:385:381:296:386:362:262:129:207:359:381:379:322:387:319:333:244:258:388:342:389:213:380:329:387:356:389:382:16:390:310:366:388:390:347:17:274:346:391:385:306:392:393:386:58:394:304:371:395:395:367:280:396:396:229:357:392:256:397:397:320:376:54:316:398:399:400:393:156:163:402:400:403:350:365:391:399:404:251:290:394:405:0:406:326:404:375:406:402:361:28:403:369:407:385:341:408:124:336:298:410:411:379:372:281:297:398:408:357:18:291:407:413:178:412:399:118:283:380:218:331:377:348:400:386:414:400:253:414:356:416:415:416:99:417:353:418:373:351:418:106:330:420:350:434:173:421:417:262:307:212:382:452:424:553:275:402:425:420:303:308:425:427:161:112:410:283:406:553:325:429:254:302:429:329:393:421:10:265:430:194:99:387:280:397:352:285:208:431:427:432:228:420:258:430:433:434:241:434:405:431:234:433:468:277:432:383:410:437:384:438:383:384:439:198:440:440:425:417:441:415:442:15:307:499:450:445:437:523:441:450:399:185:321:446:405:447:447:448:427:265:441:447:445:444:389:413:446:449:422:408:216:452:247:407:523:374:434:436:439:453:411:454:454:275:340:453:455:471:179:427:237:495:465:293:422:455:456:442:288:287:449:187:403:459:448:448:416:454:459:421:59:392:444:236:164:429:463:419:464:606:464:465:466:463:409:421:442:390:369:465:466:280:467:227:437:424:468:469:470:415:436:469:471:418:439:203:472:455:103:370:414:353:452:168:429:472:440:281:378:470:473:475:468:186:569:476:456:449:314:478:422:479:358:481:324:304:301:478:483:475:476:479:481:484:494:444:281:201:432:486:388:485:446:471:460:187:301:59:119:398:467:489:483:556:445:490:182:433:489:348:490:491:491:484:569:426:303:454:11:333:369:498:494:56:347:495:209:491:170:44:328:446:497:496:494:456:369:306:226:486:209:496:486:409:396:301:419:164:500:514:487:590:207:488:333:488:459:476:500:377:438:390:471:415:562:554:251:507:507:508:509:581:154:412:364:510:510:131:475:368:481:508:511:512:498:181:509:466:428:513:512:514:105:484:515:515:431:484:470:93:64:339:47:397:504:517:518:512:459:497:53:517:216:504:419:507:499:519:451:520:381:545:12:334:351:485:520:523:490:313:291:518:405:525:217:511:238:525:590:90:467:463:519:413:515:520:307:530:319:531:529:188:373:294:464:473:127:428:144:263:46:487:276:534:529:452:531:479:462:530:523:528:80:516:322:497:355:95:537:485:534:467:537:92:539:522:539:499:541:249:96:541:550:255:521:528:532:542:543:544:598:542:543:522:425:312:521:496:531:545:388:513:490:544:546:141:545:546:547:465:513:539:499:401:549:152:293:29:549:550:302:394:281:404:495:474:436:451:483:581:175:437:549:514:379:472:555:372:555:544:493:319:547:456:401:374:489:558:548:550:582:197:556:272:601:601:560:561:562:560:546:535:564:564:562:518:560:558:561:532:551:565:537:458:510:535:462:464:566:540:600:30:458:239:568:323:390:568:458:569:498:570:204:494:457:409:440:389:474:566:519:500:573:462:565:574:145:501:566:474:478:574:575:493:576:575:577:576:214:469:577:578:448:573:551:395:508:569:576:579:580:580:509:573:516:579:582:420:583:211:473:570:585:430:30:488:453:586:587:561:526:588:582:120:525:589:528:572:341:73:578:556:589:578:511:591:577:592:588:591:593:593:367:565:586:457:592:343:594:66:424:595:584:80:167:595:505:594:585:526:541:204:576:594:601:426:320:598:426:584:586:583:517:599:585:540:600:542:600:601:602:605:479:603:574:602:604:491:543:604:586:530:599:587:605:48:603:555:598:579:557:311:607:49:588:575:523:604:433:607
131,67,583,0,6505,43:1:2:32:2:4:5:6:7:4:8:63:1:9:10:160:10:12:11:312:12:14:9:8:15:16:20:15:18:19:503:19:81:22:48:36:23:18:14:503:24:4:16:6:25:12:38:26:0:28:131:25:29:29:503:492:45:24:26:31:606:7:33:21:28:66:20:492:23:4:34:32:16:34:312:48:36:312:22:0:37:46:31:492:38:23:39:39:606:215:41:7:42:43:2:38:215:41:33:44:160:20:0:21:47:45:606:49:31:58:10:50:49:44:51:77:34:47:52:51:53:54:55:36:53:32:57:28:48:94:93:42:60:49:61:61:62:120:55:64:65:54:52:62:43:64:93:66:67:1:73:67:68:60:37:69:57:65:233:182:69:22:71:8:60:71:72:56:40:68:29:120:19:74:66:74:65:75:37:43:76:75:77:81:45:78:233:76:72:596:61:80:596:11:82:83:84:56:64:596:70:85:86:85:80:81:86:80:73:87:83:63:69:55:88:89:78:90:88:91:67:91:89:14:70:78:81:88:94:21:95:40:82:31:52:44:55:94:87:95:97:192:40:97:72:21:144:50:136:99:100:101:102:103:82:104:25:103:101:105:106:103:73:107:105:104:108:98:109:108:51:109:39:100:27:15:110:71:107:111:112:113:114:54:115:116:102:110:83:116:94:114:36:107:117:118:68:119:77:70:132:112:58:63:115:121:122:122:119:111:42:90:5:123:113:115:99:124:125:126:118:41:47:124:127:126:128:129:130:29:130:131:122:132:125:133:123:117:133:127:18:126:129:128:34:132:109:19:134:97:135:58:134:137:135:138:109:96:139:127:78:140:141:31:142:84:96:137:130:101:141:142:144:145:136:146:129:91:146:139:27:84:119:147:144:138:121:149:150:147:233:95:151:53:151:123:147:120:125:87:152:153:41:153:145:152:149:100:149:39:154:155:150:50:157:107:156:133:155:128:136:158:154:157:75:158:93:159:142:160:143:146:161:162:163:59:162:161:59:37:143:166:150:140:159:112:167:153:168:169:165:124:169:168:170:89:6:84:131:56:171:172:172:137:156:89:167:171:173:170:174:173:175:174:165:159:17:166:140:536:175:164:11:17:178:536:503:179:180:180:181:181:182:158:183:26:134:184:179:175:185:116:186:186:180:95:187:173:185:184:46:220:139:187:189:190:191:150:24:113:192:90:191:179:193:191:134:105:194:110:138:189:183:67:186:195:194:196:197:190:27:132:197:198:195:199:143:74:184:106:98:155:196:200:193:152:192:181:5:57:183:201:141:138:202:200:51:203:391:199:189:205:205:104:206:46:207:207:208:201:168:203:198:171:209:210:6:211:2:111:172:208:211:200:209:164:212:202:213:194:212:117:536:176:193:167:210:206:170:114:201:137:135:168:20:147:122:161:188:169:213:216:217:217:85:153:55:218:219:220:151:146:92:22:221:220:219:221:165:195:222:223:224:223:224:221:163:222:215:174:156:182:184:225:226:227:218:228:229:228:226:155:218:210:230:123:225:136:231:50:74:224:554:231:212:230:197:102:45:77:98:234:234:235:234:236:221:237:238:154:88:236:199:239:118:208:240:237:554:241:240:241:242:308:239:235:62:27:223:219:63:243:133:243:176:230:242:76:108:227:244:226:245:244:246:222:228:247:248:246:145:235:249:250:247:33:249:252:135:225:253:239:248:229:233:250:252:110:249:209:166:97:17:86:231:240:242:254:255:245:256:257:255:258:185:259:256:254:258:257:260:32:261:360:162:263:264:178:265:259:213:263:261:238:266:259:267:211:254:260:248:265:268:252:268:269:270:264:271:272:243:9:57:193:196:273:269:26:267:227:274:275:276:277:276:275:278:279:272:270:273:274:280:163:282:86:71:38:277:268:284:278:285:239:282:116:286:246:247:149:287:274:286:284:270:278:220:267:266:202:384:289:411:290:260:180:92:300:285:169:292:289:290:271:279:293:108:294:284:206:245:283:295:294:296:121:91:190:292:297:273:298:162:299:300:286:524:288:157:295:302:231:303:300:69:283:297:524:271:293:260:219:277:265:304:305:304:261:205:86:306:292:188:308:302:309:291:305:205:237:295:308:287:296:191:310:311:24:198:311:313:309:314:315:142:316:266:250:313:314:317:306:314:92:298:230:299:253:14:303:111:158:318:289:309:257:238:317:320:321:320:113:299:316:317:315:321:318:322:267:60:323:323:323:203:157:324:325:326:251:68:310:327:319:324:214:104:305:325:288:328:329:285:330:322:294:331:331:332:460:332:334:335:336:337:338:334:339:222:339:321:340:335:460:341:340:338:330:329:342:214:229:342:343:335:282:336:188:235:337:72:326:327:344:345:346:347:269:345:341:348:349:349:85:346:350:348:351:351:343:352:241:255:299:342:310:353:344:1:115:354:349:524:23:350:339:189:352:315:355:355:353:279:356:328:335:65:347:357:356:318:358:357:359:354:354:337:83:327:360:199:361:362:363:311:121:365:361:363:359:355:364:366:367:368:332:360:102:264:365:358:366:252:338:370:371:272:206:368:372:438:373:370:374:25:125:297:375:343:376:262:100:263:273:362:371:8:377:378:245:376:375:377:363:373:333:367:368:378:126:372:52:276:376:311:345:379:380:370:284:381:382:225:106:383:344:554:383:262:384:385:381:296:386:362:262:129:207:359:381:379:322:387:319:333:244:258:388:342:389:213:380:329:387:356:389:382:16:390:310:366:388:390:347:17:274:346:391:385:306:392:393:386:58:394:304:371:395:395:367:280:396:396:229:357:392:256:397:397:320:376:54:316:398:399:400:393:156:163:402:400:403:350:365:391:399:404:251:290:394:405:0:406:326:404:375:406:402:361:28:403:369:407:385:341:408:124:336:298:410:411:379:372:281:297:398:408:357:18:291:407:413:178:412:399:118:283:380:218:331:377:348:400:386:414:400:253:414:356:416:415:416:99:417:353:418:373:351:418:106:330:420:350:434:173:421:417:262:307:212:382:452:424:553:275:402:425:420:303:308:425:427:161:112:410:283:406:553:325:429:254:302:429:329:393:421:10:265:430:194:99:387:280:397:352:285:208:431:427:432:228:420:258:430:433:434:241:434:405:431:234:433:468:277:432:383:410:437:384:438:383:384:439:198:440:440:425:417:441:415:442:15:307:499:450:445:437:523:441:450:399:185:321:446:405:447:447:448:427:265:441:447:445:444:389:413:446:449:422:408:216:452:247:407:523:374:434:436:439:453:411:454:454:275:340:453:455:471:179:427:237:495:465:293:422:455:456:442:288:287:449:187:403:459:448:448:416:454:459:421:59:392:444:236:164:429:463:419:464:606:464:465:466:463:409:421:442:390:369:465:466:280:467:227:437:424:468:469:470:415:436:469:471:418:439:203:472:455:103:370:414:353:452:168:429:472:440:281:378:470:473:475:468:186:569:476:456:449:314:478:422:479:358:481:324:304:301:478:483:475:476:479:481:484:494:444:281:201:432:486:388:485:446:471:460:187:301:59:119:398:467:489:483:556:445:490:182:433:489:348:490:491:491:484:569:426:303:454:11:333:369:498:494:56:347:495:209:491:170:44:328:446:497:496:494:456:369:306:226:486:209:496:486:409:396:301:419:164:500:514:487:590:207:488:333:488:459:476:500:377:438:390:471:415:562:554:251:507:507:508:509:581:154:412:364:510:510:131:475:368:481:508:511:512:498:181:509:466:428:513:512:514:105:484:515:515:431:484:470:93:64:339:47:397:504:517:518:512:459:497:53:517:216:504:419:507:499:519:451:520:381:545:12:334:351:485:520:523:490:313:291:518:405:525:217:511:238:525:590:90:467:463:519:413:515:520:307:530:319:531:529:188:373:294:464:473:127:428:530:263:46:487:276:534:529:452:531:479:462:530:523:528:80:516:322:497:355:95:537:485:534:467:537:92:539:522:539:499:541:249:96:541:550:255:521:528:532:542:543:544:598:542:543:522:425:312:521:496:531:545:388:513:490:544:546:141:545:546:547:465:513:539:499:401:549:152:293:29:549:550:302:394:281:404:495:474:436:451:483:581:175:437:549:514:379:472:555:372:555:544:493:319:547:456:401:374:489:558:548:550:582:197:556:272:601:601:560:561:562:560:546:535:564:564:562:518:560:558:561:532:551:565:537:458:510:535:462:464:566:540:600:492:458:239:568:323:390:568:458:569:498:570:204:494:457:409:440:389:474:566:519:500:573:462:565:574:145:501:566:474:478:574:575:493:576:575:577:576:214:469:577:578:448:573:551:395:508:569:576:579:580:580:509:573:516:579:582:420:583:211:473:570:585:430:30:488:453:586:587:561:526:588:582:30:525:589:528:572:341:73:578:556:589:578:511:591:577:592:588:591:593:593:367:565:586:457:592:343:594:548:424:595:584:80:167:595:505:594:585:526:541:204:576:594:601:426:320:598:426:584:586:583:517:599:585:540:600:542:600:601:602:605:479:603:574:602:604:491:543:604:586:530:599:587:605:48:603:555:598:579:557:311:607:49:588:575:523:604:433:607
132,67,583,0,6504,43:1:2:32:2:4:5:6:7:4:8:63:1:9:10:160:10:12:11:312:12:14:9:8:15:16:20:15:18:19:503:19:81:22:48:36:23:18:14:503:24:4:16:6:25:12:38:26:0:28:131:25:29:29:503:492:45:24:26:31:606:7:33:21:28:66:20:492:23:4:34:32:16:34:312:48:36:312:22:0:37:46:31:492:38:23:39:39:606:215:41:7:42:43:2:38:215:41:33:44:160:20:0:21:47:45:606:49:31:58:10:50:49:44:51:77:34:47:52:51:53:54:55:36:53:32:57:28:48:94:93:42:60:49:61:61:62:120:55:64:65:54:52:62:43:64:93:66:67:1:73:67:68:60:37:69:57:65:233:182:69:22:71:8:60:71:72:56:40:68:29:120:19:74:66:74:65:75:37:43:76:75:77:81:45:78:233:76:72:596:61:80:596:11:82:83:84:56:64:596:70:85:86:85:80:81:86:80:73:87:83:63:69:55:88:89:78:90:88:91:67:91:89:14:70:78:81:88:94:21:95:40:82:31:52:44:55:94:87:95:97:192:40:97:72:21:144:50:136:99:100:101:102:103:82:104:25:103:101:105:106:103:73:107:105:104:108:98:109:108:51:109:39:100:27:15:110:71:107:111:112:113:114:54:115:116:102:110:83:116:94:114:36:107:117:118:68:119:77:70:132:112:58:63:115:121:122:122:119:111:42:90:5:123:113:115:99:124:125:126:118:41:47:124:127:126:128:129:130:29:130:131:122:132:125:133:123:117:133:127:18:126:129:128:34:132:109:19:134:97:135:58:134:137:135:138:109:96:139:127:78:140:141:31:142:84:96:137:130:101:141:142:144:145:136:146:129:91:146:139:27:84:119:147:144:138:121:149:150:147:233:95:151:53:151:123:147:120:125:87:152:153:41:153:145:152:149:100:149:39:154:155:150:50:157:107:156:133:155:128:136:158:154:157:75:158:93:159:142:160:143:146:161:162:163:59:162:161:59:37:143:166:150:140:159:112:167:153:168:169:165:124:169:168:170:89:6:84:131:56:171:172:172:137:156:89:167:171:173:170:174:173:175:174:165:159:17:166:140:536:175:164:11:17:178:536:503:179:180:180:181:181:182:158:183:26:134:184:179:175:185:116:186:186:180:95:187:173:185:184:46:220:139:187:189:190:191:150:24:113:192:90:191:179:193:191:134:105:194:110:138:189:183:67:186:195:194:196:197:190:27:132:197:198:195:199:143:74:184:106:98:155:196:200:193:152:192:181:5:57:183:201:141:138:202:200:51:203:391:199:189:205:205:104:206:46:207:207:208:201:168:203:198:171:209:210:6:211:2:111:172:208:211:200:209:164:212:202:213:194:212:117:536:176:193:167:210:206:170:114:201:137:135:168:20:147:122:161:188:169:213:216:217:217:85:153:55:218:219:220:151:146:92:22:221:220:219:221:165:195:222:223:224:223:224:221:163:222:215:174:156:182:184:225:226:227:218:228:229:228:226:155:218:210:230:123:225:136:231:50:74:224:554:231:212:230:197:102:45:77:98:234:234:235:234:236:221:237:238:154:88:236:199:239:118:208:240:237:554:241:240:241:242:308:239:235:62:27:223:219:63:243:133:243:176:230:242:76:108:227:244:226:245:244:246:222:228:247:248:246:145:235:249:250:247:33:249:252:135:225:253:239:248:229:233:250:252:110:249:209:166:97:17:86:231:240:242:254:255:245:256:257:255:258:185:259:256:254:258:257:260:32:261:360:162:263:264:178:265:259:213:263:261:238:266:259:267:211:254:260:248:265:268:252:268:269:270:264:271:272:243:9:57:193:196:273:269:26:267:227:274:275:276:277:276:275:278:279:272:270:273:274:280:163:282:86:71:38:277:268:284:278:285:239:282:116:286:246:247:149:287:274:286:284:270:278:220:267:266:202:384:289:411:290:260:180:92:300:285:169:292:289:290:271:279:293:108:294:284:206:245:283:295:294:296:121:91:190:292:297:273:298:162:299:300:286:524:288:157:295:302:231:303:300:69:283:297:524:271:293:260:219:277:265:304:305:304:261:205:86:306:292:188:308:302:309:291:305:205:237:295:308:287:296:191:310:311:24:198:311:313:309:314:315:142:316:266:250:313:314:317:306:314:92:298:230:299:253:14:303:111:158:318:289:309:257:238:317:320:321:320:113:299:316:317:315:321:318:322:267:60:323:323:323:203:157:324:325:326:251:68:310:327:319:324:214:104:305:325:288:328:329:285:330:322:294:331:331:332:460:332:334:335:336:337:338:334:339:222:339:321:340:335:460:341:340:338:330:329:342:214:229:342:343:335:282:336:188:235:337:72:326:327:344:345:346:347:269:345:341:348:349:349:85:346:350:348:351:351:343:352:241:255:299:342:310:353:344:1:115:354:349:524:23:350:339:189:352:315:355:355:353:279:356:328:335:65:347:357:356:318:358:357:359:354:354:337:83:327:360:199:361:362:363:311:121:365:361:363:359:355:364:366:367:368:332:360:102:264:365:358:366:252:338:370:371:272:206:368:372:438:373:370:374:25:125:297:375:343:376:262:100:263:273:362:371:8:377:378:245:376:375:377:363:373:333:367:368:378:126:372:52:276:376:311:345:379:380:370:284:381:382:225:106:383:344:554:383:262:384:385:381:296:386:362:262:129:207:359:381:379:322:387:319:333:244:258:388:342:389:213:380:329:387:356:389:382:16:390:310:366:388:390:347:17:274:346:391:385:306:392:393:386:58:394:304:371:395:395:367:280:396:396:229:357:392:256:397:397:320:376:54:316:398:399:400:393:156:163:402:400:403:350:365:391:399:404:251:290:394:405:0:406:326:404:375:406:402:361:28:403:369:407:385:341:408:124:336:298:410:411:379:372:281:297:398:408:357:18:291:407:413:178:412:399:118:283:380:218:331:377:348:400:386:414:400:253:414:356:416:415:416:99:417:353:418:373:351:418:106:330:420:350:434:173:421:417:262:307:212:382:452:424:553:275:402:425:420:303:308:425:427:161:112:410:283:406:553:325:429:254:302:429:329:393:421:10:265:430:194:99:387:280:397:352:285:208:431:427:432:228:420:258:430:433:434:241:434:405:431:234:433:468:277:432:383:410:437:384:438:383:384:439:198:440:440:425:417:441:415:442:15:307:499:450:120:437:523:441:450:399:185:321:446:405:447:447:448:427:265:441:447:445:444:389:413:446:449:422:408:216:452:247:407:523:374:434:436:439:453:411:454:454:275:340:453:455:471:179:427:237:495:465:293:422:455:456:442:288:287:449:187:403:459:448:448:416:454:459:421:59:392:444:236:164:429:463:419:464:606:464:465:466:463:409:421:442:390:369:465:466:280:467:227:437:424:468:469:470:415:436:469:471:418:439:203:472:455:103:370:414:353:452:168:429:472:440:281:378:470:473:475:468:186:569:476:456:449:314:478:422:479:358:481:324:304:301:478:483:475:476:479:481:484:494:444:281:201:432:486:388:485:446:471:460:187:301:59:119:398:467:489:483:556:445:490:182:433:489:348:490:491:491:484:569:426:303:454:11:333:369:498:494:56:347:495:209:491:170:44:328:446:497:496:494:456:369:306:226:486:209:496:486:409:396:301:419:164:500:514:487:590:207:488:333:488:459:476:500:377:438:390:471:415:562:554:251:507:507:508:509:581:154:412:364:510:510:131:475:368:481:508:511:512:498:181:509:466:428:513:512:514:105:484:515:515:431:484:470:93:64:339:47:397:504:517:518:512:459:497:53:517:216:504:419:507:499:519:451:520:381:545:12:334:351:485:520:523:490:313:291:518:405:525:217:511:238:525:590:90:467:463:519:413:515:520:307:530:319:531:529:188:373:294:464:473:127:428:530:263:46:487:276:534:529:452:531:479:462:530:523:528:80:516:322:497:355:95:537:485:534:467:537:92:539:522:539:499:541:249:96:541:550:255:521:528:532:542:543:544:598:542:543:522:425:312:521:496:531:545:388:513:490:544:546:141:545:546:547:465:513:539:499:401:549:152:293:29:549:550:302:394:281:404:495:474:436:451:483:581:175:437:549:514:379:472:555:372:555:544:493:319:547:456:401:374:489:558:548:550:582:197:556:272:601:601:560:561:562:560:546:535:564:564:562:518:560:558:561:532:551:565:537:458:510:535:462:464:566:540:600:492:458:239:568:323:390:568:458:569:498:570:204:494:457:409:440:389:474:566:519:500:573:462:565:574:145:501:566:474:478:574:575:493:576:575:577:576:214:469:577:578:448:573:551:395:508:569:576:579:580:580:509:573:516:579:582:420:583:211:473:570:585:430:30:488:453:586:587:561:526:588:582:30:525:589:528:572:341:73:578:556:589:578:511:591:577:592:588:591:593:593:367:565:586:457:592:343:594:548:424:595:584:80:167:595:505:594:585:526:541:204:576:594:601:426:320:598:426:584:586:583:517:599:585:540:600:542:600:601:602:605:479:603:574:602:604:491:543:604:586:530:599:587:605:48:603:555:598:579:557:311:607:49:588:575:523:604:433:607
133,67,583,0,6502,43:1:2:32:2:4:5:6:7:4:8:63:1:9:10:160:10:12:11:312:12:14:9:8:15:16:20:15:18:19:503:19:81:22:48:36:23:18:14:503:24:4:16:6:25:12:38:26:0:28:131:25:29:29:503:492:45:24:26:31:606:7:33:21:28:66:20:492:23:4:34:32:16:34:312:48:36:312:22:0:37:46:31:492:38:23:39:39:606:215:41:7:42:43:2:38:215:41:33:44:160:20:0:21:47:45:606:49:31:58:10:50:49:44:51:77:34:47:52:51:53:54:55:36:53:32:57:28:48:94:93:42:60:49:61:61:62:120:55:64:65:54:52:62:43:64:93:66:67:1:73:67:68:60:37:69:57:65:233:182:69:22:71:8:60:71:72:56:40:68:29:120:19:74:66:74:65:75:37:43:76:75:77:81:45:78:233:76:72:596:61:80:596:11:82:83:84:56:64:596:70:85:86:85:80:81:86:80:73:87:83:63:69:55:88:89:78:90:88:91:67:91:89:14:70:78:81:88:94:21:95:40:82:31:52:44:55:94:87:95:97:192:40:97:72:21:144:50:136:99:100:101:102:103:82:104:25:103:101:105:106:103:73:107:105:104:108:98:109:108:51:109:39:100:27:15:110:71:107:111:112:113:114:54:115:116:102:110:83:116:94:114:36:107:117:118:68:119:77:70:132:112:58:63:115:121:122:122:119:111:42:90:5:123:113:115:99:124:125:126:118:41:47:124:127:126:128:129:130:29:130:131:122:132:125:133:123:117:133:127:18:126:129:128:34:132:109:19:134:97:135:58:134:137:135:138:109:96:139:127:78:140:141:31:142:84:96:137:130:101:141:142:144:145:136:146:129:91:146:139:27:84:119:147:144:138:121:149:150:147:233:95:151:53:151:123:147:120:125:87:152:153:41:153:145:152:149:100:149:39:154:155:150:50:157:107:156:133:155:128:136:158:154:157:75:158:93:159:142:160:143:146:161:162:163:59:162:161:59:37:143:166:150:140:159:112:167:153:168:169:165:124:169:168:170:89:6:84:131:56:171:172:172:137:156:89:167:171:173:170:174:173:175:174:165:159:17:166:140:536:175:164:11:17:178:536:503:179:180:180:181:181:182:158:183:26:134:184:179:175:185:116:186:186:180:95:187:173:185:184:46:220:139:187:189:190:191:150:24:113:192:90:191:179:193:191:134:105:194:110:138:189:183:67:186:195:194:196:197:190:27:132:197:198:195:199:143:74:184:106:98:155:196:200:193:152:192:181:5:57:183:201:141:138:202:200:51:203:391:199:189:205:205:104:206:46:207:207:208:201:168:203:198:171:209:210:6:211:2:111:172:208:211:200:209:164:212:202:213:194:212:117:536:176:193:167:210:206:170:114:201:137:135:168:20:147:122:161:188:169:213:216:217:217:85:153:55:218:219:220:151:146:92:22:221:220:219:221:165:195:222:223:224:223:224:221:163:222:215:174:156:182:184:225:226:227:218:228:229:228:226:155:218:210:230:123:225:136:231:50:74:224:554:231:212:230:197:102:45:77:98:234:234:235:234:236:221:237:238:154:88:236:199:239:118:208:240:237:554:241:240:241:242:308:239:235:62:27:223:219:63:243:133:243:176:230:242:76:108:227:244:226:245:244:246:222:228:247:248:246:145:235:249:250:247:33:249:252:135:225:253:239:248:229:233:250:252:110:249:209:166:97:17:86:231:240:242:254:255:245:256:257:255:258:185:259:256:254:258:257:260:32:261:360:162:263:264:178:265:259:213:263:261:238:266:259:267:211:254:260:248:265:268:252:268:269:270:264:271:272:243:9:57:193:196:273:269:26:267:227:274:275:276:277:276:275:278:279:272:270:273:274:280:163:282:86:71:38:277:268:284:278:285:239:282:116:286:246:247:149:287:274:286:284:270:278:220:267:266:202:384:289:411:290:260:180:92:300:285:169:292:289:290:271:279:293:108:294:284:206:245:283:295:294:296:121:91:190:292:297:273:298:162:299:300:286:524:288:157:295:302:231:303:300:69:283:297:524:271:293:260:219:277:265:304:305:304:261:205:86:306:292:188:308:302:309:291:305:205:237:295:308:287:296:191:310:311:24:198:311:313:309:314:315:142:316:266:250:313:314:317:306:314:92:298:230:299:253:14:303:111:158:318:289:309:257:238:317:320:321:320:113:299:316:317:315:321:318:322:267:60:323:323:323:203:157:324:325:326:251:68:310:327:319:324:214:104:305:325:288:328:329:285:330:322:294:331:331:332:460:332:334:335:336:337:338:334:339:222:339:321:340:335:460:341:340:338:330:329:342:214:229:342:343:335:282:336:188:235:337:72:326:327:344:345:346:347:269:345:341:348:349:349:85:346:350:348:351:351:343:352:241:255:299:342:310:353:344:1:115:354:349:524:23:350:339:189:352:315:355:355:353:279:356:328:335:65:347:357:356:318:358:357:359:354:354:337:83:327:360:199:361:362:363:311:121:365:361:363:359:355:364:366:367:368:332:360:102:264:365:358:366:252:338:370:371:272:206:368:372:438:373:370:374:25:125:297:375:343:376:262:100:263:273:362:371:8:377:378:245:376:375:377:363:373:333:367:368:378:126:372:52:276:376:311:345:379:380:370:284:381:382:225:106:383:344:554:383:262:384:385:381:296:386:362:262:129:207:359:381:379:322:387:319:333:244:258:388:342:389:213:380:329:387:356:389:382:16:390:310:366:388:390:347:17:274:346:391:385:306:392:393:386:58:394:304:371:395:395:367:280:396:396:229:357:392:256:397:397:320:376:54:316:398:399:400:393:156:163:402:400:403:350:365:391:399:404:251:290:394:405:0:406:326:404:375:406:402:361:28:403:369:407:385:341:408:124:336:298:410:411:379:372:281:297:398:408:357:18:291:407:413:178:412:399:118:283:380:218:331:377:348:400:386:414:400:253:414:356:416:415:416:99:417:353:418:373:351:418:106:330:420:350:434:173:421:417:262:307:212:382:452:424:553:275:402:425:420:303:308:425:427:161:112:410:283:406:553:325:429:254:302:429:329:393:421:10:265:430:194:99:387:280:397:352:285:208:431:427:432:228:420:258:430:433:434:241:434:405:431:234:433:468:277:432:383:410:437:384:438:383:384:439:198:440:440:425:417:441:415:442:15:307:499:450:120:437:523:441:450:399:185:321:446:405:447:447:448:427:265:441:447:445:444:389:413:446:449:422:408:216:452:247:407:523:374:434:436:439:453:411:454:454:275:340:453:455:471:179:427:237:495:465:293:422:455:456:442:288:287:449:187:403:459:448:448:416:454:459:421:59:392:444:236:164:429:463:419:464:606:464:465:143:463:409:421:442:390:369:465:466:280:467:227:437:424:468:469:470:415:436:469:471:418:439:203:472:455:103:370:414:353:452:168:429:472:440:281:378:470:473:475:468:186:569:476:456:449:314:478:422:479:358:481:324:304:301:478:483:475:476:479:481:484:494:444:281:201:432:486:388:485:446:471:460:187:301:59:119:398:467:489:483:556:445:490:182:433:489:348:490:491:491:484:569:426:303:454:11:333:369:498:494:56:347:495:209:491:170:44:328:446:497:496:494:456:369:306:226:486:209:496:486:409:396:301:419:164:500:514:487:590:207:488:333:488:459:476:500:377:438:390:471:415:466:554:251:507:507:508:509:581:154:412:364:510:510:131:475:368:481:508:511:512:498:181:509:215:428:513:512:514:105:484:515:515:431:484:470:93:64:339:47:397:504:517:518:512:459:497:53:517:216:504:419:507:499:519:451:520:381:545:12:334:351:485:520:523:490:313:291:518:405:525:217:511:238:525:590:90:467:463:519:413:515:520:307:530:319:531:529:188:373:294:464:473:127:428:530:263:46:487:276:534:529:452:531:479:462:530:523:528:80:516:322:497:355:95:537:485:534:467:537:92:539:522:539:499:541:249:96:541:550:255:521:528:532:542:543:544:598:542:543:522:425:312:521:496:531:545:388:513:490:544:546:141:545:546:547:465:513:539:499:401:549:152:293:29:549:550:302:394:281:404:495:474:436:451:483:581:175:437:549:514:379:472:555:372:555:544:493:319:547:456:401:374:489:558:548:550:582:197:556:272:601:601:560:561:562:560:546:535:564:564:562:518:560:558:561:532:551:565:537:458:510:535:462:464:566:540:600:492:458:239:568:323:390:568:458:569:498:570:204:494:457:409:440:389:474:566:519:500:573:462:565:574:145:501:566:474:478:574:575:493:576:575:577:576:214:469:577:578:448:573:551:395:508:569:576:579:580:580:509:573:516:579:582:420:583:211:473:570:585:430:30:488:453:586:587:561:526:588:582:30:525:589:528:572:341:73:578:556:589:578:511:591:577:592:588:591:593:593:367:565:586:457:592:343:594:548:424:595:584:80:167:595:505:594:585:526:541:204:576:594:601:426:320:598:426:584:586:583:517:599:585:540:600:542:600:601:602:605:479:603:574:602:604:491:543:604:586:530:599:587:605:48:603:555:598:579:557:311:607:49:588:575:523:604:433:607
137,70,583,0,6501,43:1:2:32:2:4:5:6:7:4:8:63:1:9:10:160:10:12:11:312:12:14:9:8:15:16:20:15:18:19:503:19:81:22:48:36:23:18:14:503:24:4:16:6:25:12:38:26:0:28:131:25:29:29:503:492:45:24:26:31:606:7:33:21:28:66:20:492:23:4:34:32:16:34:312:48:36:312:22:0:37:46:31:492:38:23:39:39:606:215:41:7:42:43:2:38:215:41:33:44:160:20:0:21:47:45:606:49:31:58:10:50:49:44:51:77:34:47:52:51:53:54:55:36:53:32:57:28:48:94:93:42:60:49:61:61:62:120:55:64:65:54:52:62:43:64:93:66:67:1:73:67:68:60:37:69:57:65:233:182:69:22:71:8:60:71:72:56:40:68:29:120:19:74:66:74:65:75:37:43:76:75:77:81:45:78:233:76:72:596:61:80:596:11:82:83:84:56:64:596:70:85:86:85:80:81:86:80:73:87:83:63:69:55:88:89:78:90:88:91:67:91:89:14:70:78:81:88:94:21:95:40:82:31:52:44:55:94:87:95:97:192:40:97:72:21:144:50:136:99:100:101:102:103:82:104:25:103:101:105:106:103:73:107:105:104:108:98:109:108:51:109:39:100:27:15:110:71:107:111:112:113:114:54:115:116:102:110:83:116:94:114:36:107:117:118:68:119:77:70:132:112:58:63:115:121:122:122:119:111:42:90:5:123:113:115:99:124:125:126:118:41:47:124:127:126:128:129:130:29:130:131:122:132:125:133:123:117:133:127:18:126:129:128:34:132:109:19:134:97:135:58:134:137:135:138:109:96:139:127:78:140:141:31:142:84:96:137:130:101:141:142:144:145:136:146:129:91:146:139:27:84:119:147:144:138:121:149:150:147:233:95:151:53:151:123:147:120:125:87:152:153:41:153:145:152:149:100:149:39:154:155:150:50:157:107:156:133:155:128:136:158:154:157:75:158:93:159:142:160:143:146:161:162:163:59:162:161:59:37:143:166:150:140:159:112:167:153:168:169:165:124:169:168:170:89:6:84:131:56:171:172:172:137:156:89:167:171:173:170:174:173:175:174:165:159:17:166:140:536:175:164:11:17:178:536:503:179:180:180:181:181:182:158:183:26:134:184:179:175:185:116:186:186:180:95:187:173:185:184:46:220:139:187:189:190:191:150:24:113:192:90:191:179:193:191:134:105:194:110:138:189:183:67:186:195:194:196:197:190:27:132:197:198:195:199:143:74:184:106:98:155:196:200:193:152:192:181:5:57:183:201:141:138:202:200:51:203:391:199:189:205:205:104:206:46:207:207:208:201:168:203:198:171:209:210:6:211:2:111:172:208:211:200:209:164:212:202:213:194:212:117:536:176:193:167:210:206:170:114:201:137:135:168:20:147:122:161:188:169:213:216:217:217:85:153:55:218:219:220:151:146:92:22:221:220:219:221:165:195:222:223:224:223:224:221:163:222:215:174:156:182:184:225:226:227:218:228:229:228:226:155:218:210:230:123:225:136:231:50:74:224:554:231:212:230:197:102:45:77:98:234:234:235:234:236:221:237:238:154:88:236:199:239:118:208:240:237:554:241:240:241:242:308:239:235:62:27:223:219:63:243:133:243:176:230:242:76:108:227:244:226:245:244:246:222:228:247:248:246:145:235:249:250:247:33:249:252:135:225:253:239:248:229:233:250:252:110:249:209:166:97:17:86:231:240:242:254:255:245:256:257:255:258:185:259:256:254:258:257:260:32:261:360:162:263:264:178:265:259:213:263:261:238:266:259:267:211:254:260:248:265:268:252:268:269:270:264:271:272:243:9:57:193:196:273:269:26:267:227:274:275:276:277:276:275:278:279:272:270:273:274:280:163:282:86:71:38:277:268:284:278:285:239:282:116:286:246:247:149:287:274:286:284:270:278:220:267:266:202:384:289:411:290:260:180:92:300:285:169:292:289:290:271:279:293:108:294:284:206:245:283:295:294:296:121:91:190:292:297:273:298:162:299:300:286:524:288:157:295:302:231:303:300:69:283:297:524:271:293:260:219:277:265:304:305:304:261:205:86:306:292:188:308:302:309:291:305:205:237:295:308:287:296:191:310:311:24:198:311:313:309:314:315:142:316:266:250:313:314:317:306:314:92:298:230:299:253:14:303:111:158:318:289:309:257:238:317:320:321:320:113:299:316:317:315:321:318:322:267:60:323:323:323:203:157:324:325:326:251:68:310:327:319:324:214:104:305:325:288:328:329:285:330:322:294:331:331:332:460:332:334:335:336:337:338:334:339:222:339:321:340:335:460:341:340:338:330:329:342:214:229:342:343:335:282:336:188:235:337:72:326:327:344:345:346:347:269:345:341:348:349:349:85:346:350:348:351:351:343:352:241:255:299:342:310:353:344:1:115:354:349:524:23:350:339:189:352:315:355:355:353:279:356:328:335:65:347:357:356:318:358:357:359:354:354:337:83:327:360:199:361:362:363:311:121:365:361:363:359:355:364:366:367:368:332:360:102:264:365:358:366:252:338:370:371:272:206:368:372:438:373:370:374:25:125:297:375:343:376:262:100:263:273:362:371:8:377:378:245:376:375:377:363:373:333:367:368:378:126:372:52:276:376:311:345:379:380:370:284:381:382:225:106:383:344:554:383:262:384:385:381:296:386:362:262:129:207:359:381:379:322:387:319:333:244:258:388:342:389:213:380:329:387:356:389:382:16:390:310:366:388:390:347:17:274:346:391:385:306:392:393:386:58:394:304:371:395:395:367:280:396:396:229:357:392:256:397:397:320:376:54:316:398:399:400:393:156:163:402:400:403:350:365:391:399:404:251:290:394:405:0:406:326:404:375:406:402:361:28:403:369:407:385:341:408:124:336:298:410:411:379:372:281:297:398:408:357:18:291:407:413:178:412:399:118:283:380:218:331:377:348:400:386:414:400:253:414:356:416:415:416:99:417:353:418:373:351:418:106:330:420:350:434:173:421:417:262:307:212:382:452:424:553:275:402:425:420:303:308:425:427:161:112:410:283:406:553:325:429:254:302:429:329:393:421:10:265:430:194:99:387:280:397:352:285:208:431:427:432:228:420:258:430:433:434:241:434:405:431:234:433:468:277:432:383:410:437:384:438:383:384:439:198:440:440:425:417:441:415:442:15:307:499:450:120:437:523:441:450:399:185:321:446:405:447:447:448:427:265:441:447:445:444:389:413:446:449:422:408:216:452:247:407:523:374:434:436:439:453:411:454:454:275:340:453:455:471:179:427:237:495:465:293:422:455:456:442:288:287:449:187:403:459:448:448:416:454:459:421:59:392:444:236:164:429:463:419:464:606:464:465:143:463:409:421:442:390:369:465:466:280:467:227:437:424:468:469:470:415:436:469:471:418:439:203:472:455:103:370:414:353:452:168:429:472:440:281:378:470:473:475:468:186:569:476:456:449:314:478:422:479:358:481:324:304:301:478:483:475:476:479:481:484:494:444:281:201:432:486:388:485:446:471:460:187:301:59:119:398:467:489:483:556:445:490:182:433:489:348:490:491:491:176:569:426:303:454:11:333:369:498:494:56:347:495:209:491:170:44:328:446:497:496:494:456:369:306:226:486:209:496:486:409:396:301:419:164:500:514:487:590:207:488:333:488:459:476:500:377:438:390:471:415:466:554:251:507:507:508:509:581:154:412:364:510:510:131:475:368:481:508:511:512:498:181:509:215:428:513:512:514:105:483:515:515:431:484:470:93:64:339:47:397:504:517:518:512:459:497:53:517:216:504:419:507:499:519:451:520:381:545:12:334:351:485:520:523:490:313:291:518:405:525:217:511:238:525:590:90:467:463:519:413:515:520:307:530:319:531:529:188:373:294:464:473:127:428:530:263:46:487:276:534:529:452:531:479:462:530:523:528:80:516:322:497:355:95:537:485:445:467:537:92:539:522:539:499:541:249:96:541:534:255:521:528:532:542:543:544:598:542:543:522:425:312:521:496:531:545:388:513:490:544:546:141:545:546:547:465:513:539:499:401:549:152:293:29:549:484:302:394:281:404:495:474:436:451:483:581:175:437:549:514:379:472:555:372:555:544:493:319:547:456:401:374:489:558:548:550:582:197:556:272:601:601:560:561:562:560:546:535:564:564:562:518:560:558:561:532:551:565:537:458:510:535:462:464:566:540:600:492:458:239:568:323:390:568:458:569:498:570:204:494:457:409:440:389:474:566:519:500:573:462:565:574:145:501:566:474:478:574:575:493:576:575:577:576:214:469:577:578:448:573:551:395:508:569:576:579:580:580:509:573:516:579:582:420:583:211:473:570:585:430:30:488:453:586:587:561:526:588:582:30:525:589:528:572:341:73:578:556:589:578:511:591:577:592:588:591:593:593:367:565:586:457:592:343:594:548:424:595:584:80:167:595:505:594:585:526:541:204:576:594:601:426:320:598:426:584:586:583:517:599:585:540:600:542:600:601:602:605:479:603:574:602:604:491:543:604:586:530:599:587:605:48:603:555:598:579:557:311:607:49:588:575:523:604:433:607
139,72,582,0,6500,43:1:2:32:2:4:5:6:7:4:8:63:1:9:10:160:10:12:11:312:12:14:9:8:15:16:20:15:18:19:503:19:81:22:48:36:23:18:14:503:24:4:16:6:25:12:38:26:0:28:131:25:29:29:503:492:45:24:26:31:606:7:33:21:28:66:20:492:23:4:34:32:16:34:312:48:36:312:22:0:37:46:31:492:38:23:39:39:606:215:41:7:42:43:2:38:215:41:33:44:160:20:0:21:47:45:606:49:31:58:10:50:49:44:51:77:34:47:52:51:53:54:55:36:53:32:57:28:48:94:93:42:60:49:61:61:62:120:55:64:65:54:52:62:43:64:93:66:67:1:73:67:68:60:37:69:57:65:233:182:69:22:71:8:60:71:72:56:40:68:29:120:19:74:66:74:65:75:37:43:76:75:77:81:45:78:233:76:72:596:61:80:596:11:82:83:84:56:64:596:70:85:86:85:80:81:86:80:73:87:83:63:69:55:88:89:78:90:88:91:67:91:89:14:70:78:81:88:94:21:95:40:82:31:52:44:55:94:87:95:97:192:40:97:72:21:144:50:136:99:100:101:102:103:82:104:25:103:101:105:106:103:73:107:105:104:108:98:109:108:51:109:39:100:27:15:110:71:107:111:112:113:114:54:115:116:102:110:83:116:94:114:36:107:117:118:68:119:77:70:132:112:58:63:115:121:122:122:119:111:42:90:5:123:113:115:99:124:125:126:118:41:47:124:127:126:128:129:130:29:130:131:122:132:125:133:123:117:133:127:18:126:129:128:34:132:109:19:134:97:135:58:134:137:135:138:109:96:139:127:78:140:141:31:142:84:96:137:130:101:141:142:144:145:136:146:129:91:146:139:27:84:119:147:144:138:121:149:150:147:233:95:151:53:151:123:147:120:125:87:152:153:41:153:145:152:149:100:149:39:154:155:150:50:157:107:156:133:155:128:136:158:154:157:75:158:93:159:142:160:143:146:161:162:163:59:162:161:59:37:143:166:150:140:159:112:167:153:168:169:165:124:169:168:170:89:6:84:131:56:171:172:172:137:156:89:167:171:173:170:174:173:175:174:165:159:17:166:140:536:175:164:11:17:178:536:503:179:180:180:181:181:182:158:183:26:134:184:179:175:185:116:186:186:180:95:187:173:185:184:46:220:139:187:189:190:191:150:24:113:192:90:191:179:193:191:134:105:194:110:138:189:183:67:186:195:194:196:197:190:27:132:197:198:195:199:143:74:184:106:98:155:196:200:193:152:192:181:5:57:183:201:141:138:202:200:51:203:391:199:189:205:205:104:206:46:207:207:208:201:168:203:198:171:209:210:6:211:2:111:172:208:211:200:209:164:212:202:213:194:212:117:536:176:193:167:210:206:170:114:201:137:135:168:20:147:122:161:188:169:213:216:217:217:85:153:55:218:219:220:151:146:92:22:221:220:219:221:165:195:222:223:224:223:224:221:163:222:215:174:156:182:184:225:226:227:218:228:229:228:226:155:218:210:230:123:225:136:231:50:74:224:554:231:212:230:197:102:45:77:98:234:234:235:234:236:221:237:238:154:88:236:199:239:118:208:240:237:554:241:240:241:242:308:239:235:62:27:223:219:63:243:133:243:176:230:242:76:108:227:244:226:245:244:246:222:228:247:248:246:145:235:249:250:247:33:249:252:135:225:253:239:248:229:233:250:252:110:249:209:166:97:17:86:231:240:242:254:255:245:256:257:255:258:185:259:256:254:258:257:260:32:261:360:162:263:264:178:265:259:213:263:261:238:266:259:267:211:254:260:248:265:268:252:268:269:270:264:271:272:243:9:57:193:196:273:269:26:267:227:274:275:276:277:276:275:278:279:272:270:273:274:280:163:282:86:71:38:277:268:284:278:285:239:282:116:286:246:247:149:287:274:286:284:270:278:220:267:266:202:384:289:411:290:260:180:92:300:285:169:292:289:290:271:279:293:108:294:284:206:245:283:295:294:296:121:91:190:292:297:273:298:162:299:300:286:524:288:157:295:302:231:303:300:69:283:297:524:271:293:260:219:277:265:304:305:304:261:205:86:306:292:188:308:302:309:291:305:205:237:295:308:287:296:191:310:311:24:198:311:313:309:314:315:142:316:266:250:313:314:317:306:314:92:298:230:299:253:14:303:111:158:318:289:309:257:238:317:320:321:320:113:299:316:317:315:321:318:322:267:60:323:323:323:203:157:324:325:326:251:68:310:327:319:324:214:104:305:325:288:328:329:285:330:322:294:331:331:332:460:332:334:335:336:337:338:334:339:222:339:321:340:335:460:341:340:338:330:329:342:214:229:342:343:335:282:336:188:235:337:72:326:327:344:345:346:347:269:345:341:348:349:349:85:346:350:348:351:351:343:352:241:255:299:342:310:353:344:1:115:354:349:524:23:350:339:189:352:315:355:355:353:279:356:328:335:65:347:357:356:318:358:357:359:354:354:337:83:327:360:199:361:362:363:311:121:365:361:363:359:355:364:366:367:368:332:360:102:264:365:358:366:252:338:370:371:272:206:368:372:438:373:370:374:25:125:297:375:343:376:262:100:263:273:362:371:8:377:378:245:376:375:377:363:373:333:367:368:378:126:372:52:276:376:311:345:379:380:370:284:381:382:225:106:383:344:554:383:262:384:385:381:296:386:362:262:129:207:359:381:379:322:387:319:333:244:258:388:342:389:213:380:329:387:356:389:382:16:390:310:366:388:390:347:17:274:346:391:385:306:392:393:386:58:394:304:371:395:395:367:280:396:396:229:357:392:256:397:397:320:376:54:316:398:399:400:393:156:163:402:400:403:350:365:391:399:404:251:290:394:405:0:406:326:404:375:406:402:361:28:403:369:407:385:341:408:124:336:298:410:411:379:372:281:297:398:408:357:18:291:407:413:178:412:399:118:283:380:218:331:377:348:400:386:414:400:253:414:356:416:415:416:99:417:353:418:373:351:418:106:330:420:350:434:173:421:417:262:307:212:382:452:424:553:275:402:425:420:303:308:425:427:161:112:410:283:406:553:325:429:254:302:429:329:393:421:10:265:430:194:99:387:280:397:352:285:208:431:427:432:228:420:258:430:433:434:241:434:405:431:234:433:468:277:432:383:410:437:384:438:383:384:439:198:440:440:425:417:441:415:442:15:307:499:450:120:437:523:441:450:399:185:321:446:405:447:447:448:427:265:441:447:445:444:389:413:446:449:422:408:216:452:247:407:523:374:434:436:439:453:411:454:454:275:340:453:455:471:179:427:237:495:465:293:422:455:456:442:288:287:449:187:403:459:448:448:416:454:459:421:59:392:444:236:164:429:463:419:464:606:464:465:143:463:409:421:442:390:369:465:466:280:467:227:437:424:468:469:470:415:436:469:471:418:439:203:472:455:103:370:414:353:452:168:429:472:440:281:378:470:473:475:468:186:569:476:456:449:314:478:422:479:358:481:324:304:301:478:483:475:476:479:481:484:494:444:281:201:432:486:388:485:446:471:460:187:301:59:119:398:467:489:483:556:445:490:182:433:489:348:490:491:491:176:569:426:303:454:11:333:369:498:494:56:347:495:209:491:170:44:328:446:497:496:494:456:369:306:226:486:209:496:486:409:396:301:419:164:500:514:487:590:207:488:333:488:459:476:500:377:438:390:471:415:466:554:251:507:507:508:509:581:154:412:364:510:510:131:475:368:481:508:511:512:498:181:509:215:428:513:512:514:105:483:515:515:431:484:470:93:64:339:47:397:504:517:518:512:459:497:53:517:216:504:419:507:499:519:451:520:381:545:12:334:351:485:520:523:490:313:291:518:405:525:217:511:238:525:590:90:467:463:519:413:515:520:307:530:319:531:529:188:373:294:464:473:127:428:530:263:46:487:276:534:529:452:531:479:462:530:523:528:80:516:322:497:355:95:537:485:445:467:537:92:539:522:539:499:541:249:96:541:534:255:521:528:532:542:543:544:598:542:543:522:425:312:521:496:531:545:388:513:490:544:546:141:545:546:547:465:513:539:499:401:549:152:293:29:549:484:302:394:281:404:495:474:436:451:483:581:175:437:549:514:379:472:555:372:555:544:493:319:547:456:401:374:489:558:548:550:582:197:556:272:601:601:560:561:562:560:546:535:564:564:562:518:560:558:561:411:551:565:537:458:510:535:462:464:566:540:600:492:458:239:568:323:390:568:458:569:498:570:204:494:457:409:440:389:474:566:519:500:573:462:565:574:145:501:566:474:478:574:575:493:576:575:577:576:214:469:577:578:448:573:551:395:508:569:576:579:580:580:509:573:516:579:582:420:583:211:473:570:585:430:30:488:453:586:532:561:526:588:582:30:525:589:528:572:341:73:578:556:589:578:511:591:577:592:588:591:593:593:367:565:586:457:592:343:594:548:424:595:584:80:167:595:505:594:585:526:541:204:576:594:601:426:320:598:426:584:586:583:517:599:585:540:600:542:600:601:602:605:479:603:574:602:604:491:543:604:586:530:599:501:605:48:603:555:598:579:557:311:607:49:588:575:523:604:433:607
142,74,581,0,6499,43:1:2:32:2:4:5:6:7:4:8:63:1:9:10:160:10:12:11:312:12:14:9:8:15:16:20:15:18:19:503:19:81:22:48:36:23:18:14:503:24:4:16:6:25:12:38:26:0:28:131:25:29:29:503:492:45:24:26:31:606:7:33:21:28:66:20:492:23:4:34:32:16:34:312:48:36:312:22:0:37:46:31:492:38:23:39:39:606:215:41:7:42:43:2:38:215:41:33:44:160:20:0:21:47:45:606:49:31:58:10:50:49:44:51:77:34:47:52:51:53:54:55:36:53:32:57:28:48:94:93:42:60:49:61:61:62:120:55:64:65:54:52:62:43:64:93:66:67:1:73:67:68:60:37:69:57:65:233:182:69:22:71:8:60:71:72:56:40:68:29:120:19:74:66:74:65:75:37:43:76:75:77:81:45:78:233:76:72:596:61:80:596:11:82:83:84:56:64:596:70:85:86:85:80:81:86:80:73:87:83:63:69:55:88:89:78:90:88:91:67:91:89:14:70:78:81:88:94:21:95:40:82:31:52:44:55:94:87:95:97:192:40:97:72:21:144:50:136:99:100:101:102:103:82:104:25:103:101:105:106:103:73:107:105:104:108:98:109:108:51:109:39:100:27:15:110:71:107:111:112:113:114:54:115:116:102:110:83:116:94:114:36:107:117:118:68:119:77:70:132:112:58:63:115:121:122:122:119:111:42:90:5:123:113:115:99:124:125:126:118:41:47:124:127:126:128:129:130:29:130:131:122:132:125:133:123:117:133:127:18:126:129:128:34:132:109:19:134:97:135:58:134:137:135:138:109:96:139:127:78:140:141:31:142:84:96:137:130:101:141:142:144:145:136:146:129:91:146:139:27:84:119:147:144:138:121:149:150:147:233:95:151:53:151:123:147:120:125:87:152:153:41:153:145:152:149:100:149:39:154:155:150:50:157:107:156:133:155:128:136:158:154:157:75:158:93:159:142:160:143:146:161:162:163:59:162:161:59:37:143:166:150:140:159:112:167:153:168:169:165:124:169:168:170:89:6:84:131:56:171:172:172:137:156:89:167:171:173:170:174:173:175:174:165:159:17:166:140:536:175:164:11:17:178:536:503:179:180:180:181:181:182:158:183:26:134:184:179:175:185:116:186:186:180:95:187:173:185:184:46:220:139:187:189:190:191:150:24:113:192:90:191:179:193:191:134:105:194:110:138:189:183:67:186:195:194:196:197:190:27:132:197:198:195:199:143:74:184:106:98:155:196:200:193:152:192:181:5:57:183:201:141:138:202:200:51:203:391:199:189:205:205:104:206:46:207:207:208:201:168:203:198:171:209:210:6:211:2:111:172:208:211:200:209:164:212:202:213:194:212:117:536:176:193:167:210:206:170:114:201:137:135:168:20:147:122:161:188:169:213:216:217:217:85:153:55:218:219:220:151:146:92:22:221:220:219:221:165:195:222:223:224:223:224:221:163:222:215:174:156:182:184:225:226:227:218:228:229:228:226:155:218:210:230:123:225:136:231:50:74:224:554:231:212:230:197:102:45:77:98:234:234:235:234:236:221:237:238:154:88:236:199:239:118:208:240:237:554:241:240:241:242:308:239:235:62:27:223:219:63:243:133:243:176:230:242:76:108:227:244:226:245:244:246:222:228:247:248:246:145:235:249:250:247:33:249:252:135:225:253:239:248:229:233:250:252:110:249:209:166:97:17:86:231:240:242:254:255:245:256:257:255:258:185:259:256:254:258:257:260:32:261:360:162:263:264:178:265:259:213:263:261:238:266:259:267:211:254:260:248:265:268:252:268:269:270:264:271:272:243:9:57:193:196:273:269:26:267:227:274:275:276:277:276:275:278:279:272:270:273:274:280:163:282:86:71:38:277:268:284:278:285:239:282:116:286:246:247:149:287:274:286:284:270:278:220:267:266:202:384:289:411:290:260:180:92:300:285:169:292:289:290:271:279:293:108:294:284:206:245:283:295:294:296:121:91:190:292:297:273:298:162:299:300:286:524:288:157:295:302:231:303:300:69:283:297:524:271:293:260:219:277:265:304:305:304:261:205:86:306:292:188:308:302:309:291:305:205:237:295:308:287:296:191:310:311:24:198:311:313:309:314:315:142:316:266:250:313:314:317:306:314:92:298:230:299:253:14:303:111:158:318:289:309:257:238:317:320:321:320:113:299:316:317:315:321:318:322:267:60:323:323:323:203:157:324:325:326:251:68:310:327:319:324:214:104:305:325:288:328:329:285:330:322:294:331:331:332:460:332:334:335:336:337:338:334:339:222:339:321:340:335:460:341:340:338:330:329:342:214:229:342:343:335:282:336:188:235:337:72:326:327:344:345:346:347:269:345:341:348:349:349:85:346:350:348:351:351:343:352:241:255:299:342:310:353:344:1:115:354:349:524:23:350:339:189:352:315:355:355:353:279:356:328:335:65:347:357:356:318:358:357:359:354:354:337:83:327:360:199:361:362:363:311:121:365:361:363:359:355:364:366:367:368:332:360:102:264:365:358:366:252:338:370:371:272:206:368:372:438:373:370:374:25:125:297:375:343:376:262:100:263:273:362:371:8:377:378:245:376:375:377:363:373:333:367:368:378:126:372:52:276:376:311:345:379:380:370:284:381:382:225:106:383:344:554:383:262:384:385:381:296:386:362:262:129:207:359:381:379:322:387:319:333:244:258:388:342:389:213:380:329:387:356:389:382:16:390:310:366:388:390:347:17:274:346:391:385:306:392:393:386:58:394:304:371:395:395:367:280:396:396:229:357:392:256:397:397:320:376:54:316:398:399:400:393:156:163:402:400:403:350:365:391:399:404:251:290:394:405:0:406:326:404:375:406:402:361:28:403:369:407:385:341:408:124:336:298:410:411:379:372:281:297:398:408:357:18:291:407:413:178:412:399:118:283:380:218:331:377:348:400:386:414:400:253:414:356:416:415:416:99:417:353:418:373:351:418:106:330:420:350:434:173:421:417:262:307:212:382:452:424:553:275:402:425:420:303:308:425:427:161:112:410:283:406:553:325:429:254:302:429:329:393:421:10:265:430:194:99:387:280:397:352:285:208:431:427:432:228:420:258:430:433:434:241:434:405:431:234:433:468:277:432:383:410:437:384:438:383:384:439:198:440:440:425:417:441:415:442:15:307:499:450:120:437:523:441:450:399:185:321:446:405:447:447:448:427:265:441:447:445:444:389:413:446:449:422:408:216:452:247:407:523:374:434:436:439:453:411:454:454:275:340:453:455:471:179:427:237:495:465:293:422:455:456:442:288:287:449:187:403:459:448:448:416:454:459:421:59:392:444:236:164:429:463:419:464:606:464:465:143:463:409:421:442:390:369:465:466:280:467:227:437:424:468:469:470:415:436:469:471:418:439:203:472:455:103:370:414:353:452:168:429:472:440:281:378:470:473:475:468:186:569:476:456:449:314:478:422:479:358:481:324:304:301:478:483:475:476:479:481:484:494:444:281:201:432:486:388:485:446:471:460:187:301:59:119:398:467:489:483:556:445:490:182:433:489:348:490:491:491:176:569:426:303:454:11:333:369:498:494:56:347:495:209:491:170:44:328:446:497:496:494:456:369:306:226:486:209:496:486:409:396:301:419:164:500:514:487:590:207:488:333:488:459:476:500:377:438:390:471:415:466:554:251:507:507:508:509:581:154:412:364:510:510:131:475:368:481:508:511:512:498:181:509:215:428:513:512:514:105:483:515:515:431:484:470:93:64:339:47:397:504:517:518:512:459:497:53:517:216:504:419:507:499:519:451:520:381:545:12:334:351:485:520:523:490:313:291:518:405:525:217:511:238:525:590:90:467:463:519:413:515:520:307:530:319:531:529:188:373:294:464:473:127:428:530:263:46:487:276:534:529:452:531:479:462:530:523:528:80:516:322:497:355:95:537:485:445:467:537:92:539:522:539:499:541:249:96:541:534:255:521:528:532:542:543:544:598:542:543:522:425:312:521:496:531:545:388:513:490:544:546:141:545:546:547:465:513:539:499:401:549:152:293:29:549:484:302:394:281:404:495:474:436:451:483:581:175:437:549:514:379:472:555:372:555:544:493:319:547:456:401:374:489:557:548:550:582:197:556:272:601:601:560:561:562:560:546:535:564:564:562:518:560:573:561:411:551:565:537:458:510:535:462:464:566:540:600:492:458:239:568:323:390:568:458:569:498:570:204:494:457:409:440:389:474:566:519:500:573:462:565:574:145:501:566:474:478:574:575:493:576:575:577:576:214:469:577:578:448:160:551:395:508:569:576:579:580:580:509:9:516:579:582:420:583:211:473:570:585:430:30:488:453:586:532:561:526:588:582:30:525:589:528:572:341:73:578:556:589:578:511:591:577:592:588:591:593:593:367:565:586:457:592:343:594:548:424:595:584:80:167:595:505:594:585:526:541:204:576:594:601:426:320:598:426:584:586:583:517:599:585:540:600:542:600:601:602:605:479:603:574:602:604:491:543:604:586:530:599:501:605:48:603:555:598:579:557:311:607:49:588:575:523:604:433:607
143,74,581,0,6498,43:1:2:32:2:4:5:6:7:4:8:63:1:9:10:160:10:12:11:312:12:14:9:8:15:16:20:15:18:19:503:19:81:22:48:36:23:18:14:503:24:4:16:6:25:12:38:26:0:28:131:25:29:29:503:492:45:24:26:31:606:7:33:21:28:66:20:492:23:4:34:32:16:34:312:48:36:312:22:0:37:46:31:492:38:23:39:39:606:215:41:7:42:43:2:38:215:41:33:44:160:20:0:21:47:45:606:49:31:58:10:50:49:44:51:77:34:47:52:51:53:54:55:36:53:32:57:28:48:94:93:42:60:49:61:61:62:120:55:64:65:54:52:62:43:64:93:66:67:1:73:67:68:60:37:69:57:65:233:182:69:22:71:8:60:71:72:56:40:68:29:120:19:74:66:74:65:75:37:43:76:75:77:81:45:78:233:76:72:596:61:80:596:11:82:83:84:56:64:596:70:85:86:85:80:81:86:80:73:87:83:63:69:55:88:89:78:90:88:91:67:91:89:14:70:78:81:88:94:21:95:40:82:31:52:44:55:94:87:95:97:192:40:97:72:21:144:50:136:99:100:101:102:103:82:104:25:103:101:105:106:103:73:107:105:104:108:98:109:108:51:109:39:100:27:15:110:71:107:111:112:113:114:54:115:116:102:110:83:116:94:114:36:107:117:118:68:119:77:70:132:112:58:63:115:121:122:122:119:111:42:90:5:123:113:115:99:124:125:126:118:41:5:124:127:126:128:129:130:29:130:131:122:132:125:133:123:117:133:127:18:126:129:128:34:132:109:19:134:97:135:58:134:137:135:138:109:96:139:127:78:140:141:31:142:84:96:137:130:101:141:142:144:145:136:146:129:91:146:139:27:84:119:147:144:138:121:149:150:147:233:95:151:53:151:123:147:120:125:87:152:153:41:153:145:152:149:100:149:39:154:155:150:50:157:107:156:133:155:47:136:158:154:157:75:158:93:159:142:160:143:146:161:162:163:59:162:161:59:37:143:128:150:140:159:112:167:153:168:169:165:124:169:168:170:89:6:84:131:56:171:172:172:137:156:89:167:171:173:170:174:173:175:174:165:159:17:166:140:536:175:164:11:17:178:536:503:179:180:180:181:181:182:158:183:26:134:184:179:175:185:116:186:186:180:95:187:173:185:184:46:220:139:187:189:190:191:150:24:113:192:90:191:179:193:191:134:105:194:110:138:189:183:67:186:195:194:196:197:190:27:132:197:198:195:199:143:74:184:106:98:155:196:200:166:152:192:181:5:57:183:201:141:138:202:200:51:203:391:199:189:205:205:104:206:46:207:207:208:201:168:203:198:171:209:210:6:211:2:111:172:208:211:200:209:164:212:202:213:194:212:117:536:176:193:167:210:206:170:114:201:137:135:168:20:147:122:161:188:169:213:216:217:217:85:153:55:218:219:220:151:146:92:22:221:220:219:221:165:195:222:223:224:223:224:221:163:222:215:174:156:182:184:225:226:227:218:228:229:228:226:155:218:210:230:123:225:136:231:50:74:224:554:231:212:230:197:102:45:77:98:234:234:235:234:236:221:237:238:154:88:236:199:239:118:208:240:237:554:241:240:241:242:308:239:235:62:27:223:219:63:243:133:243:176:230:242:76:108:227:244:226:245:244:246:222:228:247:248:246:145:235:249:250:247:33:249:252:135:225:253:239:248:229:233:250:252:110:249:209:166:97:17:86:231:240:242:254:255:245:256:257:255:258:185:259:256:254:258:257:260:32:261:360:162:263:264:178:265:259:213:263:261:238:266:259:267:211:254:260:248:265:268:252:268:269:270:264:271:272:243:9:57:193:196:273:269:26:267:227:274:275:276:277:276:275:278:279:272:270:273:274:280:163:282:86:71:38:277:268:284:278:285:239:282:116:286:246:247:149:287:274:286:284:270:278:220:267:266:202:384:289:411:290:260:180:92:300:285:169:292:289:290:271:279:293:108:294:284:206:245:283:295:294:296:121:91:190:292:297:273:298:162:299:300:286:524:288:157:295:302:231:303:300:69:283:297:524:271:293:260:219:277:265:304:305:304:261:205:86:306:292:188:308:302:309:291:305:205:237:295:308:287:296:191:310:311:24:198:311:313:309:314:315:142:316:266:250:313:314:317:306:314:92:298:230:299:253:14:303:111:158:318:289:309:257:238:317:320:321:320:113:299:316:317:315:321:318:322:267:60:323:323:323:203:157:324:325:326:251:68:310:327:319:324:214:104:305:325:288:328:329:285:330:322:294:331:331:332:460:332:334:335:336:337:338:334:339:222:339:321:340:335:460:341:340:338:330:329:342:214:229:342:343:335:282:336:188:235:337:72:326:327:344:345:346:347:269:345:341:348:349:349:85:346:350:348:351:351:343:352:241:255:299:342:310:353:344:1:115:354:349:524:23:350:339:189:352:315:355:355:353:279:356:328:335:65:347:357:356:318:358:357:359:354:354:337:83:327:360:199:361:362:363:311:121:365:361:363:359:355:364:366:367:368:332:360:102:264:365:358:366:252:338:370:371:272:206:368:372:438:373:370:374:25:125:297:375:343:376:262:100:263:273:362:371:8:377:378:245:376:375:377:363:373:333:367:368:378:126:372:52:276:376:311:345:379:380:370:284:381:382:225:106:383:344:554:383:262:384:385:381:296:386:362:262:129:207:359:381:379:322:387:319:333:244:258:388:342:389:213:380:329:42:356:389:382:16:390:310:366:388:390:347:17:274:346:391:385:306:392:393:386:58:394:304:371:395:395:367:280:396:396:229:357:392:256:397:397:320:376:54:316:398:399:400:393:156:163:402:400:403:350:365:391:399:404:251:290:394:405:0:406:326:404:375:406:402:361:28:403:369:407:385:341:408:124:336:298:410:411:379:372:281:297:398:408:357:18:291:407:413:178:412:399:118:283:380:218:331:377:348:400:386:414:400:253:414:356:416:415:416:99:417:353:418:373:351:418:106:330:420:350:434:173:421:417:262:307:212:382:452:424:553:275:402:425:420:303:308:425:427:161:112:410:283:406:553:325:429:254:302:429:329:393:421:10:265:430:194:99:387:280:397:352:285:208:431:427:432:228:420:258:430:433:434:241:434:405:431:234:433:468:277:432:383:410:437:384:438:383:384:439:198:440:440:425:417:441:415:442:15:307:499:450:120:437:523:441:450:399:185:321:446:405:447:447:448:427:265:441:447:445:444:389:413:446:449:422:408:216:452:247:407:523:374:434:436:439:453:411:454:454:275:340:453:455:471:179:427:237:495:465:293:422:455:456:442:288:287:449:187:403:459:448:448:416:454:459:421:59:392:444:236:164:429:463:419:464:606:464:465:143:463:409:421:442:390:369:465:466:280:467:227:437:424:468:469:470:415:436:469:471:418:439:203:472:455:103:370:414:353:452:168:429:472:440:281:378:470:473:475:468:186:569:476:456:449:314:478:422:479:358:481:324:304:301:478:483:475:476:479:481:484:494:444:281:201:432:486:388:485:446:471:460:187:301:59:119:398:467:489:483:556:445:490:182:433:489:348:490:491:491:176:569:426:303:454:11:333:369:498:494:56:347:495:209:491:170:44:328:446:497:496:494:456:369:306:226:486:209:496:486:409:396:301:419:164:500:514:487:590:207:488:333:488:459:476:500:377:438:390:471:415:466:554:251:507:507:508:509:581:154:412:364:510:510:131:475:368:481:508:511:512:498:181:509:215:428:513:512:514:105:483:515:515:431:484:470:93:64:339:387:397:504:517:518:512:459:497:53:517:216:504:419:507:499:519:451:520:381:545:12:334:351:485:520:523:490:313:291:518:405:525:217:511:238:525:590:90:467:463:519:413:515:520:307:530:319:531:529:188:373:294:464:473:127:428:530:263:46:487:276:534:529:452:531:479:462:530:523:528:80:516:322:497:355:95:537:485:445:467:537:92:539:522:539:499:541:249:96:541:534:255:521:528:532:542:543:544:598:542:543:522:425:312:521:496:531:545:388:513:490:544:546:141:545:546:547:465:513:539:499:401:549:152:293:29:549:484:302:394:281:404:495:474:436:451:483:581:175:437:549:514:379:472:555:372:555:544:493:319:547:456:401:374:489:557:548:550:582:197:556:272:601:601:560:561:562:560:546:535:564:564:562:518:560:573:561:411:551:565:537:458:510:535:462:464:566:540:600:492:458:239:568:323:390:568:458:569:498:570:204:494:457:409:440:389:474:566:519:500:573:462:565:574:145:501:566:474:478:574:575:493:576:575:577:576:214:469:577:578:448:160:551:395:508:569:576:579:580:580:509:9:516:579:582:420:583:211:473:570:585:430:30:488:453:586:532:561:526:588:582:30:525:589:528:572:341:73:578:556:589:578:511:591:577:592:588:591:593:593:367:565:586:457:592:343:594:548:424:595:584:80:167:595:505:594:585:526:541:204:576:594:601:426:320:598:426:584:586:583:517:599:585:540:600:542:600:601:602:605:479:603:574:602:604:491:543:604:586:530:599:501:605:48:603:555:598:579:557:311:607:49:588:575:523:604:433:607
144,74,581,0,6496,43:1:2:32:2:4:5:6:7:4:8:63:1:9:10:160:10:12:11:312:12:14:9:8:15:16:20:15:18:19:503:19:81:22:48:36:23:18:14:503:24:4:16:6:25:12:38:26:0:28:131:25:29:29:503:492:45:24:26:31:606:7:33:21:28:66:20:492:23:4:34:32:16:34:312:48:36:312:22:0:37:46:31:492:38:23:39:39:606:215:41:7:42:43:2:38:215:41:33:44:160:20:0:21:47:45:606:49:31:58:10:50:49:44:51:77:34:47:52:51:53:54:55:36:53:32:57:28:48:94:93:42:60:49:61:61:62:120:55:64:65:54:52:62:43:64:93:66:67:1:73:67:68:60:37:69:57:65:233:182:69:22:71:8:60:71:72:56:40:68:29:120:19:74:66:74:65:75:37:43:76:75:77:81:45:78:233:76:72:596:61:80:596:11:82:83:84:56:64:596:70:85:86:85:80:81:86:80:73:87:83:63:69:55:88:89:78:90:88:91:67:91:89:14:70:78:81:88:94:21:95:40:82:31:52:44:55:94:87:95:97:192:40:97:72:21:144:50:136:99:100:101:102:103:82:104:25:103:101:105:106:103:73:107:105:104:108:98:109:108:51:109:39:100:27:15:110:71:107:111:112:113:114:54:115:116:102:110:83:116:94:114:36:107:117:118:68:119:77:70:132:112:58:63:115:121:122:122:119:111:42:90:5:123:113:115:99:124:125:126:118:41:5:124:127:126:128:129:130:29:130:131:122:132:125:133:123:117:133:127:18:126:129:128:34:132:109:19:134:97:135:58:134:137:135:138:109:96:139:127:78:140:141:31:142:84:96:137:130:101:141:142:144:145:136:146:129:91:146:139:27:84:119:147:144:138:121:149:150:147:233:95:151:53:151:123:147:120:125:87:152:153:41:153:145:152:149:100:149:39:154:155:150:50:157:107:156:133:155:47:136:158:154:157:75:158:93:159:142:160:143:146:161:162:163:59:162:161:59:37:143:128:150:140:159:112:167:153:168:169:165:124:169:168:170:89:6:84:131:56:171:172:172:137:156:89:167:171:173:170:174:173:175:174:165:159:17:166:140:536:175:164:11:17:178:536:503:179:180:180:181:181:182:158:183:26:134:184:179:175:185:116:186:186:180:95:187:173:185:184:46:220:139:187:189:190:191:150:24:113:192:90:191:179:193:191:134:105:194:110:138:189:183:67:186:195:194:196:197:190:27:132:197:198:195:199:143:74:184:106:98:155:196:200:166:152:192:181:5:57:183:201:141:138:202:200:51:203:391:199:189:205:205:104:206:46:207:207:208:201:168:203:198:171:209:210:6:211:2:111:172:208:211:200:209:164:212:202:213:194:212:117:536:176:193:167:210:206:170:114:201:137:135:168:20:147:122:161:188:169:213:216:217:217:85:153:55:218:219:220:151:146:92:22:221:220:219:221:165:195:222:223:224:223:224:221:163:222:215:174:156:182:184:225:226:227:218:228:229:228:226:155:218:210:230:123:225:136:231:50:74:224:554:231:212:230:197:102:45:77:98:234:234:235:234:236:221:237:238:154:88:236:199:239:118:208:240:237:554:241:240:241:242:308:239:235:62:27:223:219:63:243:133:243:176:230:242:76:108:227:244:226:245:244:246:222:228:247:248:246:145:235:249:250:247:33:249:252:135:225:253:239:248:229:233:250:252:110:249:209:166:97:17:86:231:240:242:254:255:245:256:257:255:258:185:259:256:254:258:257:260:32:261:360:162:263:264:178:265:259:213:263:261:238:266:259:267:211:254:260:248:265:268:252:268:269:270:264:271:272:243:9:57:193:196:273:269:26:267:227:274:275:276:277:276:275:278:279:272:270:273:274:280:163:282:86:71:38:277:268:284:278:285:239:282:116:286:246:247:149:287:274:286:284:270:278:220:267:266:202:384:289:411:290:260:180:92:300:285:169:292:289:290:271:279:293:108:294:284:206:245:283:295:294:296:121:91:190:292:297:273:298:162:299:300:286:524:288:157:295:302:231:303:300:69:283:297:524:271:293:260:219:277:265:304:305:304:261:205:86:306:292:188:308:302:309:291:305:205:237:295:308:287:296:191:310:311:24:198:311:313:309:314:315:142:316:266:250:313:314:317:306:314:92:298:230:299:253:14:303:111:158:318:289:309:257:238:317:320:321:320:113:299:316:317:315:321:318:322:267:60:323:323:323:203:157:324:325:326:251:68:310:327:319:324:214:104:305:325:288:328:329:285:330:322:294:331:331:332:460:332:334:335:336:337:338:334:339:222:339:321:340:335:460:341:340:338:330:329:342:214:229:342:343:335:282:336:188:235:337:72:326:327:344:345:346:347:269:345:341:348:349:349:85:346:350:348:351:351:343:352:241:255:299:342:310:353:344:1:115:354:349:524:23:350:339:189:352:315:355:355:353:279:356:328:335:65:347:357:356:318:358:357:359:354:354:337:83:327:360:199:361:362:363:311:121:365:361:363:359:355:364:366:367:368:332:360:102:264:365:358:366:252:338:370:371:272:206:368:372:438:373:370:374:25:125:297:375:343:376:262:100:263:273:362:371:8:377:378:245:376:375:377:363:373:333:367:368:378:126:372:52:276:376:311:345:379:380:370:284:381:382:225:106:383:344:554:383:262:384:385:381:296:386:362:262:129:207:359:381:379:322:387:319:333:244:258:388:342:389:213:380:329:42:356:389:382:16:390:310:366:388:390:347:17:274:346:391:385:306:392:393:386:58:394:304:371:395:395:367:280:396:396:229:357:392:256:397:397:320:376:54:316:398:399:400:393:156:163:402:400:403:350:365:391:399:404:251:290:394:405:0:406:326:404:375:406:402:361:28:403:369:407:385:341:408:124:336:298:410:411:379:372:281:297:398:408:357:18:291:407:413:178:464:399:118:283:380:218:331:377:348:400:386:414:400:253:414:356:416:415:416:99:417:353:418:373:351:418:106:330:420:350:434:173:421:417:262:307:212:382:452:424:553:275:402:425:420:303:308:425:427:161:112:410:283:406:553:325:429:254:302:429:329:393:421:10:265:430:194:99:387:280:397:352:285:208:431:427:432:228:420:258:430:433:434:241:434:405:431:234:433:468:277:432:383:410:437:384:438:383:384:439:198:440:440:425:417:441:415:442:15:307:499:450:120:437:523:441:450:399:185:321:446:405:447:447:448:427:265:441:447:445:444:389:413:446:449:422:408:216:452:247:407:523:374:434:436:439:453:411:454:454:275:340:453:455:471:179:427:237:495:465:293:422:455:456:442:288:287:449:187:403:459:448:448:416:454:459:421:59:392:444:236:164:429:463:419:460:606:464:465:143:463:409:421:442:390:369:465:466:280:467:227:437:424:468:469:470:415:436:469:471:418:439:203:472:455:103:370:414:353:452:168:429:472:440:281:378:470:473:475:468:186:569:476:456:449:314:478:422:479:358:481:324:304:301:478:483:475:476:479:481:484:494:444:281:201:432:486:388:485:446:471:460:187:301:59:119:398:467:489:483:556:445:490:182:433:489:348:490:491:491:176:569:426:303:454:11:333:369:498:494:56:347:495:209:491:170:44:328:446:497:496:494:456:369:306:226:486:209:496:486:409:396:301:419:164:500:514:487:590:207:488:333:488:459:476:500:377:438:390:471:415:466:554:251:507:507:508:509:581:154:412:364:510:510:131:475:368:481:508:511:512:498:181:509:215:428:513:512:514:105:483:515:515:431:484:470:93:64:339:387:397:504:517:518:512:459:497:53:517:216:504:419:507:499:519:451:520:381:545:12:334:351:485:520:523:490:313:291:518:405:525:217:511:238:525:590:90:467:463:519:413:515:520:307:530:319:531:529:188:373:294:464:473:127:428:530:263:46:487:276:534:529:452:531:479:462:530:523:528:80:516:322:497:355:95:537:485:445:467:537:92:539:522:539:499:541:249:96:541:534:255:521:528:532:542:543:544:598:542:543:522:425:312:521:496:531:545:388:513:490:544:546:141:545:546:547:465:513:539:499:401:549:152:293:29:549:484:302:394:281:404:495:474:436:451:483:581:175:437:549:514:379:472:555:372:555:544:493:319:547:456:401:374:489:557:548:550:582:197:556:272:601:601:560:561:562:560:546:535:564:564:562:518:560:573:561:411:551:565:537:458:510:535:462:550:566:540:600:492:458:239:568:323:390:568:458:569:498:570:204:494:457:409:440:389:474:566:519:500:573:462:565:574:145:501:566:474:478:574:575:493:576:575:577:576:214:469:577:578:448:160:551:395:508:569:576:579:580:580:509:9:516:579:582:420:583:211:473:570:585:430:30:488:453:586:532:561:526:588:582:30:525:589:528:572:341:73:578:556:589:578:511:591:577:592:588:591:593:593:367:565:586:457:592:343:594:548:424:595:584:80:167:595:505:594:585:526:541:204:576:594:601:426:320:598:426:584:586:583:517:599:585:540:600:542:600:601:602:605:479:603:574:602:604:491:543:604:586:530:599:501:605:48:603:555:598:579:557:311:607:49:588:575:523:604:433:607
146,75,580,0,6494,43:1:2:32:2:4:5:6:7:4:8:63:1:9:10:160:10:12:11:312:12:14:9:8:15:16:20:15:18:19:503:19:81:22:48:36:23:18:14:503:24:4:16:6:25:12:38:26:0:28:131:25:29:29:503:492:45:24:26:31:606:7:33:21:28:66:20:492:23:4:34:32:16:34:312:48:36:312:22:0:37:46:31:492:38:23:39:39:606:215:41:7:42:43:2:38:215:41:33:44:160:20:0:21:47:45:606:49:31:58:10:50:49:44:51:77:34:47:52:51:53:54:55:36:53:32:57:28:48:94:93:42:60:49:61:61:62:120:55:64:65:54:52:62:43:64:93:66:67:1:73:67:68:60:37:69:57:65:233:182:69:22:71:8:60:71:72:56:40:68:29:120:19:74:66:74:65:75:37:43:76:75:77:81:45:78:233:76:72:596:61:80:596:11:82:83:84:56:64:596:70:85:86:85:80:81:86:80:73:87:83:63:69:55:88:89:78:90:88:91:67:91:89:14:70:78:81:88:94:21:95:40:82:31:52:44:55:94:87:95:97:192:40:97:72:21:144:50:136:99:100:101:102:103:82:104:25:103:101:105:106:103:73:107:105:104:108:98:109:108:51:109:39:100:27:15:110:71:107:111:112:113:114:54:115:116:102:110:83:116:94:114:36:107:117:118:68:119:77:70:132:112:58:63:115:121:122:122:119:111:42:90:5:123:113:115:99:124:125:126:118:41:5:124:127:126:128:129:130:29:130:131:122:132:125:133:123:117:133:127:18:126:129:128:34:132:109:19:134:97:135:58:134:137:135:138:109:96:139:127:78:140:141:31:142:84:96:137:130:101:141:142:144:145:136:146:129:91:146:139:27:84:119:147:144:138:121:149:150:147:233:95:151:53:151:123:147:120:125:87:152:153:41:153:145:152:149:100:149:39:154:155:150:50:157:107:156:133:155:47:136:158:154:157:75:158:93:159:142:160:143:146:161:162:163:59:162:161:59:37:143:128:150:140:159:112:167:153:168:169:165:124:169:168:170:89:6:84:131:56:171:172:172:137:156:89:167:171:173:170:174:173:175:174:165:159:17:166:140:536:175:164:11:17:178:536:503:179:180:180:181:181:182:158:183:26:134:184:179:175:185:116:186:186:180:95:187:173:185:184:46:220:139:187:189:190:191:150:24:113:192:90:191:179:193:191:134:105:194:110:138:189:183:67:186:195:194:196:197:190:27:132:197:198:195:199:143:74:184:106:98:155:196:200:166:152:192:181:5:57:183:201:141:138:202:200:51:203:391:199:189:205:205:104:206:46:207:207:208:201:168:203:198:171:209:210:6:211:2:111:172:208:211:200:209:164:212:202:213:194:212:117:536:176:193:167:210:206:170:114:201:137:135:168:20:147:122:161:188:169:213:216:217:217:85:153:55:218:219:220:151:146:92:22:221:220:219:221:165:195:222:223:224:223:224:221:163:222:215:174:156:182:184:225:226:227:218:228:229:228:226:155:218:210:230:123:225:136:231:50:74:224:554:231:212:230:197:102:45:77:98:234:234:235:234:236:221:237:238:154:88:236:199:239:118:208:240:237:554:241:240:241:242:308:239:235:62:27:223:219:63:243:133:243:176:230:242:76:108:227:244:226:245:244:246:222:228:247:248:246:145:235:249:250:247:33:249:252:135:225:253:239:248:229:233:250:252:110:249:209:166:97:17:86:231:240:242:254:255:245:256:257:255:258:185:259:256:254:258:257:260:32:261:360:162:263:264:178:265:259:213:263:261:238:266:259:267:211:254:260:248:265:268:252:268:269:270:264:271:272:243:9:57:193:196:273:269:26:267:227:274:275:276:277:276:275:278:279:272:270:273:274:280:163:282:86:71:38:277:268:284:278:285:239:282:116:286:246:247:149:287:274:286:284:270:278:220:267:266:202:384:289:411:290:260:180:92:300:285:169:292:289:290:271:279:293:108:294:284:206:245:283:295:294:296:121:91:190:292:297:273:298:162:299:300:286:524:288:157:295:302:231:303:300:69:283:297:524:271:293:260:219:98:265:304:305:304:261:205:86:306:292:188:308:302:309:291:305:205:237:295:308:287:296:191:310:311:24:198:311:313:309:314:315:142:316:266:250:313:314:317:306:314:92:298:230:299:253:14:303:111:158:318:289:309:257:238:317:320:321:320:113:299:316:317:315:321:318:322:267:60:323:323:323:203:157:324:325:326:251:68:310:327:319:324:214:104:305:325:288:328:329:285:330:322:294:331:331:332:460:332:334:335:336:337:338:334:339:222:339:321:340:335:460:341:340:338:330:329:342:214:229:342:343:335:282:336:188:235:337:72:326:327:344:345:346:347:269:345:341:348:349:349:85:346:350:348:351:351:343:352:241:255:299:342:310:353:344:1:115:354:349:524:23:350:339:189:352:315:355:355:353:279:356:328:335:65:347:357:356:318:358:357:359:354:354:337:83:327:360:199:361:362:363:311:121:365:361:363:359:355:364:366:367:368:332:360:102:264:365:358:366:252:338:370:371:272:206:368:372:438:373:370:374:25:125:297:375:343:376:262:100:263:273:362:371:8:377:378:245:376:375:377:363:373:333:367:368:378:126:372:52:276:376:311:345:379:380:370:284:381:382:225:106:383:344:554:383:262:384:385:381:296:386:362:262:129:207:359:381:379:322:387:319:333:244:258:388:342:389:213:380:329:42:356:389:382:16:390:310:366:388:390:347:17:274:346:391:385:306:392:393:386:58:394:304:371:395:395:367:280:396:396:229:357:392:256:397:397:320:376:54:316:398:399:400:393:156:163:402:400:403:350:365:391:399:404:251:290:394:405:0:406:326:404:375:406:402:361:28:403:369:407:385:341:408:124:336:298:410:411:379:372:281:297:398:408:357:18:291:407:413:178:464:399:118:283:380:218:331:377:348:400:386:414:400:253:414:356:416:415:416:99:417:353:418:373:351:418:106:330:420:350:434:173:421:417:262:307:212:382:452:424:553:275:402:425:420:303:308:425:427:161:112:410:283:406:553:325:429:254:302:429:329:393:421:10:265:430:194:99:387:280:397:352:285:208:431:427:432:228:420:258:430:433:434:241:434:405:431:234:433:468:406:432:383:410:437:384:438:383:384:439:198:440:440:425:417:441:415:442:15:307:499:450:120:437:523:441:450:399:185:321:446:405:447:447:448:427:265:441:447:445:444:389:413:446:449:422:408:216:452:247:407:523:374:434:436:439:453:411:454:454:275:340:453:455:471:179:427:237:495:465:293:422:455:456:442:288:287:449:187:403:459:448:448:416:454:459:421:59:392:444:236:164:429:463:419:460:606:464:465:143:463:409:421:442:390:369:465:466:280:467:227:437:424:468:469:470:415:436:469:471:418:439:203:472:455:103:370:414:353:452:168:429:472:440:281:378:470:473:475:468:186:569:476:456:449:314:478:422:479:358:481:324:304:301:478:483:475:476:479:481:484:494:444:281:201:432:486:388:485:446:471:460:187:301:59:119:398:467:489:483:556:445:490:182:433:489:348:490:491:491:176:569:426:303:454:11:333:369:498:494:56:347:495:209:491:170:44:328:446:497:496:494:456:369:306:226:486:209:496:486:409:396:301:419:164:500:514:487:590:207:488:333:488:459:476:500:377:438:390:471:415:466:554:251:507:507:508:509:581:154:412:364:510:510:131:475:368:412:508:511:512:498:181:509:215:428:513:512:514:105:483:515:515:431:484:470:93:64:339:387:397:504:517:518:512:459:497:53:517:216:504:419:507:499:519:451:520:381:545:12:334:351:485:520:523:490:313:291:518:405:525:217:511:238:525:590:90:467:463:519:413:515:520:307:530:319:277:529:188:373:294:464:473:127:428:530:263:46:487:276:531:529:452:531:479:462:530:523:528:80:516:322:497:355:95:537:485:445:467:537:92:539:522:539:499:541:249:96:541:534:255:521:528:532:542:543:544:598:542:543:522:425:312:521:496:531:545:388:513:490:544:546:141:545:546:547:465:513:539:499:401:549:152:293:29:549:484:302:394:281:404:495:474:436:451:483:581:175:437:549:514:379:472:555:372:555:544:493:319:547:456:401:374:489:557:548:550:582:197:556:272:601:601:560:561:562:560:546:535:564:564:562:518:560:573:561:411:551:565:537:458:510:535:462:550:566:540:600:492:458:239:568:323:390:568:458:569:498:570:204:494:457:409:440:389:474:566:519:500:573:462:565:574:145:501:566:474:478:574:575:493:576:575:577:576:214:469:577:578:448:160:551:395:508:569:576:579:580:580:509:9:516:579:582:420:583:211:473:570:585:430:30:488:453:586:532:561:526:588:582:30:525:589:528:572:341:73:578:556:589:578:511:591:577:592:588:591:593:593:367:565:586:457:592:343:594:548:424:595:584:80:167:595:505:594:585:526:541:204:576:594:601:426:320:598:426:584:586:583:517:599:585:540:600:542:600:601:602:605:479:603:574:602:481:491:543:534:586:530:599:501:605:48:603:555:598:579:557:311:607:49:588:575:523:572:433:607
147,75,580,0,6491,43:1:2:32:2:4:5:6:7:4:8:63:1:9:10:160:10:12:11:312:12:14:9:8:15:16:20:15:18:19:503:19:81:22:48:36:23:18:14:503:24:4:16:6:25:12:38:26:0:28:131:25:29:29:503:492:45:24:26:31:606:7:33:21:28:66:20:492:23:4:34:32:16:34:312:48:36:312:22:0:37:46:31:492:38:23:39:39:606:215:41:7:42:43:2:38:215:41:33:44:160:20:0:21:47:45:606:49:31:58:10:50:49:44:51:77:34:47:52:51:53:54:55:36:53:32:57:28:48:94:93:42:60:49:61:61:62:120:55:64:65:54:52:62:43:64:93:66:67:1:73:67:68:60:37:69:57:65:233:182:69:22:71:8:60:71:72:56:40:68:29:120:19:74:66:74:65:75:37:43:76:75:77:81:45:78:233:76:72:596:61:80:596:11:82:83:84:56:64:596:70:85:86:85:80:81:86:80:73:87:83:63:69:55:88:89:78:90:88:91:67:91:89:14:70:78:81:88:94:21:95:40:82:31:52:44:55:94:87:95:97:192:40:97:72:21:144:50:136:99:100:101:102:103:82:104:25:103:101:105:106:103:73:107:105:104:108:98:109:108:51:109:39:100:27:15:110:71:107:111:112:113:114:54:115:116:102:110:83:116:94:114:36:107:117:118:68:119:77:70:132:112:58:63:115:121:122:122:119:111:42:90:5:123:113:115:99:124:125:126:118:41:5:124:127:126:128:129:130:29:130:131:122:132:125:133:123:117:133:127:18:126:129:128:34:132:109:19:134:97:135:58:134:137:135:138:109:96:139:127:78:140:141:31:142:84:96:137:130:101:141:142:144:145:136:146:129:91:146:139:27:84:119:147:144:138:121:149:150:147:233:95:151:53:151:123:147:120:125:87:152:153:41:153:145:152:149:100:149:39:154:155:150:50:157:107:156:133:155:47:136:158:154:157:75:158:93:159:142:160:143:146:161:162:163:59:162:161:59:37:143:128:150:140:159:112:167:153:168:169:165:124:169:168:170:89:6:84:131:56:171:172:172:137:156:89:167:171:173:170:174:173:175:174:165:159:17:166:140:536:175:164:11:17:178:536:503:179:180:180:181:181:182:158:183:26:134:184:179:175:185:116:186:186:180:95:187:173:185:184:46:220:139:187:189:190:191:150:24:113:192:90:191:179:193:191:134:105:194:110:138:189:183:67:186:195:194:196:197:190:27:132:197:198:195:199:143:74:184:106:98:155:196:200:166:152:192:181:5:57:183:201:141:138:202:200:51:203:391:199:189:205:205:104:206:46:207:207:208:201:168:203:198:171:209:210:6:211:2:111:172:208:211:200:209:164:212:202:213:194:212:117:536:176:193:167:210:206:170:114:201:137:135:168:20:147:122:161:188:169:213:216:217:217:85:153:55:218:219:220:151:146:92:22:221:220:219:221:165:195:222:223:224:223:224:221:163:222:215:174:156:182:184:225:226:227:218:228:229:228:226:155:218:210:230:123:225:136:231:50:74:224:554:231:212:230:197:102:45:77:98:234:234:235:234:236:221:237:238:154:88:236:199:239:118:208:240:237:554:241:240:241:242:308:239:235:62:27:223:219:63:243:133:243:176:230:242:76:108:227:244:226:245:244:246:222:228:247:248:246:145:235:249:250:247:33:249:252:135:225:253:239:248:229:233:250:252:110:249:209:166:97:17:86:231:240:242:254:255:245:256:257:255:258:185:259:256:254:258:257:260:32:261:360:162:263:264:178:265:259:213:263:261:238:266:259:267:211:254:260:248:265:268:252:268:269:270:264:271:272:243:9:57:193:196:273:269:26:267:227:274:275:276:277:276:275:278:279:272:270:273:274:280:163:282:86:71:38:277:268:284:278:285:239:282:116:286:246:247:149:287:274:286:284:270:266:220:267:266:202:384:289:411:290:260:180:92:300:285:169:292:289:290:271:279:293:108:294:284:206:245:283:295:294:296:121:91:190:292:297:273:298:162:299:300:286:524:288:157:295:302:231:303:300:69:283:297:524:271:293:260:219:98:265:304:305:304:261:205:86:306:292:188:308:302:309:291:305:205:237:295:308:287:296:191:310:311:24:198:311:313:309:314:315:142:316:266:250:313:314:317:306:314:92:298:230:299:253:14:303:111:158:318:289:309:257:238:317:320:321:320:113:299:316:317:315:321:318:322:267:60:323:323:323:203:157:324:325:326:251:68:310:327:319:324:214:104:305:325:288:328:329:285:330:322:294:331:331:332:460:332:334:335:336:337:338:334:339:222:339:321:340:335:460:341:340:338:330:329:342:214:229:342:343:335:282:336:188:235:337:72:326:327:344:345:346:347:269:345:341:348:349:349:85:346:350:348:351:351:343:352:241:255:299:342:310:353:344:1:115:354:349:524:23:350:339:189:352:315:355:355:353:279:356:328:335:65:347:357:356:318:358:357:359:354:354:337:83:327:360:199:361:362:363:311:121:365:361:363:359:355:364:366:367:368:332:360:102:264:365:358:366:252:338:370:371:272:206:368:372:438:373:370:374:25:125:297:375:343:376:262:100:263:273:362:371:8:377:378:245:376:375:377:363:373:333:367:368:378:126:372:52:276:376:311:345:379:380:370:284:381:382:225:106:383:344:554:383:262:384:385:381:296:386:362:262:129:207:359:381:379:322:387:319:333:244:258:388:342:389:213:380:329:42:356:389:382:16:390:310:366:388:390:347:17:274:346:391:385:306:392:393:386:58:394:304:371:395:395:367:280:396:396:229:357:392:256:397:397:320:376:54:316:398:399:400:393:156:163:402:400:403:350:365:391:399:404:251:290:394:405:0:406:326:404:375:406:402:361:28:403:369:407:385:341:408:124:336:298:410:411:379:372:278:297:398:408:357:18:291:407:413:178:464:399:118:283:380:218:331:377:348:400:386:414:400:253:414:356:416:415:416:99:417:353:418:373:351:418:106:330:420:350:434:173:421:417:262:307:212:382:452:424:553:275:402:425:420:303:308:425:427:161:112:410:283:406:553:325:429:254:302:429:329:393:421:10:265:430:194:99:387:280:397:352:285:208:431:427:432:228:420:258:430:433:434:241:434:405:431:234:433:468:406:432:383:410:437:384:438:383:384:439:198:440:440:425:417:441:415:442:15:307:499:450:120:437:523:441:450:399:185:321:446:405:447:447:448:427:265:441:447:445:444:389:413:446:449:422:408:216:452:247:407:523:374:434:436:439:453:411:454:454:275:340:453:455:471:179:427:237:495:465:293:422:455:456:442:288:287:449:187:403:459:448:448:416:454:459:421:59:392:444:236:164:429:463:419:460:606:464:465:143:463:409:421:442:390:369:465:466:280:467:227:437:424:468:469:470:415:436:469:471:418:439:203:472:455:103:370:414:353:452:168:429:472:440:281:378:470:473:475:468:186:569:476:456:449:314:478:422:479:358:481:324:304:301:478:483:475:476:479:481:484:494:444:281:201:432:486:388:485:446:471:460:187:301:59:119:398:467:489:483:556:445:490:182:433:489:348:490:491:491:176:569:426:303:454:11:333:369:498:494:56:347:495:209:491:170:44:328:446:497:496:494:456:369:306:226:486:209:496:486:409:396:301:419:164:500:514:487:590:207:488:333:488:459:476:500:377:438:390:471:415:466:554:251:507:507:508:509:581:154:412:364:510:510:131:475:368:412:508:511:512:498:181:509:215:428:513:512:514:105:483:515:515:431:484:470:93:64:339:387:397:504:517:518:512:459:497:53:517:216:504:419:507:499:519:451:520:381:545:12:334:351:485:520:523:490:313:291:518:405:525:217:511:238:525:590:90:467:463:519:413:515:520:307:530:319:277:529:188:373:294:464:473:127:428:530:263:46:487:276:531:529:452:531:479:462:530:523:528:80:516:322:497:355:95:537:485:445:467:537:92:539:522:539:499:541:249:96:541:534:255:521:528:532:542:543:544:598:542:543:522:425:312:521:496:531:545:388:513:490:544:546:141:545:546:547:465:513:539:499:401:549:152:293:29:549:484:302:394:281:404:495:474:436:451:483:581:175:437:549:514:379:472:555:372:555:544:493:319:547:456:401:374:489:557:548:550:582:197:556:272:601:601:560:561:562:560:546:535:564:564:562:518:560:573:561:411:551:565:537:458:510:535:462:550:566:540:600:492:458:239:568:323:390:568:458:569:498:570:204:494:457:409:440:389:474:566:519:500:573:462:565:574:145:501:566:474:478:574:575:493:576:575:577:576:214:469:577:578:448:160:551:395:508:569:576:579:580:580:509:9:516:579:582:420:583:211:473:570:585:430:30:488:453:586:532:561:526:588:582:30:525:589:528:572:341:73:578:556:589:578:511:591:577:592:588:591:593:593:367:565:586:457:592:343:594:548:424:595:584:80:167:595:505:594:585:526:541:204:576:594:601:426:320:598:426:584:586:583:517:599:585:540:600:542:600:601:602:605:479:603:574:602:481:491:543:534:586:530:599:501:605:48:603:555:598:579:557:311:607:49:588:575:523:572:433:607
150,78,580,0,6488,43:1:2:32:2:4:5:6:7:4:8:63:1:9:10:160:10:12:11:312:12:14:9:8:15:16:20:15:18:19:503:19:81:22:48:36:23:18:14:503:24:4:16:6:25:12:38:26:0:28:131:25:29:29:503:492:45:24:26:31:606:7:33:21:28:66:20:492:23:4:34:32:16:34:312:48:36:312:22:0:37:46:31:492:38:23:39:39:606:215:41:7:42:43:2:38:215:41:33:44:160:20:0:21:47:45:606:49:31:190:10:50:49:44:51:77:34:47:52:51:53:54:55:36:53:32:57:28:48:94:93:42:60:49:61:61:62:120:55:64:65:54:52:62:43:64:93:66:67:1:73:67:68:60:37:69:57:65:233:182:69:22:71:8:60:71:72:56:40:68:29:120:19:74:66:74:65:190:37:43:76:75:77:81:45:78:233:76:72:596:61:80:596:11:82:83:84:56:64:596:70:85:86:85:80:81:86:80:73:87:83:63:69:55:88:89:78:90:88:91:67:91:89:14:70:78:81:88:94:21:95:40:82:31:52:44:55:94:87:95:97:192:40:97:72:21:144:50:136:99:100:101:102:103:82:104:25:103:101:105:106:103:73:107:105:104:108:98:109:108:51:109:39:100:27:15:110:71:107:111:112:113:114:54:159:116:102:110:83:116:94:114:36:107:117:118:68:119:77:70:132:112:58:63:159:121:122:122:119:111:42:90:5:123:113:159:99:124:125:126:118:41:5:124:127:126:128:129:130:29:130:131:122:132:125:133:123:117:133:127:18:126:129:128:34:132:109:19:134:97:135:58:134:137:135:138:109:96:139:127:78:140:141:31:142:84:96:137:130:101:141:142:144:145:136:146:129:91:146:139:27:84:119:147:144:138:121:149:150:147:233:95:151:53:151:123:147:120:125:87:152:153:41:153:145:152:149:100:149:39:154:155:150:50:157:107:156:133:155:47:136:158:154:157:75:158:93:75:142:160:143:146:161:162:163:59:162:161:59:37:143:128:150:140:190:112:167:153:168:169:58:124:169:168:170:89:6:84:131:56:171:172:172:137:156:89:167:171:173:170:174:173:175:174:165:166:17:166:140:536:175:164:11:17:178:536:503:179:180:180:181:181:182:158:183:26:134:184:179:175:185:116:186:186:180:95:187:173:185:184:46:62:139:187:189:220:191:150:24:113:192:90:191:179:193:191:134:105:194:110:138:189:183:67:186:195:194:196:197:220:27:132:197:198:195:199:143:74:184:106:98:155:196:200:166:152:192:181:5:57:183:201:141:138:202:200:51:203:391:199:189:205:205:104:206:46:207:207:208:201:168:203:198:171:209:210:6:211:2:111:172:208:211:200:209:164:212:202:213:194:212:117:536:176:193:167:210:206:170:114:201:137:135:168:20:147:122:161:188:169:213:216:217:217:85:153:55:218:219:360:151:146:92:22:221:220:219:221:165:195:222:223:224:223:224:221:163:222:215:174:156:182:184:225:226:227:218:228:229:228:226:155:218:210:230:123:225:136:231:50:74:224:554:231:212:230:197:102:45:77:98:234:234:235:234:236:221:237:238:154:88:236:199:239:118:208:240:237:554:241:240:241:242:308:239:235:62:27:223:219:63:243:133:243:176:230:242:76:108:227:244:226:245:244:246:222:228:247:248:246:145:235:249:250:247:33:249:252:135:225:253:239:248:229:233:250:252:110:249:209:166:97:17:86:231:240:242:254:255:245:256:257:255:258:185:259:256:254:258:257:260:32:261:360:162:263:264:178:265:259:213:263:261:238:266:259:267:211:254:260:248:265:268:252:268:269:270:264:271:272:243:9:57:193:196:273:269:26:267:227:274:275:276:277:276:275:278:279:272:270:273:274:280:163:282:86:71:38:277:268:284:278:285:239:282:116:286:246:247:149:287:274:286:284:270:266:165:267:266:202:384:289:411:290:260:180:92:300:285:169:292:289:290:271:279:293:108:294:284:206:245:283:295:294:296:121:91:40:292:297:273:298:162:299:300:286:524:288:157:295:302:231:303:300:69:283:297:524:271:293:260:219:98:265:304:305:304:261:205:86:306:292:188:308:302:309:291:305:205:237:295:308:287:296:191:310:311:24:198:311:313:309:314:315:142:316:266:250:313:314:317:306:314:92:298:230:299:253:14:303:111:158:318:289:309:257:238:317:320:321:320:113:299:316:317:315:321:318:322:267:60:323:323:323:203:157:324:325:326:251:68:310:327:319:324:214:104:305:325:288:328:329:285:330:322:294:331:331:332:460:332:334:335:336:337:338:334:339:222:339:321:340:335:460:341:340:338:330:329:342:214:229:342:343:335:282:336:188:235:337:72:326:327:344:345:346:347:269:345:341:348:349:349:85:346:350:348:351:351:343:352:241:255:299:342:310:353:344:1:115:354:349:524:23:350:339:189:352:315:355:355:353:279:356:328:335:65:347:357:356:318:358:357:359:354:354:337:83:327:94:199:361:362:363:311:121:365:361:363:359:355:364:366:367:368:332:360:102:264:365:358:366:252:338:370:371:272:206:368:372:438:373:370:374:25:125:297:375:343:376:262:100:263:273:362:371:8:377:378:245:376:375:377:363:373:333:367:368:378:126:372:52:276:376:311:345:379:380:370:284:381:382:225:106:383:344:554:383:262:384:385:381:296:386:362:262:129:207:359:381:379:322:387:319:333:244:258:388:342:389:213:380:329:42:356:389:382:16:390:310:366:388:390:347:17:274:346:391:385:306:392:393:386:58:394:304:371:395:395:367:280:396:396:229:357:392:256:397:397:320:376:54:316:398:399:400:393:156:163:402:400:403:350:365:391:399:404:251:290:394:405:0:406:326:404:375:406:402:361:28:403:369:407:385:341:408:124:336:298:410:411:379:372:278:297:398:408:357:115:291:407:413:178:464:399:118:283:380:218:331:377:348:400:386:414:400:253:414:356:416:415:416:99:417:353:418:373:351:418:106:330:420:350:434:173:421:417:262:307:212:382:452:424:553:275:402:425:420:303:308:425:427:161:112:410:283:406:553:325:429:254:302:429:329:393:421:10:265:430:194:99:387:280:397:352:285:208:431:427:432:228:420:258:430:433:434:241:434:405:431:234:433:468:406:432:383:410:437:384:438:383:384:439:198:440:440:425:417:441:415:442:15:307:499:450:120:437:523:441:450:399:185:321:446:405:447:447:448:427:265:441:447:445:444:389:413:446:449:422:408:216:452:247:407:523:374:434:436:439:453:411:454:454:275:340:453:455:471:179:427:237:495:465:293:422:455:456:442:288:287:449:187:403:459:448:448:416:454:459:421:59:392:444:236:164:429:463:419:460:606:464:465:143:463:409:421:442:390:369:465:466:280:467:227:437:424:468:469:470:415:436:469:471:418:439:203:472:455:103:370:414:353:452:168:429:472:440:281:378:470:473:475:468:186:569:476:456:449:314:478:422:479:358:481:324:304:301:478:483:475:476:479:481:484:494:444:281:201:432:486:388:485:446:471:460:187:301:59:119:398:467:489:483:556:445:490:182:433:489:348:490:491:491:176:569:426:303:454:11:333:369:498:494:56:347:495:209:491:170:44:328:446:497:496:494:456:369:306:226:486:209:496:486:409:396:301:419:164:500:514:487:590:207:488:333:488:459:476:500:377:438:390:471:415:466:554:251:507:507:508:509:581:154:412:364:510:510:131:475:368:412:508:511:512:498:181:509:215:428:513:512:514:105:483:515:515:431:484:470:93:64:339:387:397:504:517:518:512:459:497:53:517:216:504:419:507:499:519:451:520:381:545:12:334:351:485:520:523:490:313:291:518:405:525:217:511:238:525:590:90:467:463:519:413:515:520:307:530:319:277:529:188:373:294:464:473:127:428:530:263:46:487:276:531:529:452:531:479:462:530:523:528:80:516:322:497:355:95:537:485:445:467:537:92:539:522:539:499:541:249:96:541:534:255:521:528:532:542:543:544:598:542:543:522:425:312:521:496:531:545:388:513:490:544:546:141:545:546:547:465:513:539:499:401:549:152:293:29:549:484:302:394:281:404:495:474:436:451:483:581:175:437:549:514:379:472:555:372:555:544:493:319:547:456:401:374:489:557:548:550:582:197:556:272:601:601:560:561:562:560:546:535:564:564:562:518:560:573:561:411:551:565:537:458:510:535:462:550:566:540:600:492:458:239:568:323:390:568:458:569:498:570:204:494:457:409:440:389:474:566:519:500:573:462:565:574:145:501:566:474:478:574:575:493:576:575:577:576:214:469:577:578:448:160:551:395:508:569:576:579:580:580:509:540:516:579:582:420:583:211:473:570:585:430:30:488:453:586:532:561:526:588:582:30:525:589:528:572:341:73:578:556:589:578:511:591:577:592:588:591:593:593:367:565:586:457:592:343:594:548:424:595:584:80:167:595:505:594:585:526:541:204:576:594:601:426:320:598:426:584:586:583:517:599:585:540:600:542:600:601:602:605:479:603:574:602:481:491:543:534:586:530:599:501:605:48:603:555:598:579:557:311:607:49:588:575:523:572:433:607
157,85,579,0,6478,43:1:2:32:2:4:5:6:7:4:8:63:1:9:10:160:10:12:11:312:12:14:9:8:15:16:20:15:18:19:503:19:81:22:48:36:23:18:14:503:24:4:16:6:25:12:38:26:0:28:131:25:29:29:503:492:45:24:26:31:606:7:33:21:28:66:20:492:23:4:34:32:16:34:312:48:36:312:22:0:37:46:31:492:38:23:39:39:606:215:41:7:42:43:2:38:215:41:33:44:160:20:0:21:47:45:606:49:31:190:10:50:49:44:51:77:34:47:52:51:53:54:55:36:53:32:57:28:48:94:93:42:60:49:61:61:62:120:55:64:65:54:52:62:43:64:93:66:67:1:73:67:68:60:37:69:57:65:233:182:69:22:71:8:60:71:72:56:40:68:29:120:19:74:66:74:65:190:37:43:76:75:77:81:45:78:233:76:72:596:61:80:596:11:82:83:84:56:64:596:70:85:86:85:80:81:86:80:73:87:83:63:69:55:88:89:78:90:88:91:67:91:89:14:70:78:81:88:94:21:95:40:82:31:52:44:55:94:87:95:97:192:40:97:72:21:144:50:136:99:100:101:102:103:82:104:25:103:101:105:106:103:73:107:105:104:108:98:109:108:51:109:39:100:27:15:110:71:107:111:112:113:114:54:159:116:102:110:83:116:94:114:36:107:117:118:68:119:77:70:132:112:58:63:159:121:122:122:119:111:42:90:5:123:113:159:99:124:125:126:118:41:5:124:127:126:128:129:130:29:130:131:122:132:125:133:123:117:133:127:18:126:129:128:34:132:109:19:134:97:135:58:134:137:135:138:109:96:139:127:78:140:141:31:142:84:96:137:130:101:141:142:144:145:136:146:129:91:146:139:27:84:119:147:144:138:121:149:150:147:233:95:151:53:151:123:147:120:125:87:152:153:41:153:145:152:149:100:149:39:154:155:150:50:157:107:156:133:155:47:136:158:154:157:75:158:93:75:142:160:143:146:161:162:163:59:162:161:59:37:143:128:150:140:190:112:167:153:168:169:58:124:169:168:170:89:6:84:131:56:171:172:172:137:156:89:167:171:173:170:174:173:175:174:165:166:17:166:140:536:175:164:11:17:178:536:503:179:180:180:181:181:182:158:183:26:134:184:179:175:185:116:186:186:180:95:187:173:185:184:46:62:139:187:189:220:191:150:24:113:192:90:191:179:193:191:134:105:194:110:138:189:183:67:186:195:194:196:197:220:27:132:197:198:195:199:143:74:184:106:98:155:196:200:166:152:192:181:5:57:183:201:141:138:202:200:51:203:391:199:189:205:205:104:206:46:207:207:208:201:168:203:198:171:209:210:6:211:2:111:172:208:211:200:209:164:212:202:213:194:212:117:536:176:193:167:210:206:170:114:201:137:135:168:20:147:122:161:188:169:213:216:217:217:85:153:55:218:219:360:151:146:92:22:221:220:219:221:165:195:222:223:224:223:224:221:163:222:215:174:156:182:184:225:226:227:218:228:229:228:226:155:218:210:230:123:225:136:231:50:74:224:554:231:212:230:197:102:45:77:98:234:234:235:234:236:221:237:238:154:88:236:199:239:118:208:240:237:554:241:240:241:242:308:239:235:62:27:223:219:63:243:133:243:176:230:242:76:108:227:244:226:245:244:246:222:228:247:248:246:145:235:249:250:247:33:249:252:135:225:253:239:248:229:233:250:252:110:249:209:166:97:17:86:231:240:242:254:255:245:256:257:255:258:185:259:256:254:258:257:260:32:261:360:162:263:264:178:265:259:213:263:261:238:266:259:267:211:254:260:248:265:268:252:268:269:270:264:271:272:243:9:57:193:196:273:269:26:267:227:274:275:276:277:276:275:278:279:272:270:273:274:280:163:282:86:71:38:277:268:284:278:285:239:282:116:286:246:247:149:287:274:286:284:270:266:165:267:266:202:384:289:411:290:260:180:92:300:285:169:292:289:290:271:279:293:108:294:284:206:245:283:295:294:296:121:91:40:292:297:273:298:162:299:300:286:524:288:157:295:302:231:303:300:69:283:297:524:271:293:260:219:98:265:304:305:304:261:205:86:306:292:188:308:302:309:291:305:205:237:295:308:287:296:191:310:311:24:198:311:313:309:314:315:142:316:266:250:313:314:317:306:314:92:298:230:299:253:14:303:111:158:318:289:309:257:238:317:320:321:320:113:299:316:317:315:321:318:322:267:60:323:323:323:203:157:324:325:326:251:68:310:327:319:324:214:104:305:325:288:328:329:285:330:322:294:331:331:332:460:332:334:335:336:337:338:334:339:222:339:321:340:335:460:341:340:338:330:329:342:214:229:342:343:335:282:336:188:235:337:72:326:327:344:345:346:347:269:345:341:348:349:349:85:346:350:348:351:351:343:352:241:255:299:342:310:353:344:1:159:354:349:524:23:350:339:189:352:315:355:355:353:279:356:328:335:65:347:357:356:318:358:357:359:354:354:337:83:327:94:199:361:362:363:311:121:365:361:363:359:355:364:366:367:368:332:360:102:264:365:358:366:252:338:370:371:272:206:368:372:438:373:370:374:25:125:297:375:343:376:262:100:263:273:362:371:8:377:378:245:376:375:377:363:373:333:367:368:378:126:372:52:276:376:311:345:379:380:370:284:381:382:225:106:383:344:554:383:262:384:385:381:296:386:362:262:129:207:359:381:379:322:387:319:333:244:258:388:342:389:213:380:329:42:356:389:382:16:390:310:366:388:390:347:17:274:346:391:385:306:392:393:386:58:394:304:371:395:395:367:280:396:396:229:357:392:256:397:397:320:376:54:316:398:399:400:393:156:163:402:400:403:350:365:391:399:404:251:290:394:405:0:406:326:404:375:406:402:361:28:403:369:407:385:341:408:124:336:298:410:411:379:372:278:297:398:408:357:18:291:407:413:178:464:399:118:283:380:218:331:377:348:400:386:414:400:253:414:356:416:415:416:99:417:353:418:373:351:418:106:330:420:350:434:173:421:417:262:307:212:382:452:424:553:275:402:425:420:303:308:425:427:161:112:410:283:406:553:325:429:254:302:429:329:393:421:10:265:430:194:99:387:280:397:352:285:208:431:427:432:228:420:258:430:433:434:241:434:405:431:234:433:468:406:432:383:410:437:384:438:383:384:439:198:440:440:425:417:441:415:442:15:307:499:450:120:437:523:441:450:399:185:321:446:405:447:447:448:427:265:441:447:445:444:389:413:446:449:422:408:216:452:247:407:523:374:434:436:439:453:411:454:454:275:340:453:455:471:179:427:237:495:465:293:422:455:456:442:288:287:449:187:403:459:448:448:416:454:459:421:59:392:444:236:164:429:463:419:460:606:464:465:143:463:409:421:442:390:369:465:466:280:467:227:437:424:468:469:470:415:436:469:471:418:439:203:472:455:103:370:414:353:452:168:429:472:440:281:378:470:473:475:468:186:569:476:456:449:314:478:422:479:358:481:324:304:301:478:483:475:476:479:481:484:494:444:281:201:432:486:388:485:446:471:460:187:301:59:119:398:467:489:483:556:445:490:182:433:489:348:490:491:491:176:569:426:303:454:11:333:369:498:494:56:347:495:209:491:170:44:328:446:497:496:494:456:369:306:226:486:209:496:486:409:396:301:419:164:500:514:487:590:207:488:333:488:459:476:500:377:438:390:471:415:466:554:251:507:507:508:509:581:154:115:364:510:510:131:475:368:115:508:511:512:498:181:509:215:428:513:512:514:105:483:515:515:431:484:470:93:64:339:387:397:504:517:518:512:459:497:53:517:216:504:419:507:499:519:451:520:381:545:12:334:351:485:520:523:490:313:291:518:405:525:217:511:238:525:590:90:467:463:519:413:515:520:307:530:319:277:529:188:373:294:464:473:127:428:530:263:46:487:276:531:529:452:531:479:462:530:523:528:80:516:322:497:355:95:537:485:445:467:537:92:539:522:539:499:541:249:96:541:534:255:521:528:532:542:543:544:598:542:543:522:425:312:521:496:531:545:388:513:490:544:546:141:545:546:547:465:513:539:499:401:549:152:293:29:549:484:302:394:281:404:495:474:436:451:483:581:175:437:549:514:379:472:555:372:555:544:493:319:547:456:401:374:489:557:548:550:582:197:556:272:601:601:560:561:562:560:546:535:564:564:562:518:560:573:561:411:551:565:537:458:510:535:462:550:566:540:600:492:458:239:568:323:390:568:458:569:498:570:204:494:457:409:440:389:474:566:519:500:573:462:565:574:145:501:566:474:478:574:575:493:576:575:577:576:214:469:577:578:448:160:551:395:508:569:576:579:580:580:509:540:516:579:582:420:583:211:473:570:585:430:30:488:453:586:532:561:526:588:582:30:525:589:528:572:341:73:578:556:589:578:511:591:577:592:588:591:593:593:367:565:586:457:592:343:594:548:424:595:584:80:167:595:505:594:585:526:541:204:576:594:601:426:320:598:426:584:586:583:517:599:585:540:600:542:600:601:602:605:479:603:574:602:481:491:543:534:586:530:599:501:605:48:603:555:598:579:557:311:607:49:588:575:523:572:433:607
159,86,578,0,6476,43:1:2:32:2:4:5:6:7:4:8:63:1:9:10:160:10:12:11:312:12:14:9:8:15:16:20:15:18:19:503:19:81:22:48:36:23:18:14:503:24:4:16:6:25:12:38:26:0:28:131:25:29:29:503:492:45:24:26:31:606:7:33:21:28:66:20:492:23:4:34:32:16:34:312:48:36:312:22:0:37:46:31:492:38:23:39:39:606:215:41:7:42:43:2:38:215:41:33:44:160:20:0:21:47:45:606:49:31:190:10:50:49:44:51:77:34:47:52:51:53:54:55:36:53:32:57:28:48:94:93:42:60:49:61:61:62:120:55:64:65:54:52:62:43:64:93:66:67:1:73:67:68:60:37:69:57:65:233:182:69:22:71:8:60:71:72:56:40:68:29:120:19:74:66:74:65:190:37:43:76:75:77:81:45:78:233:76:72:596:61:80:596:11:82:83:84:56:64:596:70:85:86:85:80:81:86:80:73:87:83:63:69:55:88:89:78:90:88:91:67:91:89:14:70:78:81:88:94:21:95:40:82:31:52:44:55:94:87:95:97:192:40:97:72:21:144:50:136:99:100:101:102:103:82:104:25:103:101:105:106:103:73:107:105:104:108:98:109:108:51:109:39:100:27:15:110:71:107:111:112:113:114:54:159:116:102:110:83:116:94:114:36:107:117:118:68:119:77:70:132:112:58:63:159:121:122:122:119:111:42:90:5:123:113:159:99:124:125:126:118:41:5:124:127:126:128:129:130:29:130:131:122:132:125:133:123:117:133:127:18:126:129:128:34:132:109:19:134:97:135:58:134:137:135:138:109:96:139:127:78:140:141:31:142:84:96:137:130:101:141:142:144:145:136:146:129:91:146:139:27:84:119:147:144:138:121:149:150:147:233:95:151:53:151:123:147:120:125:87:152:153:41:153:145:152:149:100:149:39:154:155:150:50:157:107:156:133:155:47:136:158:154:157:75:158:93:75:142:160:143:146:161:162:163:59:162:161:59:37:143:128:150:140:190:112:167:153:168:169:58:124:169:168:170:89:6:84:131:56:171:172:172:137:156:89:167:171:173:170:174:173:175:174:165:166:17:166:140:536:175:164:11:17:178:536:503:179:180:180:181:181:182:158:183:26:134:184:179:175:185:116:186:186:180:95:187:173:185:184:46:62:139:187:189:220:191:150:24:113:192:90:191:179:193:191:134:105:194:110:138:189:183:67:186:195:194:196:197:220:27:132:197:198:195:199:143:74:184:106:98:155:196:200:166:152:192:181:5:57:183:201:141:138:202:200:51:203:391:199:189:205:205:104:206:46:207:207:208:201:168:203:198:171:209:210:6:211:2:111:172:208:211:200:209:164:212:202:213:194:212:117:536:176:193:167:210:206:170:114:201:137:135:168:20:147:122:161:188:169:213:216:217:217:85:153:55:218:219:360:151:146:92:22:221:220:219:221:165:195:222:223:224:223:224:221:163:222:215:174:156:182:184:225:226:227:218:228:229:228:226:155:218:210:230:123:225:136:231:50:74:224:554:231:212:230:197:102:45:77:98:234:234:235:234:236:221:237:238:154:88:236:199:239:118:208:240:237:554:241:240:241:242:308:239:235:62:27:223:219:63:243:133:243:176:230:242:76:108:227:244:226:245:244:246:222:228:247:248:246:145:235:249:250:247:33:249:252:135:225:253:239:248:229:233:250:252:110:249:209:166:97:17:86:231:240:242:254:255:245:256:257:255:258:185:259:256:254:258:257:260:32:261:360:162:263:264:178:265:259:213:263:261:238:266:259:267:211:254:260:248:265:268:252:268:269:270:264:271:272:243:9:57:193:196:273:269:26:267:227:274:275:276:277:276:275:278:279:272:270:273:274:280:163:282:86:71:38:277:268:284:278:285:239:282:116:286:246:247:149:287:274:286:284:270:266:165:267:266:202:384:289:411:290:260:180:92:300:285:169:292:289:290:271:279:293:108:294:284:206:245:283:295:294:296:121:91:40:292:297:273:298:162:299:300:286:524:288:157:295:302:231:303:300:69:283:297:524:271:293:260:219:98:265:304:305:304:261:205:86:306:292:188:308:302:309:291:305:205:237:295:308:287:296:191:310:311:24:198:311:313:309:314:315:142:316:266:250:313:314:317:306:314:92:298:230:299:253:14:303:111:158:318:289:309:257:238:317:320:321:320:113:299:316:317:315:321:318:322:267:60:323:323:323:203:157:324:325:326:251:68:310:327:319:324:214:104:305:325:288:328:329:285:330:322:294:331:331:332:460:332:334:335:336:337:338:334:339:222:339:321:340:335:460:341:340:338:330:329:342:214:229:342:343:335:282:336:188:235:337:72:326:327:344:345:346:347:269:345:341:348:349:349:85:346:350:348:351:351:343:352:241:255:299:342:310:353:344:1:159:354:349:524:23:350:339:189:352:315:355:355:353:279:356:328:335:65:347:357:356:318:358:357:359:354:354:337:83:327:94:199:361:362:363:311:121:365:361:363:359:355:364:366:367:368:332:360:102:264:365:358:366:252:338:370:371:272:206:368:372:438:373:370:374:25:125:297:375:343:376:262:100:263:273:362:371:8:377:378:245:376:375:377:363:373:333:367:368:378:126:372:52:276:376:311:345:379:380:370:284:381:382:225:106:383:344:554:383:262:384:385:381:296:386:362:262:129:207:359:381:379:322:387:319:333:244:258:388:342:389:213:380:329:42:356:389:382:16:390:310:366:388:390:347:17:274:346:391:385:306:392:393:386:58:394:304:371:395:395:367:280:396:396:229:357:392:256:397:397:320:376:54:316:398:399:400:393:156:163:402:400:403:350:365:391:399:404:251:290:394:405:0:406:326:404:375:406:402:361:28:403:369:407:385:341:408:124:336:298:410:411:379:372:278:297:398:408:357:18:291:407:413:178:464:399:118:283:380:218:331:377:348:400:386:414:400:253:414:356:416:415:416:99:417:353:418:373:351:418:106:330:420:350:434:173:421:417:262:307:212:382:452:424:553:275:402:425:420:303:308:425:427:161:112:410:283:406:553:325:429:254:302:429:329:393:421:10:265:430:194:99:387:280:397:352:285:208:431:427:432:228:420:258:430:433:434:241:434:405:431:234:433:468:406:432:383:410:437:384:438:383:384:439:198:440:440:425:417:441:415:442:15:307:499:450:120:437:523:441:450:399:185:321:446:405:447:447:448:427:265:441:447:445:444:389:413:446:449:422:408:216:452:247:407:523:374:434:436:439:453:411:454:454:275:340:453:455:471:179:427:237:495:465:293:422:455:456:442:288:287:449:187:403:459:448:448:416:454:459:421:59:392:444:236:164:429:463:419:460:606:464:465:143:463:409:421:442:390:369:465:466:280:467:227:437:424:468:469:470:415:436:469:471:418:439:203:472:455:103:370:414:353:452:168:429:472:440:281:378:470:473:475:468:186:569:476:456:449:314:478:422:479:358:481:324:304:301:478:483:475:476:479:481:484:494:444:281:201:432:486:388:485:446:471:460:187:301:59:119:398:467:489:483:556:445:490:182:433:489:348:490:491:491:176:569:426:303:454:11:333:369:498:494:56:347:495:209:491:170:44:328:446:497:496:494:456:369:306:226:486:209:496:486:409:396:301:419:164:500:514:487:590:207:488:333:488:459:476:500:377:438:390:471:415:466:554:251:507:507:508:509:581:154:115:364:510:510:131:475:368:115:508:511:512:498:181:509:215:428:513:512:514:105:483:515:515:431:484:470:93:64:339:387:397:504:517:518:512:459:497:53:517:216:504:419:507:499:519:451:520:381:545:12:334:351:485:520:523:490:313:291:518:405:525:217:511:238:525:590:90:467:463:43:413:515:520:307:530:319:277:529:188:373:294:464:473:127:428:530:263:46:487:276:531:529:452:531:479:462:530:523:528:80:516:322:497:355:95:537:485:445:467:537:92:539:522:539:499:541:249:96:541:534:255:521:528:532:542:543:544:598:542:543:522:425:312:521:496:531:545:388:513:490:544:546:141:545:546:547:465:513:539:499:401:549:152:293:29:549:484:302:394:281:404:495:474:436:451:483:581:175:437:549:514:379:472:555:372:555:544:493:319:547:456:401:374:489:557:548:550:582:197:556:272:601:601:560:561:562:560:546:535:519:575:562:518:560:573:561:411:551:565:537:458:510:535:462:550:566:540:600:492:458:239:568:323:390:568:458:569:498:570:204:494:457:409:440:389:474:566:507:500:573:462:565:574:145:501:566:474:478:574:450:493:576:580:577:576:214:469:577:578:448:160:551:395:508:569:576:579:580:580:509:540:516:579:582:420:583:211:473:570:585:430:30:488:453:586:532:561:526:588:582:30:525:589:528:572:341:73:578:556:589:578:511:591:577:592:588:591:593:593:367:565:586:457:592:343:594:548:424:595:584:80:167:595:505:594:585:526:541:204:576:594:601:426:320:598:426:584:586:583:517:599:585:540:600:542:600:601:602:605:479:603:574:602:481:491:543:534:586:530:599:501:605:48:603:555:598:579:557:311:607:49:588:575:523:572:433:607
161,88,577,0,6475,43:1:2:32:2:4:5:6:7:4:8:63:1:9:10:160:10:12:11:312:12:14:9:8:15:16:20:15:18:19:503:19:81:22:48:36:23:18:14:503:24:4:16:6:25:12:38:26:0:28:131:25:29:29:503:492:45:24:26:31:606:7:33:21:28:66:20:492:23:4:34:32:16:34:312:48:36:312:22:0:37:46:31:492:38:23:39:39:606:215:41:7:42:43:2:38:215:41:33:44:160:20:0:21:47:45:606:49:31:190:10:50:49:44:51:77:34:47:52:51:53:54:55:36:53:32:57:28:48:94:93:42:60:49:61:61:62:120:55:64:65:54:52:62:43:64:93:66:67:1:73:67:68:60:37:69:57:65:233:182:69:22:71:8:60:71:72:56:40:68:29:120:19:74:66:74:65:190:37:43:76:75:77:81:45:78:233:76:72:596:61:80:596:11:82:83:84:56:64:596:70:85:86:85:80:81:86:80:73:87:83:63:69:55:88:89:78:90:88:91:67:91:89:14:70:78:81:88:94:21:95:40:82:31:52:44:55:94:87:95:97:192:40:97:72:21:144:50:136:99:100:101:102:103:82:104:25:103:101:105:106:103:73:107:105:104:108:98:109:108:51:109:39:100:27:15:110:71:107:111:112:113:114:54:159:116:102:110:83:116:94:114:36:107:117:118:68:119:77:70:132:112:58:63:159:121:122:122:119:111:42:90:5:123:113:159:99:124:125:126:118:41:5:124:127:126:128:129:130:29:130:131:122:132:125:133:123:117:133:127:18:126:129:128:34:132:109:19:134:97:135:58:134:137:135:138:109:96:139:127:78:140:141:31:142:84:96:137:130:101:141:142:144:145:136:146:129:91:146:139:27:84:119:147:144:138:121:149:150:147:233:95:151:53:151:123:147:120:125:87:152:153:41:153:145:152:149:100:149:39:154:155:150:50:157:107:156:133:155:47:136:158:154:157:75:158:93:75:142:160:143:146:161:162:163:59:162:161:59:37:143:128:150:140:190:112:167:153:168:169:58:124:169:168:170:89:6:84:131:56:171:172:172:137:156:89:167:171:173:170:174:173:175:174:165:166:17:166:140:536:175:164:11:17:178:536:503:179:180:180:181:181:182:158:183:26:134:184:179:175:185:116:186:186:180:95:187:173:185:184:46:62:139:187:189:220:191:150:24:113:192:90:191:179:193:191:134:105:194:110:138:189:183:67:186:195:194:196:197:220:27:132:197:198:195:199:143:74:184:106:98:155:196:200:166:152:192:181:5:57:183:201:141:138:202:200:51:203:391:199:189:205:205:104:206:46:207:207:208:201:168:203:198:171:209:210:6:211:2:111:172:208:211:200:209:164:212:202:213:194:212:117:536:176:193:167:210:206:170:114:201:137:135:168:20:147:122:161:188:169:213:216:217:217:85:153:55:218:219:360:151:146:92:22:221:220:219:221:165:195:222:223:224:223:224:221:163:222:215:174:156:182:184:225:226:227:218:228:229:228:226:155:218:210:230:123:225:136:231:50:74:224:554:231:212:230:197:102:45:77:98:234:234:235:234:236:221:237:238:154:88:236:199:239:118:208:240:237:554:241:240:241:242:308:239:235:62:27:223:219:63:243:133:243:176:230:242:76:108:227:244:226:245:244:246:222:228:247:248:246:145:235:249:250:247:33:249:252:135:225:253:239:248:229:233:250:252:110:249:209:166:97:17:86:231:240:242:254:255:245:256:257:255:258:185:259:256:254:258:257:260:32:261:360:162:263:264:178:265:259:213:263:261:238:266:259:267:211:254:260:248:265:268:252:268:269:270:264:271:272:243:9:57:193:196:273:269:26:267:227:274:275:276:277:276:275:278:279:272:270:273:274:280:163:282:86:71:38:277:268:284:278:285:239:282:116:286:246:247:149:287:274:286:284:270:266:165:267:266:202:384:289:411:290:260:180:92:300:285:169:292:289:290:271:279:293:108:294:284:206:245:283:295:294:296:121:91:40:292:297:273:298:162:299:300:286:524:288:157:295:302:231:303:300:69:283:297:524:271:293:260:219:98:265:304:305:304:261:205:86:306:292:188:308:302:309:291:305:205:237:295:308:287:296:191:310:311:24:198:311:313:309:314:315:142:316:266:250:313:314:317:306:314:92:298:230:299:253:14:303:111:158:318:289:309:257:238:317:320:321:320:113:299:316:317:315:321:318:322:267:60:323:323:323:203:157:324:325:326:251:68:310:327:319:324:214:104:305:325:288:328:329:285:330:322:294:331:331:332:460:332:334:335:336:337:338:334:339:222:339:321:340:335:460:341:340:338:330:329:342:214:229:342:343:335:282:336:188:235:337:72:326:327:344:345:346:347:269:345:341:348:349:349:85:346:350:348:351:351:343:352:241:255:299:342:310:353:344:1:159:354:349:524:23:350:339:189:352:315:355:355:353:279:356:328:335:65:347:357:356:318:358:357:359:354:354:337:83:327:94:199:361:362:363:311:121:365:361:363:359:355:364:366:367:368:332:360:102:264:365:358:366:252:338:370:371:272:206:368:372:438:373:370:374:25:125:297:375:343:376:262:100:263:273:362:371:8:377:378:245:376:375:377:363:373:333:367:368:378:126:372:52:276:376:311:345:379:380:370:284:381:382:225:106:383:344:554:383:262:384:385:381:296:386:362:262:129:207:359:381:379:322:387:319:333:244:258:388:342:389:213:380:329:42:356:389:382:16:390:310:366:388:390:347:17:274:346:391:385:306:392:393:386:58:394:304:371:395:395:367:280:396:396:229:357:392:256:397:397:320:376:54:316:398:399:400:393:156:163:402:400:403:350:365:391:399:404:251:290:394:405:0:406:326:404:375:406:402:361:28:403:369:407:385:341:408:124:336:298:410:411:379:372:278:297:398:408:357:18:291:407:413:178:464:399:118:283:380:218:331:377:348:400:386:414:400:253:414:356:416:415:416:99:417:353:418:373:351:418:106:330:420:350:434:173:421:417:262:307:212:382:452:424:553:275:402:425:420:303:308:425:427:161:112:410:283:406:553:325:429:254:302:429:329:393:421:10:265:430:194:99:387:280:397:352:285:208:431:427:432:228:420:258:430:433:434:241:434:405:431:234:433:468:406:432:383:410:437:384:438:383:384:439:198:440:440:425:417:441:415:442:15:307:499:450:120:437:523:441:450:399:185:321:446:405:447:447:448:427:265:441:447:445:444:389:413:446:449:422:408:216:452:247:407:523:374:434:436:439:453:411:454:454:275:340:453:455:471:179:427:237:495:465:293:422:455:456:442:288:287:449:187:403:459:448:448:416:454:459:421:59:392:444:236:164:429:463:419:460:606:464:465:143:463:409:421:442:390:369:465:466:280:467:227:143:424:468:469:470:415:436:469:471:418:439:203:472:455:103:370:414:353:452:168:429:472:440:281:378:470:473:475:468:186:569:476:456:449:314:478:422:479:358:481:324:304:301:478:483:475:476:479:481:484:494:444:281:201:432:486:388:485:446:471:460:187:301:59:119:398:467:489:483:556:445:490:182:433:489:348:490:491:491:176:569:426:303:454:11:333:369:498:494:56:347:495:209:491:170:44:328:446:497:496:494:456:369:306:226:486:209:496:486:409:396:301:419:164:500:514:487:590:207:488:333:488:459:476:500:377:438:390:471:415:466:554:251:507:507:508:509:581:154:115:364:510:510:131:475:368:115:508:511:512:498:181:509:215:428:513:512:514:105:483:515:515:431:484:470:93:64:339:387:397:504:517:518:512:459:497:53:517:216:504:419:507:499:519:451:520:381:545:12:334:351:485:520:523:490:313:291:518:405:525:217:511:238:525:590:90:467:463:43:413:515:520:307:530:319:277:529:188:373:294:464:473:127:428:530:263:46:487:276:531:529:452:531:479:462:530:523:528:80:516:322:497:355:95:537:485:445:467:537:92:539:522:539:499:541:249:96:541:534:255:521:528:532:542:543:544:598:542:543:522:425:312:521:496:531:545:388:513:490:544:546:141:545:546:547:465:513:539:499:401:549:152:293:29:549:484:302:394:281:404:495:474:436:451:483:581:175:553:549:514:379:472:555:372:555:544:493:319:547:456:401:374:489:557:548:550:582:197:556:272:601:601:560:561:562:560:546:535:519:575:562:518:560:573:561:411:551:565:537:458:510:535:462:550:566:540:600:492:458:239:568:323:390:568:458:569:498:570:204:494:457:409:440:389:474:566:507:500:573:462:565:574:145:501:566:474:478:574:450:493:576:580:577:576:214:469:577:578:448:160:551:395:508:569:576:579:580:580:509:540:516:579:582:420:583:211:473:570:585:430:30:488:453:586:532:561:437:588:582:30:525:589:528:572:341:73:578:556:589:578:511:591:577:592:588:591:593:593:367:565:586:457:592:343:594:548:424:595:584:80:167:595:505:594:585:474:541:204:576:594:601:426:320:598:426:584:586:583:517:599:585:540:600:542:600:601:602:605:479:603:574:602:481:491:543:534:586:530:599:501:605:48:603:555:598:579:557:311:607:49:588:575:523:572:433:607
166,93,576,0,6474,43:1:2:32:2:4:5:6:7:4:8:63:1:9:10:160:10:12:11:312:12:14:9:8:15:16:20:15:18:19:503:19:81:22:48:36:23:18:14:503:24:4:16:6:25:12:38:26:0:28:131:25:29:29:503:492:45:24:26:31:606:7:33:21:28:66:20:492:23:4:34:32:16:34:312:48:36:312:22:0:37:46:31:492:38:23:39:39:606:215:41:7:42:43:2:38:215:41:33:44:160:20:0:21:47:45:606:49:31:190:10:50:49:44:51:77:34:47:52:51:53:54:55:36:53:32:57:28:48:94:93:42:60:49:61:61:62:120:55:64:65:54:52:62:43:64:93:66:67:1:73:67:68:60:37:69:57:65:233:182:69:22:71:8:60:71:72:56:40:68:29:120:19:74:66:74:65:190:37:43:76:75:77:81:45:78:233:76:72:596:61:80:596:11:82:83:84:56:64:596:70:85:86:85:80:81:86:80:73:87:83:63:69:55:88:89:78:90:88:91:67:91:89:14:70:78:81:88:94:21:95:40:82:31:52:44:55:94:87:95:97:192:40:97:72:21:144:50:136:99:100:101:102:103:82:104:25:103:101:105:106:103:73:107:105:104:108:98:109:108:51:109:39:100:27:15:110:71:107:111:112:113:114:54:159:116:102:110:83:116:94:114:36:107:117:118:68:119:77:70:132:112:58:63:159:121:122:122:119:111:42:90:5:123:113:159:99:124:125:126:118:41:5:124:127:126:128:129:130:29:130:131:122:132:125:133:123:117:133:127:18:126:129:128:34:132:109:19:134:97:135:58:134:137:135:138:109:96:139:127:78:140:141:31:142:84:96:137:130:101:141:142:144:145:136:146:129:91:146:139:27:84:119:147:144:138:121:149:150:147:233:95:151:53:151:123:147:120:125:87:152:153:41:153:145:152:149:100:149:39:154:155:150:50:157:107:156:133:155:47:136:158:154:157:75:158:93:75:142:160:143:146:161:162:163:59:162:161:59:37:143:128:150:140:190:112:167:153:168:169:58:124:169:168:170:89:6:84:131:56:171:172:172:137:156:89:167:171:173:170:174:173:175:174:165:166:17:166:140:536:175:164:11:17:178:536:503:179:180:180:181:181:182:158:183:26:134:184:179:175:185:116:186:186:180:95:187:173:185:184:46:62:139:187:189:220:191:150:24:113:192:90:191:179:193:191:134:105:194:110:138:189:183:67:186:195:194:196:197:220:27:132:197:198:195:199:143:74:184:106:98:155:196:200:166:152:192:181:5:57:183:201:141:138:202:200:51:203:391:199:189:205:205:104:206:46:207:207:208:201:168:203:198:171:209:210:6:211:2:111:172:208:211:200:209:164:212:202:213:194:212:117:536:176:193:167:210:206:170:114:201:137:135:168:20:147:122:161:188:169:213:216:217:217:85:153:55:218:219:360:151:146:92:22:221:220:219:221:165:195:222:223:224:223:224:221:163:222:215:174:156:182:184:225:226:227:218:228:229:228:226:155:218:210:230:123:225:136:231:50:74:224:554:231:212:230:197:102:45:77:98:234:234:235:234:236:221:237:238:154:88:236:199:239:118:208:240:237:554:241:240:241:242:308:239:235:62:27:223:219:63:243:133:243:176:230:242:76:108:227:244:226:245:244:246:222:228:247:248:246:145:235:249:250:247:33:249:252:135:225:253:239:248:229:233:250:252:110:249:209:166:97:17:86:231:240:242:254:255:245:256:257:255:258:185:259:256:254:258:257:260:32:261:360:162:263:264:178:265:259:213:263:261:238:266:259:267:211:254:260:248:265:268:252:268:269:270:264:271:272:243:9:57:193:196:273:269:26:267:227:274:275:276:277:276:275:278:279:272:270:273:274:280:163:282:86:71:38:277:268:284:278:285:239:282:116:286:246:247:149:287:274:286:284:270:266:165:267:266:202:384:289:411:290:260:180:92:300:285:169:292:289:290:271:279:293:108:294:284:206:245:283:295:294:296:121:91:40:292:297:273:298:162:299:300:286:524:288:157:295:302:231:303:300:69:283:297:524:271:293:260:219:98:265:304:305:304:261:205:86:306:292:188:308:302:309:291:305:205:237:295:308:287:296:191:310:311:24:198:311:313:309:314:315:142:316:266:250:313:314:317:306:314:92:298:230:299:253:14:303:111:158:318:289:309:257:238:317:320:321:320:113:299:316:317:315:321:318:322:267:60:323:323:323:203:157:324:325:326:251:68:310:327:319:324:214:104:305:325:288:328:329:285:330:322:294:331:331:332:460:332:334:335:336:337:338:334:339:222:339:321:340:335:460:341:340:338:330:329:342:214:229:342:343:335:282:336:188:235:337:72:326:327:344:345:346:347:269:345:341:348:349:349:85:346:350:348:351:351:343:352:241:255:299:342:310:353:344:1:159:354:349:524:23:350:339:189:352:315:355:355:353:279:356:328:335:65:347:357:356:318:358:357:359:354:354:337:83:327:94:199:361:362:363:311:121:365:361:363:359:355:364:366:367:368:332:360:102:264:365:358:366:252:338:370:371:272:206:368:372:438:373:370:374:25:125:297:375:343:376:262:100:263:273:362:371:8:377:378:245:376:375:377:363:373:333:367:368:378:126:372:52:276:376:311:345:379:380:370:284:381:382:225:106:383:344:554:383:262:384:385:381:296:386:362:262:129:207:359:381:379:322:387:319:333:244:258:388:342:389:213:380:329:42:356:389:382:16:390:310:366:388:390:347:17:274:346:391:385:306:392:393:386:58:394:304:371:395:395:367:280:396:396:229:357:392:256:397:397:320:376:54:316:398:399:400:393:156:163:402:400:403:350:365:391:399:404:251:290:394:405:0:406:326:404:375:406:402:361:28:403:369:407:385:341:408:124:336:298:410:411:379:372:278:297:398:408:357:18:291:407:413:178:464:399:118:283:380:218:331:377:348:400:386:414:400:253:414:356:416:415:416:99:417:353:418:373:351:418:106:330:420:350:434:173:421:417:262:307:212:382:452:424:553:275:402:425:420:303:308:425:427:161:112:410:283:406:553:325:429:254:302:429:329:393:421:10:265:430:194:99:387:280:397:352:285:208:431:427:432:228:420:258:430:433:434:241:434:405:431:234:433:468:406:432:383:410:437:384:438:383:384:439:198:440:440:425:417:441:415:442:15:307:499:450:120:437:523:441:450:399:185:321:446:405:447:447:448:427:265:441:447:445:444:389:413:446:449:422:408:216:452:247:407:523:374:434:436:439:453:411:454:454:275:340:453:455:471:179:427:237:495:465:293:422:455:456:442:288:287:449:187:403:459:448:448:416:454:459:421:59:392:444:236:164:429:463:419:460:606:464:465:143:463:409:421:442:390:369:465:466:280:467:227:143:424:468:469:470:415:436:469:471:418:439:203:472:455:103:370:414:353:452:168:429:472:440:281:378:470:473:475:468:186:569:476:456:449:314:478:422:479:358:481:324:304:301:478:483:475:476:479:481:484:494:444:281:201:432:486:388:485:446:471:460:187:301:59:119:398:467:489:483:556:445:490:182:433:489:348:490:491:491:176:569:426:303:454:11:333:369:498:494:56:347:495:209:491:170:44:328:446:497:496:494:456:369:306:226:486:209:496:486:409:396:301:419:164:500:514:487:590:207:488:333:488:459:476:500:377:438:390:471:415:466:554:251:507:507:508:509:581:154:115:364:510:510:131:475:368:115:508:511:512:498:181:509:215:428:513:512:514:105:483:515:515:431:484:470:93:64:339:387:397:504:517:518:512:459:497:53:517:216:504:419:507:499:519:451:520:381:545:12:334:351:485:520:523:490:313:291:518:405:525:217:511:238:525:590:90:467:463:43:413:515:520:307:530:319:277:529:188:373:294:464:473:127:428:530:263:46:487:276:531:529:452:531:479:462:530:523:528:80:516:322:497:355:95:537:485:445:467:537:92:539:522:539:499:541:249:96:541:534:255:521:528:532:542:543:544:598:542:543:522:425:312:521:496:531:545:388:513:490:544:546:141:545:546:547:465:513:539:499:401:549:152:293:29:549:484:302:394:281:404:495:474:436:451:483:581:175:553:549:514:379:472:555:372:555:544:493:319:547:456:401:374:489:557:548:550:582:197:556:272:601:601:560:561:562:560:546:535:519:575:562:518:560:573:561:411:551:565:537:458:510:535:462:550:566:540:600:492:458:239:568:323:390:568:458:569:498:570:204:494:457:409:440:389:474:566:507:500:573:462:565:574:145:501:566:474:478:574:450:493:576:580:577:576:214:469:577:578:448:160:551:395:508:569:576:579:580:580:509:540:516:579:582:420:583:211:473:570:585:430:30:488:453:586:532:561:437:588:582:30:525:505:528:572:341:73:578:556:572:578:511:591:577:592:588:591:593:593:367:565:586:457:592:343:594:548:424:595:584:80:167:595:505:594:585:474:541:204:576:594:601:426:320:598:426:584:586:583:517:599:585:540:600:542:600:601:602:605:479:603:574:602:481:491:543:534:586:530:599:501:605:48:603:555:598:579:557:311:607:49:588:575:523:572:433:607
175,103,576,0,6473,43:1:2:32:2:4:5:6:7:4:8:63:1:9:10:160:10:12:11:312:12:14:9:8:15:16:20:15:18:19:503:19:81:22:48:36:23:18:14:503:24:4:16:6:25:12:38:26:0:28:131:25:29:29:503:492:45:24:26:31:606:7:33:21:28:66:20:492:23:4:34:32:16:34:312:48:36:312:22:0:37:46:31:492:38:23:39:39:606:215:41:7:42:43:2:38:215:41:33:44:160:20:0:21:47:45:606:49:31:190:10:50:49:44:51:77:34:47:52:51:53:54:55:36:53:32:57:28:48:94:93:42:60:49:61:61:62:120:55:64:65:54:52:62:43:64:93:66:67:1:73:67:68:60:37:69:57:65:233:182:69:22:71:8:60:71:72:56:40:68:29:120:19:74:66:74:65:190:37:43:76:75:77:81:45:78:233:76:72:596:61:80:596:11:82:83:84:56:64:596:70:85:86:85:80:81:86:80:73:87:83:63:69:55:88:89:78:90:88:91:67:91:89:14:70:78:81:88:94:21:95:40:82:31:52:44:55:94:87:95:97:192:40:97:72:21:144:50:136:99:100:101:102:103:82:104:25:103:101:105:106:103:73:107:105:104:108:98:109:108:51:109:39:100:27:15:110:71:107:111:112:113:114:54:159:116:102:110:83:116:94:114:36:107:117:118:68:119:77:70:132:112:58:63:159:121:122:122:119:111:42:90:5:123:113:159:99:124:125:126:118:41:5:124:127:126:128:129:130:29:130:131:122:132:125:133:123:117:133:127:18:126:129:128:34:132:109:19:134:97:135:58:134:137:135:138:109:96:139:127:78:140:141:31:142:84:96:137:130:101:141:142:144:145:136:146:129:91:146:139:27:84:119:147:144:138:121:149:150:147:233:95:151:53:151:123:147:120:125:87:152:153:41:153:145:152:149:100:149:39:154:155:150:50:157:107:156:133:155:47:136:158:154:157:75:158:93:75:142:160:143:146:161:162:163:59:162:161:59:37:143:128:150:140:190:112:167:153:168:169:58:124:169:168:170:89:6:84:131:56:171:172:172:137:156:89:167:171:173:170:174:173:175:174:165:166:17:166:140:536:175:164:11:17:178:536:503:179:180:180:181:181:182:158:183:26:134:184:179:175:185:116:186:186:180:95:187:173:185:184:46:62:139:187:189:220:191:150:24:113:192:90:191:179:193:191:134:105:194:110:138:189:183:67:186:195:194:196:197:220:27:132:197:198:195:199:143:74:184:106:98:155:196:200:166:152:192:181:5:57:183:201:141:138:202:200:51:203:391:199:189:205:205:104:206:46:207:207:208:201:168:203:198:171:209:210:6:211:2:111:172:208:211:200:209:164:212:202:213:194:212:117:536:176:193:167:210:206:170:114:201:137:135:168:20:147:122:161:188:169:213:216:217:217:85:153:55:218:219:360:151:146:92:22:221:220:219:221:165:195:222:223:224:223:224:221:163:222:215:174:156:182:184:225:226:227:218:228:229:228:226:155:218:210:230:123:225:136:231:50:74:224:554:231:212:230:197:102:45:77:98:234:234:235:234:236:221:237:238:154:88:236:199:239:118:208:240:237:554:241:240:241:242:308:239:235:62:27:223:219:63:243:133:243:176:230:242:76:108:227:244:226:245:244:246:222:228:247:248:246:145:235:249:250:247:33:249:252:135:225:253:239:248:229:233:250:252:110:249:209:166:97:17:86:231:240:242:254:255:245:256:257:255:258:185:259:256:254:258:257:260:32:261:360:162:263:264:178:265:259:213:263:261:238:266:259:267:211:254:260:248:265:268:252:268:269:270:264:271:272:243:9:57:193:196:273:269:26:267:227:274:275:276:277:276:275:278:279:272:270:273:274:280:163:282:86:71:38:277:268:284:278:285:239:282:116:286:246:247:149:287:274:286:284:270:266:165:267:266:202:384:289:411:290:260:180:92:300:285:169:292:289:290:271:279:293:108:294:284:206:245:283:295:294:296:121:91:40:292:297:273:298:162:299:300:286:524:288:157:295:302:231:303:300:69:283:297:524:271:293:260:219:98:265:304:305:304:261:205:86:306:292:188:308:302:309:291:305:205:237:295:308:287:296:191:310:311:24:198:311:313:309:314:315:142:316:266:250:313:314:317:306:314:92:298:230:299:253:14:303:111:158:318:289:309:257:238:317:320:321:320:113:299:316:317:315:321:318:322:267:60:323:323:323:203:157:324:325:326:251:68:310:327:319:324:214:104:305:325:288:328:329:285:330:322:294:331:331:332:460:332:334:335:336:337:338:334:339:222:339:321:340:335:460:341:340:338:330:329:342:214:229:342:343:335:282:336:188:235:337:72:326:327:344:345:346:347:269:345:341:348:349:349:85:346:350:348:351:351:343:352:241:255:299:342:310:353:344:1:159:354:349:524:23:350:339:189:352:315:355:355:353:279:356:328:335:65:347:357:356:318:358:357:359:354:354:337:83:327:94:199:361:362:363:311:121:365:361:363:359:355:364:366:367:368:332:360:102:264:365:358:366:252:338:370:371:272:206:368:372:438:373:370:374:25:125:297:375:343:376:262:100:263:273:362:371:8:377:378:245:376:375:377:363:373:333:367:368:378:126:372:52:276:376:311:345:379:380:370:284:381:382:225:106:383:344:554:383:262:384:385:381:296:386:362:262:129:207:359:381:379:322:387:319:333:244:258:388:342:389:213:380:329:42:356:389:382:16:390:310:366:388:390:347:17:274:346:391:385:306:392:393:386:58:394:304:371:395:395:367:280:396:396:229:357:392:256:397:397:320:376:54:316:398:399:400:393:156:163:402:400:403:350:365:391:399:404:251:290:394:405:0:406:326:404:375:406:402:361:28:403:369:407:385:341:408:124:336:298:410:411:379:372:278:297:398:408:357:18:291:407:413:178:464:399:118:283:380:218:331:377:348:400:386:414:400:253:414:356:416:415:416:99:417:353:418:373:351:418:106:330:420:350:434:173:421:417:262:307:212:382:452:424:553:275:402:425:420:303:308:425:427:161:112:410:283:406:553:325:429:254:302:429:329:393:421:10:265:430:194:99:387:280:397:352:285:208:431:427:432:228:420:258:430:433:434:241:434:405:431:234:433:468:406:432:383:410:437:384:438:383:384:439:198:440:440:425:417:441:415:442:15:307:499:450:120:437:523:441:450:399:185:321:446:405:447:447:448:427:265:441:447:445:444:389:413:446:449:422:408:216:452:247:407:523:374:434:436:439:453:411:454:454:275:340:453:455:471:179:427:237:495:465:293:422:455:456:442:288:287:449:187:403:459:448:448:416:454:459:421:59:392:444:236:164:429:463:419:460:606:464:465:143:463:409:421:442:390:369:465:466:280:467:227:143:424:468:469:470:415:436:469:471:418:439:203:472:455:103:370:414:353:452:168:429:472:440:281:378:470:473:475:468:186:569:476:456:449:314:478:422:479:358:481:324:304:301:478:483:475:476:479:481:484:494:444:281:201:432:486:388:485:446:471:460:187:301:59:119:398:467:489:483:556:445:490:182:433:489:348:490:491:491:176:569:426:303:454:11:333:369:498:494:56:347:495:209:491:170:44:328:446:497:496:494:456:369:306:226:486:209:496:486:409:396:301:419:164:500:514:487:590:207:488:333:488:459:476:500:377:438:390:471:415:466:554:251:507:507:508:509:581:154:115:364:510:510:131:475:368:115:508:511:512:498:181:509:215:428:513:512:514:105:483:515:515:431:484:470:93:64:339:387:397:504:517:518:512:459:497:53:517:216:504:419:507:499:519:451:520:381:545:12:334:351:485:520:523:490:313:291:518:405:525:217:511:238:525:590:90:467:463:43:413:515:520:307:530:319:277:529:188:373:294:464:473:127:428:530:263:46:487:276:531:529:452:531:479:462:530:523:528:80:516:322:497:355:95:537:485:445:467:537:92:539:522:539:499:541:249:96:541:534:255:521:528:532:542:543:544:598:542:543:522:425:312:521:496:531:545:388:513:490:544:546:141:545:546:547:465:513:539:499:401:549:152:293:29:549:484:302:394:281:404:495:474:436:451:483:581:175:553:549:514:379:472:555:372:555:544:493:319:547:456:401:374:489:557:548:550:582:197:556:272:601:601:560:561:562:560:546:535:519:575:562:518:560:573:561:411:551:565:537:458:510:535:462:550:566:540:600:492:458:239:568:323:390:568:458:569:498:570:204:494:360:409:440:389:474:566:507:500:573:462:565:574:145:501:566:474:478:574:450:493:576:580:577:576:214:469:577:578:448:160:551:395:508:569:576:579:580:580:509:540:516:579:582:420:583:211:473:570:585:430:30:488:453:586:532:561:437:588:582:30:525:505:528:572:341:73:578:556:572:578:511:591:577:592:588:591:593:593:367:565:586:457:592:343:594:548:424:595:584:80:167:595:505:594:585:474:541:204:576:594:601:426:320:598:426:584:586:583:517:599:585:540:600:542:600:601:602:605:479:603:574:602:481:491:543:534:586:530:599:501:605:48:603:555:598:579:557:311:607:49:588:575:523:572:433:607
176,103,576,0,6472,43:1:2:32:2:4:5:6:7:4:8:63:1:9:10:160:10:12:11:312:12:14:9:8:15:16:20:15:18:19:503:19:81:22:48:36:23:18:14:503:24:4:16:6:25:12:38:26:0:28:131:25:29:29:503:492:45:24:26:31:606:7:33:21:28:66:20:492:23:4:34:32:16:34:312:48:36:312:22:0:37:46:31:492:38:23:39:39:606:215:41:7:42:43:2:38:215:41:33:44:160:20:0:21:47:45:606:49:31:190:10:50:49:44:51:77:34:47:52:51:53:54:55:36:53:32:57:28:48:94:93:42:60:49:61:61:62:120:55:64:65:54:52:62:43:64:93:66:67:1:73:67:68:60:37:69:57:65:233:182:69:22:71:8:60:71:72:56:40:68:29:120:19:74:66:74:65:190:37:43:76:75:77:81:45:78:233:76:72:596:61:80:596:11:82:83:84:56:64:596:70:85:86:85:80:81:86:80:73:87:83:63:69:55:88:89:78:90:88:91:67:91:89:14:70:78:81:88:94:21:95:40:82:31:52:44:55:94:87:95:97:192:40:97:72:21:144:50:136:99:100:101:102:103:82:104:25:103:101:105:106:103:73:107:105:104:108:98:109:108:51:109:39:100:27:15:110:71:107:111:112:113:114:54:159:116:102:110:83:116:94:114:36:107:117:118:68:119:77:70:132:112:58:63:159:121:122:122:119:111:42:90:5:123:113:159:99:124:125:126:118:41:5:124:127:126:128:129:130:29:130:131:122:132:125:133:123:117:133:127:18:126:129:128:34:132:109:19:134:97:135:58:134:137:135:138:109:96:139:127:78:140:141:31:142:84:96:137:130:101:141:142:144:145:136:146:129:91:146:139:27:84:119:147:144:138:121:149:150:147:233:95:151:53:151:123:147:120:125:87:152:153:41:153:145:152:149:100:149:39:154:155:150:50:157:107:156:133:155:47:136:158:154:157:75:158:93:75:142:160:143:146:161:162:163:59:162:161:59:37:143:128:150:140:190:112:167:153:168:169:58:124:169:168:170:89:6:84:131:56:171:172:172:137:156:89:167:171:173:170:174:173:175:174:165:166:17:166:140:536:175:164:11:17:178:536:503:179:180:180:181:181:182:158:183:26:134:184:179:175:185:116:186:186:180:95:187:173:185:184:46:62:139:187:189:220:191:150:24:113:192:90:191:179:193:191:134:105:194:110:138:189:183:67:186:195:194:196:197:220:27:132:197:198:195:199:143:74:184:106:98:155:196:200:166:152:192:181:5:57:183:201:141:138:202:200:51:203:391:199:189:205:205:104:206:46:207:207:208:201:168:203:198:171:209:210:6:211:2:111:172:208:211:200:209:164:212:202:213:194:212:117:536:176:193:167:210:206:170:114:201:137:135:168:20:147:122:161:188:169:213:216:217:217:85:153:55:218:219:360:151:146:92:22:221:220:219:221:165:195:222:223:224:223:224:221:163:222:215:174:156:182:184:225:226:227:218:228:229:228:226:155:218:210:230:123:225:136:231:50:74:224:554:231:212:230:197:102:45:77:98:234:234:235:234:236:221:237:238:154:88:236:199:239:118:208:240:237:554:241:240:241:242:308:239:235:62:27:223:219:63:243:133:243:176:230:242:76:108:227:244:226:245:244:246:222:228:247:248:246:145:235:249:250:247:33:249:252:135:225:253:239:248:229:233:250:252:110:249:209:166:97:17:86:231:240:242:254:255:245:256:257:255:258:185:259:256:254:258:257:260:32:261:360:162:263:264:178:265:259:213:263:261:238:266:259:267:211:254:260:248:265:268:252:268:269:270:264:271:272:243:9:57:193:196:273:269:26:267:227:274:275:276:277:276:275:278:279:272:270:273:274:280:163:282:86:71:38:277:268:284:278:285:239:282:116:286:246:247:149:287:274:286:284:270:266:165:267:266:202:384:289:411:290:260:180:92:300:285:169:292:289:290:271:279:293:108:294:284:206:245:287:295:294:296:121:91:40:292:297:273:298:162:299:300:286:524:288:157:295:302:231:303:300:69:283:297:524:271:293:260:219:98:265:304:305:304:261:205:86:306:292:188:308:302:309:291:305:205:237:295:308:287:296:191:310:311:24:198:311:313:309:314:315:142:316:266:250:313:314:317:306:314:92:298:230:299:253:14:303:111:158:318:289:309:257:238:317:320:321:320:113:299:316:317:315:321:318:322:267:60:323:323:323:203:157:324:325:326:251:68:310:327:319:324:214:104:305:325:288:328:329:285:330:322:294:331:331:332:460:332:334:335:336:337:338:334:339:222:339:321:340:335:460:341:340:338:330:329:342:214:229:342:343:335:282:336:188:235:337:72:326:327:344:345:346:347:269:345:341:348:349:349:85:346:350:348:351:351:343:352:241:255:299:342:310:353:344:1:159:354:349:524:23:350:339:189:352:315:355:355:353:279:356:328:335:65:347:357:356:318:358:357:359:354:354:337:83:327:94:199:361:362:363:311:121:365:361:363:359:355:364:366:367:368:332:360:102:264:365:358:366:252:338:370:371:272:206:368:372:438:373:370:374:25:125:297:375:343:376:262:100:263:273:362:371:8:377:378:245:376:375:377:363:373:333:367:368:378:126:372:52:276:376:311:345:379:380:370:284:381:382:225:106:383:344:554:383:262:384:385:381:296:386:362:262:129:207:359:381:379:322:387:319:333:244:258:388:342:389:213:380:329:42:356:389:382:16:390:310:366:388:390:347:17:274:346:391:385:306:392:393:386:58:394:304:371:395:395:367:280:396:396:229:357:392:256:397:397:320:376:54:316:398:399:400:393:156:163:402:400:403:350:365:391:399:404:251:290:394:405:0:406:326:404:375:406:402:361:28:403:369:407:385:341:408:124:336:298:410:411:379:372:278:297:398:408:357:18:291:407:413:178:464:399:118:283:380:218:331:377:348:400:386:414:400:253:414:356:416:415:416:99:417:353:418:373:351:418:106:330:420:350:434:173:421:417:262:307:212:382:452:424:553:275:402:425:420:303:308:425:427:161:112:410:283:406:553:325:429:254:302:429:329:393:421:10:265:430:194:99:387:280:397:352:285:208:431:427:432:228:420:258:430:433:434:241:434:405:431:234:433:468:406:432:383:410:437:384:438:383:384:439:198:440:440:425:417:441:415:442:15:307:499:450:120:437:523:441:450:399:185:321:446:405:447:447:448:427:265:441:447:445:444:389:413:446:449:422:408:216:452:247:407:523:374:434:436:439:453:411:454:454:275:340:453:455:471:179:427:237:495:465:293:422:455:456:442:288:287:449:187:403:459:448:448:416:454:459:421:59:392:444:236:164:429:463:419:460:606:464:465:143:463:409:421:442:390:369:465:466:280:467:227:143:424:468:469:470:415:436:469:471:418:439:203:472:455:103:370:414:353:452:168:429:472:440:281:378:470:473:475:468:186:569:476:456:449:314:478:422:479:358:481:324:304:301:478:483:475:476:479:481:484:494:444:281:201:432:486:388:485:446:471:460:187:301:59:119:398:467:489:483:556:445:490:182:433:489:348:490:491:491:176:569:426:303:454:11:333:369:498:494:56:347:495:209:491:170:44:328:446:497:496:494:456:369:306:226:486:209:496:486:409:396:301:419:164:500:514:487:590:207:488:333:488:459:476:500:377:438:390:471:415:466:554:251:507:507:508:509:581:154:115:364:510:510:131:475:368:115:508:511:512:498:181:509:215:428:513:512:514:105:483:515:515:431:484:470:93:64:339:387:397:504:517:518:512:459:497:53:517:216:504:419:507:499:519:451:520:381:545:12:334:351:485:520:523:490:313:291:518:405:525:217:511:238:525:590:90:467:463:43:413:515:520:307:530:319:277:529:188:373:294:464:473:127:428:530:263:46:487:276:531:529:452:531:479:462:530:523:528:80:516:322:497:355:95:537:485:445:467:537:92:539:522:539:499:541:249:96:541:534:255:521:528:532:542:543:544:598:542:543:522:425:312:521:496:531:545:388:513:490:544:546:141:545:546:547:465:513:539:499:401:549:152:293:29:549:484:302:394:281:404:495:474:436:451:483:581:175:553:549:514:379:472:555:372:555:544:493:319:547:456:401:374:489:557:548:550:582:197:556:272:601:601:560:561:562:560:546:535:519:575:562:518:560:573:561:411:551:565:537:458:510:535:462:550:566:540:600:492:458:239:568:323:390:568:458:569:498:570:204:494:360:409:440:389:474:566:507:500:573:462:565:574:145:501:566:474:478:574:450:493:576:580:577:576:214:469:577:578:448:160:551:395:508:569:576:579:580:580:509:540:516:579:582:420:583:211:473:570:585:430:30:488:453:586:532:561:437:588:582:30:525:505:528:572:341:73:578:556:572:578:511:591:577:592:588:591:593:593:367:565:586:457:592:343:594:548:424:595:584:80:167:595:505:594:585:474:541:204:576:594:601:426:320:598:426:584:586:583:517:599:585:540:600:542:600:601:602:605:479:603:574:602:481:491:543:534:586:530:599:501:605:48:603:555:598:579:557:311:607:49:588:575:523:572:433:607
180,107,576,0,6470,43:1:2:32:2:4:5:6:7:4:8:63:1:9:10:160:10:12:11:312:12:14:9:8:15:16:20:15:18:19:503:19:81:22:48:36:23:18:14:503:24:4:16:6:25:12:38:26:0:28:131:25:29:29:503:492:45:24:26:31:606:7:33:21:28:66:20:492:23:4:34:32:16:34:312:48:36:312:22:0:37:46:31:492:38:23:39:39:606:215:41:7:42:43:2:38:215:41:33:44:160:20:0:21:47:45:606:49:31:190:10:50:49:44:51:77:34:47:52:51:53:54:55:36:53:32:57:28:48:94:93:42:60:49:61:61:62:120:55:64:65:54:52:62:43:64:93:66:67:1:73:67:68:60:37:69:57:65:233:182:69:22:71:8:60:71:72:56:40:68:29:120:19:74:66:74:65:190:37:43:76:75:77:81:45:78:233:76:72:596:61:80:596:11:82:83:84:56:64:596:70:85:86:85:80:81:86:80:73:87:83:63:69:55:88:89:78:90:88:91:67:91:89:14:70:78:81:88:94:21:95:40:82:31:52:44:55:94:87:95:97:192:40:97:72:21:144:50:136:99:100:101:102:103:82:104:25:103:101:105:106:103:73:107:105:104:108:98:109:108:51:109:39:100:27:15:110:71:107:111:112:113:114:54:159:116:102:110:83:116:94:114:36:107:117:118:68:119:77:70:132:112:58:63:159:121:122:122:119:111:42:90:5:123:113:159:99:124:125:126:118:41:5:124:127:126:128:129:130:29:130:131:122:132:125:133:123:117:133:127:18:126:129:128:34:132:109:19:134:97:135:58:134:137:135:138:109:96:139:127:78:140:141:31:142:84:96:137:130:101:141:142:144:145:136:146:129:91:146:139:27:84:119:147:144:138:121:149:150:147:233:95:151:53:151:123:147:120:125:87:152:153:41:153:145:152:149:100:149:39:154:155:150:50:157:107:156:133:155:47:136:158:154:157:75:158:93:75:142:160:143:146:161:162:163:59:162:161:59:37:143:128:150:140:190:112:167:153:168:169:58:124:169:168:170:89:6:84:131:56:171:172:172:137:156:89:167:171:173:170:174:173:175:174:165:166:17:166:140:536:175:164:11:17:178:536:503:179:180:180:181:181:182:158:183:26:134:184:179:175:185:116:186:186:180:95:187:173:185:184:46:62:139:187:189:220:191:150:24:113:192:90:191:179:193:191:134:105:194:110:138:189:183:67:186:195:194:196:197:220:27:132:197:198:195:199:143:74:184:106:98:155:196:200:166:152:192:181:5:57:183:201:141:138:202:200:51:203:391:199:189:205:205:104:206:46:207:207:208:201:168:203:198:171:209:210:6:211:2:111:172:208:211:200:209:164:212:202:213:194:212:117:536:176:193:167:210:206:170:114:201:137:135:168:20:147:122:161:188:169:213:216:217:217:85:153:55:218:219:360:151:146:92:22:221:220:219:221:165:195:222:223:224:223:224:221:163:222:215:174:156:182:184:225:226:227:218:228:229:228:226:155:218:210:230:123:225:136:231:50:74:224:554:231:212:230:197:102:45:77:98:234:234:235:234:236:221:237:238:154:88:236:199:239:118:208:240:237:554:241:240:241:242:308:239:235:62:27:223:219:63:243:133:243:176:230:242:76:108:227:244:226:245:244:246:222:228:247:248:246:145:235:249:250:247:33:249:252:135:225:253:239:248:229:233:250:252:110:249:209:166:97:17:86:231:240:242:254:255:245:256:257:255:258:185:259:256:254:258:257:260:32:261:360:162:263:264:178:265:259:213:263:261:238:266:259:267:211:254:260:248:265:268:252:268:269:270:264:271:272:243:9:57:193:196:273:269:26:267:227:274:275:276:277:276:275:278:279:272:270:273:274:280:163:282:86:71:38:277:268:284:278:285:239:282:116:286:246:247:149:287:274:286:284:270:266:165:267:266:202:384:289:411:290:260:180:92:300:285:169:292:289:290:271:279:293:108:294:284:206:245:287:295:294:296:121:91:40:292:297:273:298:162:299:300:286:524:288:157:295:302:231:303:300:69:283:297:524:271:293:260:219:98:265:304:305:304:261:205:86:306:292:188:308:302:309:291:305:205:237:295:308:287:296:191:310:311:24:198:311:313:309:314:315:142:316:266:250:313:314:317:306:314:92:298:230:299:253:14:303:111:158:318:289:309:257:238:317:320:321:320:113:299:316:317:315:321:318:322:267:60:323:323:323:203:157:324:325:326:251:68:310:327:319:324:214:104:305:325:288:328:329:285:330:322:294:331:331:332:460:332:334:335:336:337:338:334:339:222:339:321:340:335:460:341:340:338:330:329:342:214:229:342:343:335:282:336:188:235:337:72:326:327:344:345:346:347:269:345:341:348:349:349:85:346:350:348:351:351:343:352:241:255:299:342:310:353:344:1:159:354:349:524:23:350:339:189:352:315:355:355:353:279:356:328:335:65:347:357:356:318:358:357:359:354:354:337:83:327:94:199:361:362:363:311:121:365:361:363:359:355:364:366:367:368:332:360:102:264:365:358:366:252:338:370:371:272:206:368:372:438:373:370:374:25:125:297:375:343:376:262:100:263:273:362:371:8:377:378:245:376:375:377:363:373:333:367:368:378:126:372:52:276:376:311:345:379:380:370:284:381:382:225:106:383:344:554:383:262:384:385:381:296:386:362:262:129:207:359:381:379:322:387:319:333:244:258:388:342:389:213:380:329:42:356:389:382:16:390:310:366:388:390:347:17:274:346:391:385:306:392:393:386:58:394:304:371:395:395:367:280:396:396:229:357:392:256:397:397:320:376:54:316:398:399:400:393:156:163:402:400:403:350:365:391:399:404:251:290:394:405:0:406:326:404:375:406:402:361:28:403:369:407:385:341:408:124:336:298:410:411:379:372:278:297:398:408:357:18:291:407:413:178:464:399:118:283:380:218:331:377:348:400:386:414:400:253:414:356:416:415:416:99:417:353:418:373:351:418:106:330:420:350:434:173:421:417:262:307:212:382:452:424:553:275:402:425:420:303:308:425:427:161:112:410:283:406:553:325:429:254:302:429:329:393:421:10:265:430:194:99:387:280:397:352:285:208:431:427:432:228:420:258:430:433:434:241:434:405:431:234:433:468:406:432:383:410:437:384:438:383:384:439:198:440:440:425:417:441:415:442:15:307:499:450:120:437:523:441:450:399:185:321:446:405:447:447:448:427:265:441:447:445:444:389:413:446:449:422:408:216:452:247:407:523:374:434:436:439:453:411:454:454:275:340:453:455:471:179:427:237:495:465:293:422:455:456:442:288:287:449:187:403:459:448:448:416:454:459:421:59:392:444:236:164:429:463:419:460:606:464:465:143:463:409:421:442:390:369:465:466:280:467:227:143:424:468:469:470:415:436:469:471:418:439:203:472:455:103:370:414:353:452:168:429:472:440:281:378:470:473:475:468:186:569:476:456:449:314:478:422:479:358:481:324:304:301:478:483:475:476:479:481:484:494:444:281:201:432:486:388:485:446:471:460:187:301:59:119:398:467:489:483:556:445:490:182:433:489:348:490:491:491:176:569:426:303:454:11:333:369:498:494:56:347:495:209:491:170:44:328:446:497:496:494:456:369:306:226:486:209:496:486:409:396:301:419:164:500:514:487:590:207:488:333:488:459:476:500:377:438:390:471:415:466:554:251:519:519:508:509:581:154:115:364:510:510:131:475:368:115:508:511:512:498:181:509:215:428:513:512:514:105:483:515:515:431:484:470:93:64:339:387:397:504:517:518:512:459:497:53:517:216:504:419:115:499:283:451:520:381:545:12:334:351:485:520:523:490:313:291:518:405:525:217:511:238:525:590:90:467:463:43:413:515:520:307:530:319:277:529:188:373:294:464:473:127:428:530:263:46:487:276:531:529:452:531:479:462:530:523:528:80:516:322:497:355:95:537:485:445:467:537:92:539:522:539:499:541:249:96:541:534:255:521:528:532:542:543:544:598:542:543:522:425:312:521:496:531:545:388:513:490:544:546:141:545:546:547:465:513:539:499:401:549:152:293:29:549:484:302:394:281:404:495:474:436:451:483:581:175:553:549:514:379:472:555:372:555:544:493:319:547:456:401:374:489:557:548:550:582:197:556:272:601:601:560:561:562:560:546:535:575:575:562:518:560:573:561:411:551:565:537:458:510:535:462:550:566:540:600:492:458:239:568:323:390:568:458:569:498:570:204:494:360:409:440:389:474:566:507:500:573:462:565:574:145:501:566:474:478:574:450:493:576:580:577:576:214:469:577:578:448:160:551:395:508:569:576:579:580:580:509:540:516:579:582:420:583:211:473:570:585:430:30:488:453:586:532:561:437:588:582:30:525:505:528:572:341:73:578:556:572:578:511:591:577:592:588:591:593:593:367:565:586:457:592:343:594:548:424:595:584:80:167:595:505:594:585:474:541:204:576:594:601:426:320:598:426:584:586:583:517:599:585:540:600:542:600:601:602:605:479:603:574:602:481:491:543:534:586:530:599:501:605:48:603:555:598:579:557:311:607:49:588:575:523:572:433:607
194,123,576,0,6469,43:1:2:32:2:4:5:6:7:4:8:63:1:9:10:160:10:12:11:312:12:14:9:8:15:16:20:15:18:19:503:19:81:22:48:36:23:18:14:503:24:4:16:6:25:12:38:26:0:28:131:25:29:29:503:492:45:24:26:31:606:7:33:21:28:66:20:492:23:4:34:32:16:34:312:48:36:312:22:0:37:46:31:492:38:23:39:39:606:215:41:7:42:43:2:38:215:41:33:44:160:20:0:21:47:45:606:49:31:190:10:50:49:44:51:77:34:47:52:51:53:54:55:36:53:32:57:28:48:94:93:42:60:49:61:61:62:120:55:64:65:54:52:62:43:64:93:66:67:1:73:67:68:60:37:69:57:65:233:182:69:22:71:8:60:71:72:56:40:68:29:120:19:74:66:74:65:190:37:43:76:75:77:81:45:78:233:76:72:596:61:80:596:11:82:83:84:56:64:596:70:85:86:85:80:81:86:80:73:87:83:63:69:55:88:89:78:90:88:91:67:91:89:14:70:78:81:88:94:21:95:40:82:31:52:44:55:94:87:95:97:192:40:97:72:21:144:50:136:99:100:101:102:103:82:104:25:103:101:105:106:103:73:107:105:104:108:98:109:108:51:109:39:100:27:15:110:71:107:111:112:113:114:54:159:116:102:110:83:116:94:114:36:107:117:118:68:119:77:70:132:112:58:63:159:121:122:122:119:111:42:90:5:123:113:159:99:124:125:126:118:41:5:124:127:126:128:129:130:29:130:131:122:132:125:133:123:117:133:127:18:126:129:128:34:132:109:19:134:97:135:58:134:137:135:138:109:96:139:127:78:140:141:31:142:84:96:137:130:101:141:142:144:145:136:146:129:91:146:139:27:84:119:147:144:138:121:149:150:147:233:95:151:53:151:123:147:120:125:87:152:153:41:153:145:152:149:100:149:39:154:155:150:50:157:107:156:133:155:47:136:158:154:157:75:158:93:75:142:160:143:146:161:162:163:59:162:161:59:37:143:128:150:140:190:112:167:153:168:169:58:124:169:168:170:89:6:84:131:56:171:172:172:137:156:89:167:171:173:170:174:173:175:174:165:166:17:166:140:536:175:164:11:17:178:536:503:179:180:180:181:181:182:158:183:26:134:184:179:175:185:116:186:186:180:95:187:173:185:184:46:62:139:187:189:220:191:150:24:113:192:90:191:179:193:191:134:105:194:110:138:189:183:67:186:195:194:196:197:220:27:132:197:198:195:199:143:74:184:106:98:155:196:200:166:152:192:181:5:57:183:201:141:138:202:200:51:203:391:199:189:205:205:104:206:46:207:207:208:201:168:203:198:171:209:210:6:211:2:111:172:208:211:200:209:164:212:202:213:194:212:117:536:176:193:167:210:206:170:114:201:137:135:168:20:147:122:161:188:169:213:216:217:217:85:153:55:218:219:360:151:146:92:22:221:220:219:221:165:195:222:223:224:223:224:221:163:222:215:174:156:182:184:225:226:227:218:228:229:228:226:155:218:210:230:123:225:136:231:50:74:224:554:231:212:230:197:102:45:77:98:234:234:235:234:236:221:237:238:154:88:236:199:239:118:208:240:237:554:241:240:241:242:308:239:235:62:27:223:219:63:243:133:243:176:230:242:76:108:227:244:226:245:244:246:222:228:247:248:246:145:235:249:250:247:33:249:252:135:225:253:239:248:229:233:250:252:110:249:209:166:97:17:86:231:240:242:254:255:245:256:257:255:258:185:259:256:254:258:257:260:32:261:360:162:263:264:178:265:259:213:263:261:238:266:259:267:211:254:260:248:265:268:252:268:269:270:264:271:272:243:9:57:193:196:273:269:26:267:227:274:275:276:277:276:275:278:279:272:270:273:274:280:163:282:86:71:38:277:268:284:278:285:239:282:116:286:246:247:149:287:274:286:284:270:266:165:267:266:202:384:289:411:290:260:180:92:300:285:169:292:289:290:271:279:293:108:294:284:206:245:287:295:294:296:121:91:40:292:297:273:298:162:299:300:286:524:288:157:295:302:231:303:300:69:283:297:524:271:293:260:219:98:265:304:305:304:261:205:86:306:292:188:308:302:309:291:305:205:237:295:308:287:296:191:310:311:24:198:311:313:309:314:315:142:316:266:250:313:314:317:306:314:92:298:230:299:253:14:303:111:158:318:289:309:257:238:317:320:321:320:113:299:316:317:315:321:318:322:267:60:323:323:323:203:157:324:325:326:251:68:310:327:319:324:214:104:305:325:288:328:329:285:330:322:294:331:331:332:460:332:334:335:336:337:338:334:339:222:339:321:340:335:460:341:340:338:330:329:342:214:229:342:343:335:282:336:188:235:337:72:326:327:344:345:346:347:269:345:341:348:349:349:85:346:350:348:351:351:343:352:241:255:299:342:310:353:344:1:159:354:349:524:23:350:339:189:352:315:355:355:353:279:356:328:335:65:347:357:356:318:358:357:359:354:354:337:83:327:94:199:361:362:363:311:121:365:361:363:359:355:364:366:367:368:332:360:102:264:365:358:366:252:338:370:371:272:206:368:372:438:373:370:374:25:125:297:375:343:376:262:100:263:273:362:371:8:377:378:245:376:375:377:363:373:333:367:368:378:126:372:52:276:376:311:345:379:380:370:284:381:382:225:106:383:344:554:383:262:384:385:381:296:386:362:262:129:207:359:381:379:322:387:319:333:244:258:388:342:389:213:380:329:42:356:389:382:16:390:310:366:388:390:347:17:274:346:391:385:306:392:393:386:58:394:304:371:395:395:367:280:396:396:229:357:392:256:397:397:320:376:54:316:398:399:400:393:156:163:402:400:403:350:365:391:399:404:251:290:394:405:0:406:326:404:375:406:402:361:28:403:369:407:385:341:408:124:336:298:410:411:379:372:278:297:398:408:357:18:291:407:413:178:464:399:118:283:380:218:331:377:348:400:386:414:400:253:414:356:416:415:416:99:417:353:418:373:351:418:106:330:420:350:434:173:421:417:262:307:212:382:452:424:553:275:402:425:420:303:308:425:427:161:112:410:283:406:553:325:429:254:302:429:329:393:421:10:265:430:194:99:387:280:397:352:285:208:431:427:432:228:420:258:430:433:434:241:434:405:431:234:433:468:406:432:383:410:437:384:438:383:384:439:198:440:440:425:417:441:415:442:15:307:499:450:120:437:523:441:450:399:185:321:446:405:447:447:448:427:265:441:447:445:444:389:413:446:449:422:408:216:452:247:407:523:374:434:436:439:453:411:454:454:275:340:453:455:471:179:427:237:495:465:293:422:455:456:442:288:287:449:187:403:459:448:448:416:454:459:421:59:392:444:236:164:429:463:419:460:606:464:465:143:463:409:421:442:390:369:465:466:280:467:227:143:424:468:466:470:415:436:469:471:418:439:203:472:455:103:370:414:353:452:168:429:472:440:281:378:470:469:475:468:186:569:476:456:449:314:478:422:479:358:481:324:304:301:478:483:475:476:479:481:484:494:444:281:201:432:486:388:485:446:471:460:187:301:59:119:398:467:489:483:556:445:490:182:433:489:348:490:491:491:176:569:426:303:454:11:333:369:498:494:56:347:495:209:491:170:44:328:446:497:496:494:456:369:306:226:486:209:496:486:409:396:301:419:164:500:514:487:590:207:488:333:488:459:476:500:377:438:390:471:415:466:554:251:519:519:508:509:581:154:115:364:510:510:131:475:368:115:508:511:512:498:181:509:215:428:513:512:514:105:483:515:515:431:484:470:93:64:339:387:397:504:517:518:512:459:497:53:517:216:504:419:115:499:283:451:520:381:545:12:334:351:485:520:523:490:313:291:518:405:525:217:511:238:525:590:90:467:463:43:413:515:520:307:530:319:277:529:188:373:294:464:473:127:428:530:263:46:487:276:531:529:452:531:479:462:530:523:528:80:516:322:497:355:95:537:485:445:467:537:92:539:522:539:499:541:249:96:541:534:255:521:528:532:542:543:544:598:542:543:522:425:312:521:496:531:545:388:513:490:544:546:141:545:546:547:465:513:539:499:401:549:152:293:29:549:484:302:394:281:404:495:474:436:451:483:581:175:553:549:514:379:472:555:372:555:544:493:319:547:456:401:374:489:557:548:550:582:197:556:272:601:601:560:561:562:560:546:535:575:575:562:518:560:573:561:411:551:565:537:458:510:535:462:550:566:540:600:492:458:239:568:323:390:568:458:569:498:570:204:494:360:409:440:389:474:566:507:500:573:462:565:574:145:501:566:474:478:574:450:493:576:580:577:576:214:507:577:578:448:160:551:395:508:569:576:579:580:580:509:540:516:579:582:420:583:211:473:570:585:430:30:488:453:586:532:561:437:588:582:30:525:505:528:572:341:73:578:556:572:578:511:591:577:592:588:591:593:593:367:565:586:457:592:343:594:548:424:595:584:80:167:595:505:594:585:474:541:204:576:594:601:426:320:598:426:584:586:583:517:599:585:540:600:542:600:601:602:605:479:603:574:602:481:491:543:534:586:530:599:501:605:48:603:555:598:579:557:311:607:49:588:575:523:572:433:607
195,123,576,0,6468,43:1:2:32:2:4:5:6:7:4:8:63:1:9:10:160:10:12:11:312:12:14:9:8:15:16:20:15:18:19:503:19:81:22:48:36:23:18:14:503:24:4:16:6:25:12:38:26:0:28:131:25:29:29:503:492:45:24:26:31:606:7:33:21:28:66:20:492:23:4:34:32:16:34:312:48:36:312:22:0:37:46:31:492:38:23:39:39:606:215:41:7:42:43:2:38:215:41:33:44:160:20:0:21:47:45:606:49:31:190:10:50:49:44:51:77:34:47:52:51:53:54:55:36:53:32:57:28:48:94:93:42:60:49:61:61:62:120:55:64:65:54:52:62:43:64:93:66:67:1:73:67:68:60:37:69:57:65:233:182:69:22:71:8:60:71:72:56:40:68:29:120:19:74:66:74:65:190:37:43:76:75:77:81:45:78:233:76:72:596:61:80:596:11:82:83:84:56:64:596:70:85:86:85:80:81:86:80:73:87:83:63:69:55:88:89:78:90:88:91:67:91:89:14:70:78:81:88:94:21:95:40:82:31:52:44:55:94:87:95:97:192:40:97:72:21:144:50:136:99:100:101:102:103:82:104:25:103:101:105:106:103:73:107:105:104:108:98:109:108:51:109:39:100:27:15:110:71:107:111:112:113:114:54:159:116:102:110:83:116:94:114:36:107:117:118:68:119:77:70:132:112:58:63:159:121:122:122:119:111:42:90:5:123:113:159:99:124:125:126:118:41:5:124:127:126:128:129:130:29:130:131:122:132:125:133:123:117:133:127:18:126:129:128:34:132:109:19:134:97:135:58:134:137:135:138:109:96:139:127:78:140:141:31:142:84:96:137:130:101:141:142:144:145:136:146:129:91:146:139:27:84:119:147:144:138:121:149:150:147:233:95:151:53:151:123:147:120:125:87:152:153:41:153:145:152:149:100:149:39:154:155:150:50:157:107:156:133:155:47:136:158:154:157:75:158:93:75:142:160:143:146:161:162:163:59:162:161:59:37:143:128:150:140:190:112:167:153:168:169:58:124:169:168:170:89:6:84:131:56:171:172:172:137:156:89:167:171:173:170:174:173:175:174:165:166:17:166:140:536:175:164:11:17:178:536:503:179:180:180:181:181:182:158:183:26:134:184:179:175:185:116:186:186:180:95:187:173:185:184:46:62:139:187:189:220:191:150:24:113:192:90:191:179:193:191:134:105:194:110:138:189:183:67:186:195:194:196:197:220:27:132:197:198:195:199:143:74:184:106:98:155:196:200:166:152:192:181:5:57:183:201:141:138:202:200:51:203:391:199:189:205:205:104:206:46:207:207:208:201:168:203:198:171:209:210:6:211:2:111:172:208:211:200:209:164:212:202:213:194:212:117:536:176:193:167:210:206:170:114:201:137:135:168:20:147:122:161:188:169:213:216:217:217:85:153:55:218:219:360:151:146:92:22:221:220:219:221:165:195:222:223:224:223:224:221:163:222:215:174:156:182:184:225:226:227:218:228:229:228:226:155:218:210:230:123:225:136:231:50:74:224:554:231:212:230:197:102:45:77:98:234:234:235:234:236:221:237:238:154:88:236:199:239:118:208:240:237:554:241:240:241:242:308:239:235:62:27:223:219:63:243:133:243:176:230:242:76:108:227:244:226:245:244:246:222:228:247:248:246:145:235:249:250:247:33:249:252:135:225:253:239:248:229:233:250:252:110:249:209:166:97:17:86:231:240:242:254:255:245:256:257:255:258:185:259:256:254:258:257:260:32:261:360:162:263:264:178:265:259:213:263:261:238:266:259:267:211:254:260:248:265:268:252:268:269:270:264:271:272:243:9:57:193:196:273:269:26:267:227:274:275:276:277:276:275:278:279:272:270:273:274:280:163:282:86:71:38:277:268:284:278:285:239:282:116:286:246:247:149:287:274:286:284:270:266:165:267:266:202:384:289:411:290:260:180:92:300:285:169:292:289:290:271:279:293:108:294:284:206:245:287:295:294:296:121:91:40:292:297:273:298:162:299:300:286:524:288:157:295:302:231:303:300:69:283:297:524:271:293:260:219:98:265:304:305:304:261:205:86:306:292:188:308:302:309:291:305:205:237:295:308:287:296:191:310:311:24:198:311:313:309:314:315:142:316:266:250:313:314:317:306:314:92:298:230:299:253:14:303:111:158:318:289:309:257:238:317:320:321:320:113:299:316:317:315:321:318:322:267:60:323:323:323:203:157:324:325:326:251:68:310:327:319:324:214:104:305:325:288:328:329:285:330:322:294:331:331:332:460:332:334:335:336:337:338:334:339:222:339:321:340:335:460:341:340:338:330:329:342:214:229:342:343:335:282:336:188:235:337:72:326:327:344:345:346:347:269:345:341:348:349:349:85:346:350:348:351:351:343:352:241:255:299:342:310:353:344:1:159:354:349:524:23:350:339:189:352:315:355:355:353:279:356:328:335:65:347:357:356:318:358:357:359:354:354:337:83:327:94:199:361:362:363:311:121:365:361:363:359:355:364:366:367:368:332:360:102:264:365:358:366:252:338:370:371:272:206:368:372:438:373:370:374:25:125:297:375:343:376:262:100:263:273:362:371:8:377:378:245:376:375:377:363:373:333:367:368:378:126:372:52:276:376:311:345:379:380:370:284:381:382:225:106:383:344:554:383:262:384:385:381:296:386:362:262:129:207:359:381:379:322:387:319:333:244:258:388:342:389:213:380:329:42:356:389:382:16:390:310:366:388:390:347:17:274:346:391:385:306:392:393:386:58:394:304:371:395:395:367:280:396:396:229:357:392:256:397:397:320:376:54:316:398:399:400:393:156:163:402:400:403:350:365:391:399:404:251:290:394:405:0:406:326:404:375:406:402:361:28:403:369:407:385:341:408:124:336:298:410:411:379:372:278:297:398:408:357:18:291:407:413:178:464:399:118:283:380:218:331:377:348:400:386:414:400:253:414:356:416:415:416:99:417:353:418:373:351:418:106:330:420:350:434:173:421:417:262:307:212:382:452:424:553:275:402:425:420:303:308:425:427:161:112:410:283:406:553:325:429:254:302:429:329:393:421:10:265:430:194:99:387:280:397:352:285:208:431:427:432:228:420:258:430:433:434:241:434:405:431:234:433:468:406:432:383:410:437:384:438:383:384:439:198:440:440:425:417:441:415:442:15:307:499:450:120:437:523:441:450:399:185:321:446:405:447:447:448:427:265:441:447:445:444:389:413:446:449:422:408:216:452:247:407:523:374:434:436:439:453:411:454:454:275:340:453:455:471:179:427:237:495:465:293:422:455:456:442:288:287:449:187:403:459:448:448:416:454:459:421:59:392:444:236:164:429:463:419:460:606:464:465:143:463:409:421:442:390:369:465:466:280:467:227:143:424:468:466:470:415:436:469:471:418:439:203:472:455:103:370:414:353:452:168:429:472:440:281:378:470:469:475:468:186:569:476:456:449:314:478:422:479:358:481:324:304:301:478:483:475:476:479:481:484:494:444:281:201:432:486:388:485:446:471:460:187:301:59:119:398:467:489:483:556:445:490:182:433:489:348:490:491:491:176:569:426:303:454:11:333:369:498:494:56:347:495:209:491:170:44:328:446:497:496:494:456:369:306:226:486:209:496:486:409:396:301:419:164:500:514:487:590:207:488:333:488:459:476:500:377:438:390:471:415:466:554:251:519:519:508:509:581:154:115:364:510:510:131:475:368:115:508:511:512:498:181:509:215:428:513:512:514:105:483:515:515:431:484:470:93:64:339:387:397:504:517:518:512:459:497:53:517:216:504:419:115:499:283:451:520:381:545:12:334:351:485:520:523:490:313:291:518:405:525:217:511:238:525:590:90:467:463:43:413:515:520:307:530:319:277:529:188:373:294:464:473:127:428:530:263:46:487:276:531:529:452:531:479:462:530:523:528:80:516:322:497:355:95:537:485:445:467:537:92:539:522:539:499:541:249:96:541:534:255:521:528:532:542:543:544:598:542:543:522:425:312:521:496:531:545:388:513:490:544:546:141:545:546:547:465:513:539:499:401:549:152:293:29:549:484:302:394:281:404:495:474:436:451:483:581:175:553:549:514:379:472:555:372:555:544:493:319:547:456:401:374:489:557:548:550:582:197:556:272:601:601:560:561:562:560:546:535:575:575:562:518:560:573:561:411:551:413:537:458:510:535:462:550:566:540:600:492:458:239:568:323:390:568:458:569:498:570:204:494:360:409:440:389:474:566:507:500:573:462:578:574:145:501:566:474:478:574:450:493:576:580:577:576:214:507:577:437:448:160:551:395:508:569:576:579:580:580:509:540:516:579:582:420:583:211:473:570:585:430:30:488:453:586:532:561:437:588:582:30:525:505:528:572:341:73:551:556:572:565:511:591:577:592:588:591:593:593:367:565:586:457:592:343:594:548:424:595:584:80:167:595:505:594:585:474:541:204:576:594:601:426:320:598:426:584:586:583:517:599:585:540:600:542:600:601:602:605:479:603:574:602:481:491:543:534:586:530:599:501:605:48:603:555:598:579:557:311:607:49:588:575:523:572:433:607
198,125,575,0,6465,43:1:2:32:2:4:5:6:7:4:8:63:1:9:10:160:10:12:11:312:12:14:9:8:15:16:20:15:18:19:503:19:81:22:48:36:23:18:14:503:24:4:16:6:25:12:38:26:0:28:131:25:29:29:503:492:45:24:26:31:606:7:33:21:28:66:20:492:23:4:34:32:16:34:312:48:36:312:22:0:37:46:31:492:38:23:39:39:606:215:41:7:42:43:2:38:215:41:33:44:160:20:0:21:47:45:606:49:31:190:10:50:49:44:51:77:34:47:52:51:53:54:55:36:53:32:57:28:48:94:93:42:60:49:61:61:62:120:55:64:65:54:52:62:43:64:93:66:67:1:73:67:68:60:37:69:57:65:233:182:69:22:71:8:60:71:72:56:40:68:29:120:19:74:66:74:65:190:37:43:76:75:77:81:45:78:233:76:72:596:61:80:596:11:82:83:84:56:64:596:70:85:86:85:80:81:86:80:73:87:83:63:69:55:88:89:78:90:88:91:67:91:89:14:70:78:81:88:94:21:95:40:82:31:52:44:55:94:87:95:97:192:40:97:72:21:144:50:136:99:100:101:102:103:82:104:25:103:101:105:106:103:73:107:105:104:108:98:109:108:51:109:39:100:27:15:110:71:107:111:112:113:114:54:159:116:102:110:83:116:94:114:36:107:117:118:68:119:77:70:132:112:58:63:159:121:122:122:119:111:42:90:5:123:113:159:99:124:125:126:118:41:5:124:127:126:128:129:130:29:130:131:122:132:125:133:123:117:133:127:18:126:129:128:34:132:109:19:134:97:135:58:134:137:135:138:109:96:139:127:78:140:141:31:142:84:96:137:130:101:141:142:144:145:136:146:129:91:146:139:27:84:119:147:144:138:121:149:150:147:233:95:151:53:151:123:147:120:125:87:152:153:41:153:145:152:149:100:149:39:154:155:150:50:157:107:156:133:155:47:136:158:154:157:75:158:93:75:142:160:143:146:161:162:163:59:162:161:59:37:143:128:150:140:190:112:167:153:168:169:58:124:169:168:170:89:6:84:131:56:171:172:172:137:156:89:167:171:173:170:174:173:175:174:165:166:17:166:140:536:175:164:11:17:178:536:503:179:180:180:181:181:182:158:183:26:134:184:179:175:185:116:186:186:180:95:187:173:185:184:46:62:139:187:189:220:191:150:24:113:192:90:191:179:193:191:134:105:194:110:138:189:183:67:186:195:194:196:197:220:27:132:197:198:195:199:143:74:184:106:98:155:196:200:166:152:192:181:5:57:183:201:141:138:202:200:51:203:391:199:189:205:205:104:206:46:207:207:208:201:168:203:198:171:209:210:6:211:2:111:172:208:211:200:209:164:212:202:213:194:212:117:536:176:193:167:210:206:170:114:201:137:135:168:20:147:122:161:188:169:213:216:217:217:85:153:55:218:219:360:151:146:92:22:221:220:219:221:165:195:222:223:224:223:224:221:163:222:215:174:156:182:184:225:226:227:218:228:229:228:226:155:218:210:230:123:225:136:231:50:74:224:554:231:212:230:197:102:45:77:98:234:234:235:234:236:221:237:238:154:88:236:199:239:118:208:240:237:554:241:240:241:242:308:239:235:62:27:223:219:63:243:133:243:176:230:242:76:108:227:244:226:245:244:246:222:228:247:248:246:145:235:249:250:247:33:249:252:135:225:253:239:248:229:233:250:252:110:249:209:166:97:17:86:231:240:242:254:255:245:256:257:255:258:185:259:256:254:258:257:260:32:261:360:162:263:264:178:265:259:213:263:261:238:266:259:267:211:254:260:248:265:268:252:268:269:270:264:271:272:243:9:57:193:196:273:269:26:267:227:274:275:276:277:276:275:278:279:272:270:273:274:280:163:282:86:71:38:277:268:284:278:285:239:282:116:286:246:247:149:287:274:286:284:270:266:165:139:266:202:384:289:411:290:260:180:92:300:285:169:292:289:290:271:279:293:108:294:284:206:245:287:295:294:296:121:91:40:292:297:273:298:162:299:300:286:524:288:157:295:302:231:303:300:69:283:297:524:271:293:260:219:98:265:304:305:304:261:205:86:306:292:188:308:302:309:291:305:205:237:295:308:287:296:191:310:311:24:198:311:313:309:314:315:142:316:266:250:313:314:317:306:314:92:298:230:299:253:14:303:111:158:318:289:309:257:238:317:320:321:320:113:299:316:317:315:321:318:322:267:60:323:323:323:203:157:324:325:326:251:68:310:327:319:324:214:104:305:325:288:328:329:285:330:322:294:331:331:332:460:332:334:335:336:337:338:334:339:222:339:321:340:335:460:341:340:338:330:329:342:214:229:342:343:335:282:336:188:235:337:72:326:327:344:345:346:347:269:345:341:348:349:349:85:346:350:348:351:351:343:352:241:255:299:342:310:353:344:1:159:354:349:524:23:350:339:189:352:315:355:355:353:279:356:328:335:65:347:357:356:318:358:357:359:354:354:337:83:327:94:199:361:362:363:311:121:365:361:363:359:355:364:366:367:368:332:360:102:264:365:358:366:252:338:370:371:272:206:368:372:438:373:370:374:25:125:297:375:343:376:262:100:263:273:362:371:8:377:378:245:376:375:377:363:373:333:367:368:378:126:372:52:276:376:311:345:379:380:370:284:381:382:225:106:383:344:554:383:262:384:385:381:296:386:362:262:129:207:359:381:379:322:387:319:333:244:258:388:342:389:213:380:329:42:356:389:382:16:390:310:366:388:390:347:17:274:346:391:385:306:392:393:386:58:394:304:371:395:395:367:280:396:396:229:357:392:256:397:397:320:376:54:316:398:399:400:393:156:163:402:400:403:350:365:391:399:404:251:290:394:405:0:406:326:404:375:406:402:361:28:403:369:407:385:341:408:124:336:298:410:411:379:372:278:297:398:408:357:18:291:407:413:178:464:399:118:283:380:218:331:377:348:400:386:414:400:253:414:356:416:415:416:99:417:353:418:373:351:418:106:330:420:350:434:173:421:417:262:307:212:382:452:424:553:275:402:425:420:303:308:425:427:161:112:410:283:406:553:325:429:254:302:429:329:393:421:10:265:430:194:99:387:280:397:352:285:208:431:427:432:228:420:258:430:433:434:241:434:405:431:234:433:468:406:432:383:410:437:384:438:383:384:439:198:440:440:425:417:441:415:442:15:307:499:450:120:437:523:441:450:399:185:321:446:405:447:447:448:427:265:441:447:445:444:389:413:446:449:422:408:216:452:247:407:523:374:434:436:439:453:411:454:454:275:340:453:455:471:179:427:237:495:465:293:422:455:456:442:288:287:449:187:403:459:448:448:416:454:459:421:59:392:444:236:164:429:463:419:460:606:464:465:143:463:409:421:442:390:369:465:466:280:467:227:143:424:468:466:470:415:436:469:471:418:439:203:472:455:103:370:414:353:452:168:429:472:440:281:378:470:469:475:468:186:569:476:456:449:314:478:422:479:358:481:324:304:301:478:483:475:476:479:481:484:494:444:281:201:432:486:388:485:446:471:460:187:301:59:119:398:467:489:483:556:445:490:182:433:489:348:490:491:491:176:569:426:303:454:11:333:369:498:494:56:347:495:209:491:170:44:328:446:497:496:494:456:369:306:226:486:209:496:486:409:396:301:419:164:500:514:547:590:207:488:333:488:459:476:500:377:438:390:471:415:466:554:251:519:519:508:509:581:154:115:364:510:510:131:475:368:115:508:511:512:498:181:509:215:428:513:512:514:105:483:515:515:431:484:470:93:64:339:387:397:504:517:518:512:459:497:53:517:216:504:419:115:499:283:451:520:381:545:12:334:351:485:520:523:490:313:291:518:405:525:217:511:238:525:590:90:467:463:43:413:515:520:307:530:319:277:529:188:373:294:464:473:127:428:530:263:46:267:276:531:529:452:531:479:462:530:523:528:80:516:322:497:355:95:537:485:445:467:537:92:539:522:539:499:541:249:96:541:534:255:521:528:532:542:543:544:598:542:543:522:425:312:521:496:531:545:388:513:490:544:546:141:545:546:547:465:513:539:499:401:549:152:293:29:549:484:302:394:281:404:495:474:436:451:483:581:175:553:549:514:379:472:555:372:555:544:493:319:547:456:401:374:489:557:548:550:582:197:556:272:601:601:560:561:562:560:546:535:575:575:562:518:560:573:561:411:551:413:537:458:510:535:462:550:566:540:600:492:458:239:568:323:390:568:458:569:498:570:204:494:360:409:440:389:474:566:507:500:573:462:578:574:145:501:566:474:478:574:450:493:576:580:577:576:214:507:577:437:448:160:551:395:508:569:576:579:580:580:509:540:516:579:582:420:583:211:473:570:585:430:30:488:453:586:532:561:437:588:582:30:525:505:528:572:341:73:551:556:572:565:511:591:577:592:588:591:593:593:367:565:586:457:592:343:594:548:424:595:584:80:167:595:505:594:585:474:541:204:576:594:601:426:320:598:426:584:586:583:517:599:585:540:600:542:600:601:602:605:479:603:574:602:481:491:543:534:586:530:599:501:605:48:603:555:598:579:557:311:607:49:588:575:523:572:433:607
200,127,574,0,6464,43:1:2:32:2:4:5:6:7:4:8:63:1:9:10:160:10:12:11:312:12:14:9:8:15:16:20:15:18:19:503:19:81:22:48:36:23:18:14:503:24:4:16:6:25:12:38:26:0:28:131:25:29:29:503:492:45:24:26:31:606:7:33:21:28:66:20:492:23:4:34:32:16:34:312:48:36:312:22:0:37:46:31:492:38:23:39:39:606:215:41:7:42:43:2:38:215:41:33:44:160:20:0:21:47:45:606:49:31:190:10:50:49:44:51:77:34:47:52:51:53:54:55:36:53:32:57:28:48:94:93:42:60:49:61:61:62:120:55:64:65:54:52:62:43:64:93:66:67:1:73:67:68:60:37:69:57:65:233:182:69:22:71:8:60:71:72:56:40:68:29:120:19:74:66:74:65:190:37:43:76:75:77:81:45:78:233:76:72:596:61:80:596:11:82:83:84:56:64:596:70:85:86:85:80:81:86:80:73:87:83:63:69:55:88:89:78:90:88:91:67:91:89:14:70:78:81:88:94:21:95:40:82:31:52:44:55:94:87:95:97:192:40:97:72:21:144:50:136:99:100:101:102:103:82:104:25:103:101:105:106:103:73:107:105:104:108:98:109:108:51:109:39:100:27:15:110:71:107:111:112:113:114:54:159:116:102:110:83:116:94:114:36:107:117:118:68:119:77:70:132:112:58:63:159:121:122:122:119:111:42:90:5:123:113:159:99:124:125:126:118:41:5:124:127:126:128:129:130:29:130:131:122:132:125:133:123:117:133:127:18:126:129:128:34:132:109:19:134:97:135:58:134:137:135:138:109:96:139:127:78:140:141:31:142:84:96:137:130:101:141:142:144:145:136:146:129:91:146:139:27:84:119:147:144:138:121:149:150:147:233:95:151:53:151:123:147:120:125:87:152:153:41:153:145:152:149:100:149:39:154:155:150:50:157:107:156:133:155:47:136:158:154:157:75:158:93:75:142:160:143:146:161:162:163:59:162:161:59:37:143:128:150:140:190:112:167:153:168:169:58:124:169:168:170:89:6:84:131:56:171:172:172:137:156:89:167:171:173:170:174:173:175:174:165:166:17:166:140:536:175:164:11:17:178:536:503:179:180:180:181:181:182:158:183:26:134:184:179:175:185:116:186:186:180:95:187:173:185:184:46:62:139:187:189:220:191:150:24:113:192:90:191:179:193:191:134:105:194:110:138:189:183:67:186:195:194:196:197:220:27:132:197:198:195:199:143:74:184:106:98:155:196:200:166:152:192:181:5:57:183:201:141:138:202:200:51:203:391:199:189:205:205:104:206:46:207:207:208:201:168:203:198:171:209:210:6:211:2:111:172:208:211:200:209:164:212:202:213:194:212:117:536:176:193:167:210:206:170:114:201:137:135:168:20:147:122:161:188:169:213:216:217:217:85:153:55:218:219:360:151:146:92:22:221:220:219:221:165:195:222:223:224:223:224:221:163:222:215:174:156:182:184:225:226:227:218:228:229:228:226:155:218:210:230:123:225:136:231:50:74:224:554:231:212:230:197:102:45:77:98:234:234:235:234:236:221:237:238:154:88:236:199:239:118:208:240:237:554:241:240:241:242:308:239:235:62:27:223:219:63:243:133:243:176:230:242:76:108:227:244:226:245:244:246:222:228:247:248:246:145:235:249:250:247:33:249:252:135:225:253:239:248:229:233:250:252:110:249:209:166:97:17:86:231:240:242:254:255:245:256:257:255:258:185:259:256:254:258:257:260:32:261:360:162:263:264:178:265:259:213:263:261:238:266:259:267:211:254:260:248:265:268:252:268:269:270:264:271:272:243:9:57:193:196:273:269:26:267:227:274:275:276:277:276:275:278:279:272:270:273:274:280:163:282:86:71:38:277:268:284:278:285:239:282:116:286:246:247:149:287:274:286:284:270:266:165:139:266:202:384:289:411:290:260:180:92:300:285:169:292:289:290:271:279:293:108:294:284:206:245:287:295:294:296:121:91:40:292:297:273:298:162:299:300:286:524:288:157:295:302:231:303:300:69:283:297:524:271:293:260:219:98:265:304:305:304:261:205:86:306:292:188:308:302:309:291:305:205:237:295:308:287:296:191:310:311:24:198:311:313:309:314:315:142:316:266:250:313:314:317:306:314:92:298:230:299:253:14:303:111:158:318:289:309:257:238:317:320:321:320:113:299:316:317:315:321:318:322:267:60:323:323:323:203:157:324:325:326:251:68:310:327:319:324:214:104:305:325:288:328:329:285:330:322:294:331:331:332:460:332:334:335:336:337:338:334:339:222:339:321:340:335:460:341:340:338:330:329:342:214:229:342:343:335:282:336:188:235:337:72:326:327:344:345:346:347:269:345:341:348:349:349:85:346:350:348:351:351:343:352:241:255:299:342:310:353:344:1:159:354:349:524:23:350:339:189:352:315:355:355:353:279:356:328:335:65:347:357:356:318:358:357:359:354:354:337:83:327:94:199:361:362:363:311:121:365:361:363:359:355:364:366:367:368:332:360:102:264:365:358:366:252:338:370:371:272:206:368:372:438:373:370:374:25:125:297:375:343:376:262:100:263:273:362:371:8:377:378:245:376:375:377:363:373:333:367:368:378:126:372:52:276:376:311:345:379:380:370:284:381:382:225:106:383:344:554:383:262:384:385:381:296:386:362:262:129:207:359:381:379:322:387:319:333:244:258:388:342:389:213:380:329:42:356:389:382:16:390:310:366:388:390:347:17:274:346:391:385:306:392:393:386:58:394:304:371:395:395:367:280:396:396:229:357:392:256:397:397:320:376:54:316:398:399:400:393:156:163:402:400:403:350:365:391:399:404:251:290:394:405:0:406:326:404:375:406:402:361:28:403:369:407:385:341:408:124:336:298:410:411:379:372:278:297:398:408:357:18:291:407:413:178:464:399:118:283:380:218:331:377:348:400:386:414:400:253:414:356:416:415:416:99:417:353:418:373:351:418:106:330:420:350:434:173:421:417:262:307:212:382:452:424:553:275:402:425:420:303:308:425:427:161:112:410:283:406:553:325:429:254:302:429:329:393:421:10:265:430:194:99:387:280:397:352:285:208:431:427:432:228:420:258:430:433:434:241:434:405:431:234:433:468:406:432:383:410:437:384:438:383:384:439:198:440:440:425:417:441:415:442:15:307:499:450:120:437:523:441:450:399:185:321:446:405:447:447:448:427:265:441:447:445:444:389:413:446:449:422:408:216:452:247:407:523:374:434:436:439:453:411:454:454:275:340:453:455:471:179:427:237:495:465:293:422:455:456:442:288:287:449:187:403:459:448:448:416:454:459:421:59:392:444:236:164:429:463:419:460:606:464:465:143:463:409:421:442:390:369:465:466:280:467:227:143:424:468:466:470:415:436:469:471:418:439:203:472:455:103:370:414:353:452:168:429:472:440:281:378:470:469:475:468:186:569:476:456:449:314:478:422:479:358:481:324:304:301:478:483:475:476:479:481:484:494:444:281:201:432:486:388:485:446:471:460:187:301:59:119:398:467:489:483:556:445:490:182:433:489:348:490:491:491:176:569:426:303:454:11:333:369:498:494:56:347:495:209:491:170:44:328:446:497:496:494:456:369:306:226:486:209:496:486:409:396:301:419:164:500:514:547:590:207:488:333:488:459:476:500:377:438:390:471:415:466:554:251:519:519:508:509:581:154:115:364:510:510:131:475:368:115:508:511:512:498:181:509:215:428:513:512:514:105:483:515:515:431:484:470:93:64:339:387:397:504:517:518:512:459:497:53:517:216:504:419:115:499:283:451:520:381:545:12:334:351:485:520:523:490:313:291:469:405:525:217:511:238:525:590:90:467:463:43:413:515:520:307:530:319:277:529:188:373:294:464:473:127:428:530:263:46:267:276:531:529:452:531:479:462:530:523:528:80:516:322:497:355:95:537:485:445:467:537:92:539:522:539:499:541:249:96:541:534:255:521:528:532:542:543:544:598:542:543:522:425:312:521:496:531:545:388:513:490:544:546:141:545:546:547:465:513:539:499:401:549:152:293:29:549:484:302:394:281:404:495:474:436:451:483:581:175:553:549:514:379:472:555:372:555:544:493:319:547:456:401:374:489:557:548:550:582:197:556:272:601:601:560:561:562:560:546:535:575:575:562:578:560:573:561:411:551:413:537:458:510:535:462:550:566:540:600:492:458:239:568:323:390:568:458:569:498:570:204:494:360:409:440:389:474:566:507:500:573:462:578:574:145:501:566:474:478:574:450:493:576:580:577:576:214:507:577:437:448:160:551:395:508:569:576:579:580:580:509:540:516:579:582:420:583:211:473:570:585:430:30:488:453:586:532:561:437:588:582:457:525:505:528:572:341:73:551:556:572:565:511:591:577:592:588:591:593:593:367:565:586:457:592:343:594:548:424:595:584:80:167:595:505:594:585:474:541:204:576:594:601:426:320:598:426:584:586:583:517:518:585:540:600:542:600:601:602:605:479:603:574:602:481:491:543:534:586:530:30:501:605:48:603:555:598:579:557:311:607:49:588:575:523:572:433:607
204,131,573,0,6463,43:1:2:32:2:4:5:6:7:4:8:63:1:9:10:160:10:12:11:312:12:14:9:8:15:16:20:15:18:19:503:19:81:22:48:36:23:18:14:503:24:4:16:6:25:12:38:26:0:28:131:25:29:29:503:492:45:24:26:31:606:7:33:21:28:66:20:492:23:4:34:32:16:34:312:48:36:312:22:0:37:46:31:492:38:23:39:39:606:215:41:7:42:43:2:38:215:41:33:44:160:20:0:21:47:45:606:49:31:190:10:50:49:44:51:77:34:47:52:51:53:54:55:36:53:32:57:28:48:94:93:42:60:49:61:61:62:120:55:64:65:54:52:62:43:64:93:66:67:1:73:67:68:60:37:69:57:65:233:182:69:22:71:8:60:71:72:56:40:68:29:120:19:74:66:74:65:190:37:43:76:75:77:81:45:78:233:76:72:596:61:80:596:11:82:83:84:56:64:596:70:85:86:85:80:81:86:80:73:87:83:63:69:55:88:89:78:90:88:91:67:91:89:14:70:78:81:88:94:21:95:40:82:31:52:44:55:94:87:95:97:192:40:97:72:21:144:50:136:99:100:101:102:103:82:104:25:103:101:105:106:103:73:107:105:104:108:98:109:108:51:109:39:100:27:15:110:71:107:111:112:113:114:54:159:116:102:110:83:116:94:114:36:107:117:118:68:119:77:70:132:112:58:63:159:121:122:122:119:111:42:90:5:123:113:159:99:124:125:126:118:41:5:124:127:126:128:129:130:29:130:131:122:132:125:133:123:117:133:127:18:126:129:128:34:132:109:19:134:97:135:58:134:137:135:138:109:96:139:127:78:140:141:31:142:84:96:137:130:101:141:142:144:145:136:146:129:91:146:139:27:84:119:147:144:138:121:149:150:147:233:95:151:53:151:123:147:120:125:87:152:153:41:153:145:152:149:100:149:39:154:155:150:50:157:107:156:133:155:47:136:158:154:157:75:158:93:75:142:160:143:146:161:162:163:59:162:161:59:37:143:128:150:140:190:112:167:153:168:169:58:124:169:168:170:89:6:84:131:56:171:172:172:137:156:89:167:171:173:170:174:173:175:174:165:166:17:166:140:536:175:164:11:17:178:536:503:179:180:180:181:181:182:158:183:26:134:184:179:175:185:116:186:186:180:95:187:173:185:184:46:62:139:187:189:220:191:150:24:113:192:90:191:179:193:191:134:105:194:110:138:189:183:67:186:195:194:196:197:220:27:132:197:198:195:199:143:74:184:106:98:155:196:200:166:152:192:181:5:57:183:201:141:138:202:200:51:203:391:199:189:205:205:104:206:46:207:207:208:201:168:203:198:171:209:210:6:211:2:111:172:208:211:200:209:164:212:202:213:194:212:117:536:176:193:167:210:206:170:114:201:137:135:168:20:147:122:161:188:169:213:216:217:217:85:153:55:218:219:360:151:146:92:22:221:220:219:221:165:195:222:223:224:223:224:221:163:222:215:174:156:182:184:225:226:227:218:228:229:228:226:155:218:210:230:123:225:136:231:50:74:224:554:231:212:230:197:102:45:77:98:234:234:235:234:236:221:237:238:154:88:236:199:239:118:208:240:237:554:241:240:241:242:308:239:235:62:27:223:219:63:243:133:243:176:230:242:76:108:227:244:226:245:244:246:222:228:247:248:246:145:235:249:250:247:33:249:252:135:225:253:239:248:229:233:250:252:110:249:209:166:97:17:86:231:240:242:254:255:245:256:257:255:258:185:259:256:254:258:257:260:32:261:360:162:263:264:178:265:259:213:263:261:238:266:259:267:211:254:260:248:265:268:252:268:269:270:264:271:272:243:9:57:193:196:273:269:26:267:227:274:275:276:277:276:275:278:279:272:270:273:274:280:163:282:86:71:38:277:268:284:278:285:239:282:116:286:246:247:149:287:274:286:284:270:266:165:139:266:202:384:289:411:290:260:180:92:300:285:169:292:289:290:271:279:293:108:294:284:206:245:287:295:294:296:121:91:40:292:297:273:298:162:299:300:286:524:288:157:295:302:231:303:300:69:283:297:524:271:293:260:219:98:265:304:305:304:261:205:86:306:292:188:308:302:309:291:305:205:237:295:308:287:296:191:310:311:24:198:311:313:309:314:315:142:316:266:250:313:314:317:306:314:92:298:230:299:253:14:303:111:158:318:289:309:257:238:317:320:321:320:113:299:316:317:315:321:318:322:267:60:323:323:323:203:157:324:325:326:251:68:310:327:319:324:214:104:305:325:288:328:329:285:330:322:294:331:331:332:460:332:334:335:336:337:338:334:339:222:339:321:340:335:460:341:340:338:330:329:342:214:229:342:343:335:282:336:188:235:337:72:326:327:344:345:346:347:269:345:341:348:349:349:85:346:350:348:351:351:343:352:241:255:299:342:310:353:344:1:159:354:349:524:23:350:339:189:352:315:355:355:353:279:356:328:335:65:347:357:356:318:358:357:359:354:354:337:83:327:94:199:361:362:363:311:121:365:361:363:359:355:364:366:367:368:332:360:102:264:365:358:366:252:338:370:371:272:206:368:372:438:373:370:374:25:125:297:375:343:376:262:100:263:273:362:371:8:377:378:245:376:375:377:363:373:333:367:368:378:126:372:52:276:376:311:345:379:380:370:284:381:382:225:106:383:344:554:383:262:384:385:381:296:386:362:262:129:207:359:381:379:322:387:319:333:244:258:388:342:389:213:380:329:42:356:389:382:16:390:310:366:388:390:347:17:274:346:391:385:306:392:393:386:58:394:304:371:395:395:367:280:396:396:229:357:392:256:397:397:320:376:54:316:398:399:400:393:156:163:402:400:403:350:365:391:399:404:251:290:394:405:0:406:326:404:375:406:402:361:28:403:369:407:385:341:408:124:336:298:410:411:379:372:278:297:398:408:357:18:291:407:413:178:464:399:118:283:380:218:331:377:348:400:386:414:400:253:414:356:416:415:416:99:417:353:418:373:351:418:106:330:420:350:434:173:421:417:262:307:212:382:452:424:553:275:402:425:420:303:308:425:427:161:112:410:283:406:553:325:429:254:302:429:329:393:421:10:265:430:194:99:387:280:397:352:285:208:431:427:432:228:420:258:430:433:434:241:434:405:431:234:433:468:406:432:383:410:437:384:438:383:384:439:198:440:440:425:417:441:415:442:15:307:499:450:120:437:523:441:450:399:185:321:446:405:447:447:448:427:265:441:447:445:444:389:413:446:449:422:408:216:452:247:407:523:374:434:436:439:453:411:454:454:275:340:453:455:471:179:427:237:495:465:293:422:455:456:442:288:287:449:187:403:459:448:448:416:454:459:421:59:392:444:236:164:429:463:419:460:606:464:465:143:463:409:421:442:390:369:465:466:280:467:227:143:424:468:466:470:415:436:469:471:418:439:203:472:455:103:370:414:353:452:168:429:472:440:281:378:470:469:475:468:186:569:476:456:449:314:478:422:479:358:481:324:304:301:478:483:475:476:479:481:484:494:444:281:201:432:486:388:485:446:471:460:187:301:59:119:398:467:489:483:556:445:490:182:433:489:348:490:491:491:176:569:426:303:454:11:333:369:498:494:56:347:495:209:491:170:44:328:446:497:496:494:456:369:306:226:486:209:496:486:409:396:301:419:164:500:514:547:590:207:488:333:488:459:476:500:377:438:390:471:415:466:554:251:519:519:508:509:581:154:115:364:510:510:131:475:368:115:508:511:512:498:181:509:215:428:513:512:514:105:483:515:515:431:484:470:93:64:339:387:397:504:517:518:512:459:497:53:517:216:504:419:115:499:283:451:520:381:545:12:334:351:485:520:523:490:313:291:469:405:525:217:511:238:525:590:90:467:463:43:413:515:520:307:530:319:277:529:188:373:294:464:473:127:428:530:263:46:267:276:531:529:452:531:479:462:530:523:528:80:516:322:497:355:95:537:485:445:467:537:92:539:522:539:499:541:249:96:541:534:255:521:528:532:542:543:544:598:542:543:522:425:312:521:496:531:545:388:513:490:544:546:141:545:546:547:465:513:539:499:401:549:152:293:29:549:484:302:394:281:404:495:474:436:451:483:581:175:553:549:514:379:472:555:372:555:544:493:319:547:456:401:374:489:557:548:550:578:197:556:272:601:601:560:561:562:560:546:535:575:575:562:557:560:573:561:411:551:413:537:458:510:535:462:550:566:540:600:492:458:239:568:323:390:568:458:569:498:570:204:494:360:409:440:389:474:566:507:500:573:462:578:574:145:501:566:474:478:574:450:493:576:580:577:576:214:507:577:437:448:160:551:395:508:569:576:579:580:580:509:540:516:579:582:420:583:211:473:570:585:430:30:488:453:586:532:561:437:588:529:457:525:505:528:582:341:73:551:556:578:565:511:591:577:592:588:591:593:593:367:565:586:457:592:343:594:548:424:595:584:80:167:595:505:594:585:474:541:204:576:594:601:426:320:598:426:584:586:583:517:518:585:540:600:542:600:601:602:605:479:603:574:602:481:491:543:534:586:530:30:501:605:48:603:555:598:579:557:311:607:49:588:575:523:582:433:607
217,147,572,0,6459,43:1:2:32:2:4:5:6:7:4:8:63:1:9:10:160:10:12:11:312:12:14:9:8:15:16:20:15:18:19:503:19:81:22:48:36:23:18:14:503:24:4:16:6:25:12:38:26:0:28:131:25:29:29:503:492:45:24:26:31:606:7:33:21:28:66:20:492:23:4:34:32:16:34:312:48:36:312:22:0:37:46:31:492:38:23:39:39:606:215:41:7:42:43:2:38:215:41:33:44:160:20:0:21:47:45:606:49:31:190:10:50:49:44:51:77:34:47:52:51:53:54:55:36:53:32:57:28:48:94:93:42:60:49:61:61:62:120:55:64:65:54:52:62:43:64:93:66:67:1:73:67:68:60:37:69:57:65:233:182:69:22:71:8:60:71:72:56:40:68:29:120:19:74:66:74:65:190:37:43:76:75:77:81:45:78:233:76:72:596:61:80:596:11:82:83:84:56:64:596:70:85:86:85:80:81:86:80:73:87:83:63:69:55:88:89:78:90:88:91:67:91:89:14:70:78:81:88:94:21:95:40:82:31:52:44:55:94:87:95:97:192:40:97:72:21:144:50:136:99:100:101:102:103:82:104:25:103:101:105:106:103:73:107:105:104:108:98:109:108:51:109:39:100:27:15:110:71:107:111:112:113:114:54:159:116:102:110:83:116:94:114:36:107:117:118:68:119:77:70:132:112:58:63:159:121:122:122:119:111:42:90:5:123:113:159:99:124:125:126:118:41:5:124:127:126:128:129:130:29:130:131:122:132:125:133:123:117:133:127:18:126:129:128:34:132:109:19:134:97:135:58:134:137:135:138:109:96:139:127:78:140:141:31:142:84:96:137:130:101:141:142:144:145:136:146:129:91:146:139:27:84:119:147:144:138:121:149:150:147:233:95:151:53:151:123:147:120:125:87:152:153:41:153:145:152:149:100:149:39:154:155:150:50:157:107:156:133:155:47:136:158:154:157:75:158:93:75:142:160:143:146:161:162:163:59:162:161:59:37:143:128:150:140:190:112:167:153:168:169:58:124:169:168:170:89:6:84:131:56:171:172:172:137:156:89:167:171:173:170:174:173:175:174:165:166:17:166:140:536:175:164:11:17:178:536:503:179:180:180:181:181:182:158:183:26:134:184:179:175:185:116:186:186:180:95:187:173:185:184:46:62:139:187:189:220:191:150:24:113:192:90:191:179:193:191:134:105:194:110:138:189:183:67:186:195:194:196:197:220:27:132:197:198:195:199:143:74:184:106:98:155:196:200:166:152:192:181:5:57:183:201:141:138:202:200:51:203:391:199:189:205:205:104:206:46:207:207:208:201:168:203:198:171:209:210:6:211:2:111:172:208:211:200:209:164:212:202:213:194:212:117:536:176:193:167:210:206:170:114:201:137:135:168:20:147:122:161:188:169:213:216:217:217:85:153:55:218:219:360:151:146:92:22:221:220:219:221:165:195:222:223:224:223:224:221:163:222:215:174:156:182:184:225:226:227:218:228:229:228:226:155:218:210:230:123:225:136:231:50:74:224:554:231:212:230:197:102:45:77:98:234:234:235:234:236:221:237:238:154:88:236:199:239:118:208:240:237:554:241:240:241:242:308:239:235:62:27:223:219:63:243:133:243:176:230:242:76:108:227:244:226:245:244:246:222:228:247:248:246:145:235:249:250:247:33:249:252:135:225:253:239:248:229:233:250:252:110:249:209:166:97:17:86:231:240:242:254:255:245:256:257:255:258:185:259:256:254:258:257:260:32:261:360:162:263:264:178:265:259:213:263:261:238:266:259:267:211:254:260:248:265:268:252:268:269:270:264:271:272:243:9:57:193:196:273:269:26:267:227:274:275:276:277:276:275:278:279:272:270:273:274:280:163:282:86:71:38:277:268:284:278:285:239:282:116:286:246:247:149:287:274:286:284:270:266:165:139:266:202:384:289:411:290:260:180:92:300:285:169:292:289:290:271:279:293:108:294:284:206:245:287:295:294:296:121:91:40:292:297:273:298:162:299:300:286:524:288:157:295:302:231:303:300:69:283:297:524:271:293:260:219:98:265:304:305:304:261:205:86:306:292:188:308:302:309:291:305:205:237:295:308:287:296:191:310:311:24:198:311:313:309:314:315:142:316:266:250:313:314:317:306:314:92:298:230:299:253:14:303:111:158:318:289:309:257:238:317:320:321:320:113:299:316:317:315:321:318:322:267:60:323:323:323:203:157:324:325:326:251:68:310:327:319:324:214:104:305:325:288:328:329:285:330:322:294:331:331:332:460:332:334:335:336:337:338:334:339:222:339:321:340:335:460:341:340:338:330:329:342:214:229:342:343:335:282:336:188:235:337:72:326:327:344:345:346:347:269:345:341:348:349:349:85:346:350:348:351:351:343:352:241:255:299:342:310:353:344:1:159:354:349:524:23:350:339:189:352:315:355:355:353:279:356:328:335:65:347:357:356:318:358:357:359:354:354:337:83:327:94:199:361:362:363:311:121:365:361:363:359:355:364:366:367:368:332:360:102:264:365:358:366:252:338:370:371:272:206:368:372:438:373:370:374:25:125:297:375:343:376:262:100:263:273:362:371:8:377:378:245:376:375:377:363:373:333:367:368:378:126:372:52:276:376:311:345:379:380:370:284:381:382:225:106:383:344:554:383:262:384:385:381:296:386:362:262:129:207:359:381:379:322:387:319:333:244:258:388:342:389:213:380:329:42:356:389:382:16:390:310:366:388:390:347:17:274:346:391:385:306:392:393:386:58:394:304:371:395:395:367:280:396:396:229:357:392:256:397:397:320:376:54:316:398:399:400:393:156:163:402:400:403:350:365:391:399:404:251:290:394:405:0:406:326:404:375:406:402:361:28:403:369:407:385:341:408:124:336:298:410:411:379:372:278:297:398:408:357:18:291:407:413:178:464:399:118:283:380:218:331:377:348:400:386:414:400:253:414:356:416:415:416:99:417:353:418:373:351:418:106:330:420:350:434:173:421:417:262:307:212:382:452:424:553:275:402:425:420:303:308:425:427:161:112:410:283:406:553:325:429:254:302:429:329:393:421:10:265:430:194:99:387:280:397:352:285:208:431:427:432:228:420:258:430:433:434:241:434:405:431:234:433:468:406:432:383:410:437:384:438:383:384:439:198:440:440:425:417:441:415:442:15:307:499:450:120:437:523:441:450:399:185:321:446:405:447:447:448:427:265:441:447:445:444:389:413:446:449:422:408:216:452:247:407:523:374:434:436:439:453:411:454:454:275:340:453:455:471:179:427:237:495:465:293:422:455:456:442:288:287:449:187:403:459:448:448:416:454:459:421:59:392:444:236:164:429:463:419:460:606:464:465:143:463:409:421:442:390:369:465:466:280:467:227:143:424:468:466:470:415:436:469:471:418:439:203:472:455:103:370:414:353:452:168:429:472:440:281:378:470:469:475:468:186:569:476:456:449:314:478:422:479:358:481:324:304:301:478:483:475:476:479:481:484:494:444:281:201:432:486:388:485:446:471:460:187:301:59:119:398:467:489:483:556:445:490:182:433:489:348:490:491:491:176:569:426:303:454:11:328:369:498:494:56:347:495:209:491:170:44:328:446:497:496:494:456:369:306:226:486:209:496:486:409:396:301:419:164:500:514:547:590:207:488:333:488:459:476:500:377:438:390:471:415:466:554:251:519:519:508:509:581:154:115:364:510:510:131:475:368:115:508:511:512:498:181:509:215:428:513:512:514:105:483:426:47:431:484:470:93:64:339:387:397:504:517:518:512:459:497:53:517:216:504:419:115:499:283:451:520:381:545:12:334:351:485:520:523:490:313:291:469:405:525:217:511:238:525:590:90:467:463:43:413:333:520:307:530:319:277:529:188:373:294:464:473:127:428:530:263:46:267:276:531:529:452:531:479:462:530:523:528:80:516:322:497:355:95:537:485:445:467:537:92:539:522:539:499:541:249:96:541:534:255:521:528:532:542:543:544:598:542:543:522:425:312:521:496:531:545:388:513:490:544:546:141:545:546:547:465:513:539:499:401:549:152:293:29:549:484:302:394:281:404:495:474:436:451:483:581:175:553:549:514:379:472:555:372:555:544:493:319:547:456:401:374:489:557:548:550:578:197:556:272:601:601:560:561:562:560:546:535:575:575:562:557:560:573:561:411:551:413:537:458:510:535:462:550:566:540:600:492:458:239:568:323:390:568:458:569:498:570:204:494:360:409:440:389:474:566:507:500:573:462:578:574:145:501:566:474:478:574:450:493:576:580:577:576:214:507:577:437:448:160:551:395:508:569:576:579:580:580:509:540:516:579:582:420:583:211:473:570:585:430:30:488:453:586:532:561:437:588:529:457:525:505:528:582:341:73:551:556:578:565:511:591:577:592:588:591:593:593:367:565:586:457:592:343:594:548:424:595:584:80:167:595:505:594:585:474:541:204:576:594:601:391:320:598:9:584:586:583:517:518:585:540:600:542:600:601:602:605:479:603:574:602:481:491:543:534:586:530:30:501:605:48:603:555:598:579:557:311:607:49:588:575:523:582:433:607
219,149,572,0,6456,43:1:2:32:2:4:5:6:7:4:8:63:1:9:10:160:10:12:11:312:12:14:9:8:15:16:20:15:18:19:503:19:81:22:48:36:23:18:14:503:24:4:16:6:25:12:38:26:0:28:131:25:29:29:503:492:45:24:26:31:606:7:33:21:28:66:20:492:23:4:34:32:16:34:312:48:36:312:22:0:37:46:31:492:38:23:39:39:606:215:41:7:42:43:2:38:215:41:33:44:160:20:0:21:47:45:606:49:31:190:10:50:49:44:51:77:34:47:52:51:53:54:55:36:53:32:57:28:48:94:93:42:60:49:61:61:62:120:55:64:65:54:52:62:43:64:93:66:67:1:73:67:68:60:37:69:57:65:233:182:69:22:71:8:60:71:72:56:40:68:29:120:19:74:66:74:65:190:37:43:76:75:77:81:45:78:233:76:72:596:61:80:596:11:82:83:84:56:64:596:70:85:86:85:80:81:86:80:73:87:83:63:69:55:88:89:78:90:88:91:67:91:89:14:70:78:81:88:94:21:95:40:82:31:52:44:55:94:87:95:97:192:40:97:72:21:144:50:136:99:100:101:102:103:82:104:25:103:101:105:106:103:73:107:105:104:108:98:109:108:51:109:39:100:27:15:110:71:107:111:112:113:114:54:159:116:102:110:83:116:94:114:36:107:117:118:68:119:77:70:132:112:58:63:159:121:122:122:119:111:42:90:5:123:113:159:99:124:125:126:118:41:5:124:127:126:128:129:130:29:130:131:122:132:125:133:123:117:133:127:18:126:129:128:34:132:109:19:134:97:135:58:134:137:135:138:109:96:139:127:78:140:141:31:142:84:96:137:130:101:141:142:144:145:136:146:129:91:146:139:27:84:119:147:144:138:121:149:150:147:233:95:151:53:151:123:147:120:125:87:152:153:41:153:145:152:149:100:149:39:154:155:150:50:157:107:156:133:155:47:136:158:154:157:75:158:93:75:142:160:143:146:161:162:163:59:162:161:59:37:143:128:150:140:190:112:167:153:168:169:58:124:169:168:170:89:6:84:131:56:171:172:172:137:156:89:167:171:173:170:174:173:175:174:165:166:17:166:140:536:175:164:11:17:178:536:503:179:180:180:181:181:182:158:183:26:134:184:179:175:185:116:186:186:180:95:187:173:185:184:46:62:139:187:189:220:191:150:24:113:192:90:191:179:193:191:134:105:194:110:138:189:183:67:186:195:194:196:197:220:27:132:197:198:195:199:143:74:184:106:98:155:196:200:166:152:192:181:5:57:183:201:141:138:202:200:51:203:391:199:189:205:205:104:206:46:207:207:208:201:168:203:198:171:209:210:6:211:2:111:172:208:211:200:209:164:212:202:213:194:212:117:536:176:193:167:210:206:170:114:201:137:135:168:20:147:122:161:188:169:213:216:217:217:85:153:55:218:219:360:151:146:92:22:221:220:219:221:165:195:222:223:224:223:224:221:163:222:215:174:156:182:184:225:226:227:218:228:229:228:226:155:218:210:230:123:225:136:231:50:74:224:554:231:212:230:197:102:45:77:98:234:234:235:234:236:221:237:238:154:88:236:199:239:118:208:240:237:554:241:240:241:242:308:239:235:62:27:223:219:63:243:133:243:176:230:242:76:108:227:244:226:245:244:246:222:228:247:248:246:145:235:249:250:247:33:249:252:135:225:253:239:248:229:233:250:252:110:249:209:166:97:17:86:231:240:242:254:255:245:256:257:255:258:185:259:256:254:258:257:260:32:261:360:162:263:264:178:265:259:213:263:261:238:266:259:267:211:254:260:248:265:268:252:268:269:270:264:271:272:243:9:57:193:196:273:269:26:267:227:274:275:276:277:276:275:278:279:272:270:273:274:280:163:282:86:71:38:277:268:284:278:285:239:282:116:286:246:247:149:287:274:286:284:270:266:165:139:266:202:384:289:411:290:260:180:92:300:285:169:292:289:290:271:279:293:108:294:284:206:245:287:295:294:296:121:91:40:292:297:273:298:162:299:300:286:524:288:157:295:302:231:303:300:69:283:297:524:271:293:260:219:98:265:304:305:304:261:205:86:306:292:188:308:302:309:291:305:205:237:295:308:287:296:191:310:311:24:198:311:313:309:314:315:142:316:266:250:313:314:317:306:314:92:298:230:299:253:14:303:111:158:318:289:309:257:238:317:320:321:320:113:299:316:317:315:321:318:322:267:60:323:323:323:203:157:324:325:326:251:68:310:327:319:324:214:104:305:325:288:328:329:285:330:322:294:331:331:332:460:332:334:335:336:337:338:334:339:222:339:321:340:335:460:341:340:338:330:329:342:214:229:342:343:335:282:336:188:235:337:72:326:327:344:345:346:347:269:345:341:348:349:349:85:346:350:348:351:351:343:352:241:255:299:342:310:353:344:1:159:354:349:524:23:350:339:189:352:315:355:355:353:279:356:328:335:65:347:357:356:318:358:357:359:354:354:337:83:327:94:199:361:362:363:311:121:365:361:363:359:355:364:366:367:368:332:360:102:264:365:358:366:252:338:370:371:272:206:368:372:438:373:370:374:25:125:297:375:343:376:262:100:263:273:362:371:8:377:378:245:376:375:377:363:373:333:367:368:378:126:372:52:276:376:311:345:379:380:370:284:381:382:225:106:383:344:554:383:262:384:385:381:296:386:362:262:129:207:359:381:379:322:387:319:333:244:258:388:342:389:213:380:329:42:356:389:382:16:390:310:366:388:390:347:17:274:346:391:385:306:392:393:386:58:394:304:371:395:395:367:280:396:396:229:357:392:256:397:397:320:376:54:316:398:399:400:393:156:163:402:400:403:350:365:391:399:404:251:290:394:405:0:406:326:404:375:406:402:361:28:403:369:407:385:341:408:124:336:298:410:411:379:372:278:297:398:408:357:18:291:407:413:178:464:399:118:283:380:218:331:377:348:400:386:414:400:253:414:356:416:415:416:99:417:353:418:373:351:418:106:330:420:350:434:173:421:417:262:307:212:382:452:424:553:275:402:425:420:303:308:425:427:161:112:410:283:406:553:325:429:254:302:429:329:393:421:10:265:430:194:99:387:280:397:352:285:208:431:427:432:228:420:258:430:433:434:241:434:405:431:234:433:468:406:432:383:410:437:384:438:383:384:439:198:440:440:425:417:441:415:442:15:307:499:450:120:437:523:441:450:399:185:321:446:405:447:447:448:427:265:441:447:445:444:389:413:446:449:422:408:216:452:247:407:523:374:434:436:439:453:411:454:454:275:340:453:455:471:179:427:237:495:465:293:422:455:456:442:288:287:449:187:403:459:448:448:416:454:459:421:59:392:444:236:164:429:463:419:460:606:464:465:143:463:409:421:442:390:369:465:466:280:467:227:143:424:468:466:470:415:436:469:471:418:439:203:472:455:103:370:414:353:452:168:429:472:440:281:378:470:469:475:468:186:569:476:456:449:314:478:422:479:358:481:324:304:301:478:483:475:476:479:481:484:494:444:281:201:432:486:388:485:446:471:460:187:301:59:119:398:467:489:483:556:445:490:182:433:489:348:490:491:491:176:569:426:303:454:11:328:369:498:494:56:347:495:209:491:170:44:328:446:497:496:494:456:369:306:226:486:209:496:486:409:396:301:419:164:500:514:547:590:207:488:333:488:459:476:500:377:438:390:471:415:466:554:251:519:519:508:509:581:154:115:364:510:510:131:475:368:115:508:511:512:498:181:509:451:428:513:512:514:105:483:426:47:431:484:470:93:64:339:387:397:504:215:518:512:459:497:53:373:216:504:419:115:499:283:451:520:381:545:12:334:351:485:520:523:490:313:291:469:405:525:217:511:238:525:590:90:467:463:43:413:333:520:307:530:319:277:529:188:295:294:464:473:127:428:530:263:46:267:276:531:529:452:531:479:462:530:523:528:80:516:322:497:355:95:537:485:445:467:537:92:539:522:539:499:541:249:96:541:534:255:521:528:532:542:543:544:598:542:543:522:425:312:521:496:531:545:388:513:490:544:546:141:545:546:547:465:513:539:499:401:549:152:293:29:549:484:302:394:281:404:495:474:436:451:483:581:175:553:549:514:379:472:555:372:555:544:493:319:547:456:401:374:489:557:548:550:578:197:556:272:601:601:560:561:562:560:546:535:575:575:562:557:560:573:561:411:551:413:537:458:510:535:462:550:566:540:600:492:458:239:568:323:390:568:458:569:498:570:204:494:360:409:440:389:474:566:507:500:573:462:578:574:145:501:566:474:478:574:450:493:576:580:577:576:214:507:577:437:448:160:551:395:508:569:576:579:580:580:509:540:516:579:582:420:583:211:473:570:585:430:30:488:453:586:532:561:437:588:529:457:525:505:528:582:341:73:551:556:578:565:511:591:577:592:588:591:593:593:367:565:586:457:592:343:594:548:424:595:584:80:167:595:505:594:585:474:541:204:576:594:601:391:320:598:9:584:586:583:517:518:585:540:600:542:600:601:602:605:479:603:574:602:481:491:543:534:586:530:30:501:605:48:603:555:598:579:557:311:607:49:588:575:523:582:433:607
222,151,571,0,6455,43:1:2:32:2:4:5:6:7:4:8:63:1:9:10:160:10:12:11:312:12:14:9:8:15:16:20:15:18:19:503:19:81:22:48:36:23:18:14:503:24:4:16:6:25:12:38:26:0:28:131:25:29:29:503:492:45:24:26:31:606:7:33:21:28:66:20:492:23:4:34:32:16:34:312:48:36:312:22:0:37:46:31:492:38:23:39:39:606:215:41:7:42:43:2:38:215:41:33:44:160:20:0:21:47:45:606:49:31:190:10:50:49:44:51:77:34:47:52:51:53:54:55:36:53:32:57:28:48:94:93:42:60:49:61:61:62:120:55:64:65:54:52:62:43:64:93:66:67:1:73:67:68:60:37:69:57:65:233:182:69:22:71:8:60:71:72:56:40:68:29:120:19:74:66:74:65:190:37:43:76:75:77:81:45:78:233:76:72:596:61:80:596:11:82:83:84:56:64:596:70:85:86:85:80:81:86:80:73:87:83:63:69:55:88:89:78:90:88:91:67:91:89:14:70:78:81:88:94:21:95:40:82:31:52:44:55:94:87:95:97:192:40:97:72:21:144:50:136:99:100:101:102:103:82:104:25:103:101:105:106:103:73:107:105:104:108:98:109:108:51:109:39:100:27:15:110:71:107:111:112:113:114:54:159:116:102:110:83:116:94:114:36:107:117:118:68:119:77:70:132:112:58:63:159:121:122:122:119:111:42:90:5:123:113:159:99:124:125:126:118:41:5:124:127:126:128:129:130:29:130:131:122:132:125:133:123:117:133:127:18:126:129:128:34:132:109:19:134:97:135:58:134:137:135:138:109:96:139:127:78:140:141:31:142:84:96:137:130:101:141:142:144:145:136:146:129:91:146:139:27:84:119:147:144:138:121:149:150:147:233:95:151:53:151:123:147:120:125:87:152:153:41:153:145:152:149:100:149:39:154:155:150:50:157:107:156:133:155:47:136:158:154:157:75:158:93:75:142:160:143:146:161:162:163:59:162:161:59:37:143:128:150:140:190:112:167:153:168:169:58:124:169:168:170:89:6:84:131:56:171:172:172:137:156:89:167:171:173:170:174:173:175:174:165:166:17:166:140:536:175:164:11:17:178:536:503:179:180:180:181:181:182:158:183:26:134:184:179:175:185:116:186:186:180:95:187:173:185:184:46:62:139:187:189:220:191:150:24:113:192:90:191:179:193:191:134:105:194:110:138:189:183:67:186:195:194:196:197:220:27:132:197:198:195:199:143:74:184:106:98:155:196:200:166:152:192:181:5:57:183:201:141:138:202:200:51:203:391:199:189:205:205:104:206:46:207:207:208:201:168:203:198:171:209:210:6:211:2:111:172:208:211:200:209:164:212:202:213:194:212:117:536:176:193:167:210:206:170:114:201:137:135:168:20:147:122:161:188:169:213:216:217:217:85:153:55:218:219:360:151:146:92:22:221:220:219:221:165:195:222:223:224:223:224:221:163:222:215:174:156:182:184:225:226:227:218:228:229:228:226:155:218:210:230:123:225:136:231:50:74:224:554:231:212:230:197:102:45:77:98:234:234:235:234:236:221:237:238:154:88:236:199:239:118:208:240:237:554:241:240:241:242:308:239:235:62:27:223:219:63:243:133:243:176:230:242:76:108:227:244:226:245:244:246:222:228:247:248:246:145:235:249:250:247:33:249:252:135:225:253:239:248:229:233:250:252:110:249:209:166:97:17:86:231:240:242:254:255:245:256:257:255:258:185:259:256:254:258:257:260:32:261:360:162:263:264:178:265:259:213:263:261:238:266:259:267:211:254:260:248:265:268:252:268:269:270:264:271:272:243:9:57:193:196:273:269:26:267:227:274:275:276:277:276:275:278:279:272:270:273:274:280:163:282:86:71:38:277:268:284:278:285:239:282:116:286:246:247:149:287:274:286:284:270:266:165:139:266:202:384:289:411:290:260:180:92:300:285:169:292:289:290:271:279:293:108:294:284:206:245:287:295:294:296:121:91:40:292:297:273:298:162:299:300:286:524:288:157:295:302:231:303:300:69:283:297:524:271:293:260:219:98:265:304:305:304:261:205:86:306:292:188:308:302:309:291:305:205:237:295:308:287:296:191:310:311:24:198:311:313:309:314:315:142:316:266:250:313:314:317:306:314:92:298:230:299:253:14:303:111:158:318:289:309:257:238:317:320:321:320:113:299:316:317:315:321:318:322:267:60:323:323:323:203:157:324:325:326:251:68:310:327:319:324:214:104:305:325:288:328:329:285:330:322:294:331:331:332:460:332:334:335:336:337:338:334:339:222:339:321:340:335:460:341:340:338:330:329:342:214:229:342:343:335:282:336:188:235:337:72:326:327:344:345:346:347:269:345:341:348:349:349:85:346:350:348:351:351:343:352:241:255:299:342:310:353:344:1:159:354:349:524:23:350:339:189:352:315:355:355:353:279:356:328:335:65:347:357:356:318:358:357:359:354:354:337:83:327:94:199:361:362:363:311:121:365:361:363:359:355:364:366:367:368:332:360:102:264:365:358:366:252:338:370:371:272:206:368:372:438:373:370:374:25:125:297:375:343:376:262:100:263:273:362:371:8:377:378:245:376:375:377:363:373:333:367:368:378:126:372:52:276:376:311:345:379:380:370:284:381:382:225:106:383:344:554:383:262:384:385:381:296:386:362:262:129:207:359:381:379:322:387:319:333:244:258:388:342:389:213:380:329:42:356:389:382:16:390:310:366:388:390:347:17:274:346:391:385:306:392:393:386:58:394:304:371:395:395:367:280:396:396:229:357:392:256:397:397:320:376:54:316:398:399:400:393:156:163:402:400:403:350:365:391:399:404:251:290:394:405:0:406:326:404:375:406:402:361:28:403:369:407:385:341:408:124:336:298:410:411:379:372:278:297:398:408:357:18:291:407:413:178:464:399:118:283:380:218:331:377:348:400:386:414:400:253:414:356:416:415:416:99:417:353:418:373:351:418:106:330:420:350:434:173:421:417:262:307:212:382:452:424:553:275:402:425:420:303:308:425:427:161:112:410:283:406:553:325:429:254:302:429:329:393:421:10:265:430:194:99:387:280:397:352:285:208:431:427:432:228:420:258:430:433:434:241:434:405:431:234:433:468:406:432:383:410:437:384:438:383:384:439:198:440:440:425:417:441:415:442:15:307:499:450:120:437:523:441:450:399:185:321:446:405:447:447:448:427:265:441:447:445:444:389:413:446:449:422:408:216:452:247:407:523:374:434:436:439:453:411:454:454:275:340:453:455:471:179:427:237:495:465:293:422:455:456:442:288:287:449:187:403:459:448:448:416:454:459:421:59:392:444:236:164:429:463:419:460:606:464:465:143:463:409:421:442:390:369:465:466:280:467:227:143:424:468:466:470:415:436:469:471:418:439:203:472:455:103:370:414:353:452:168:429:472:440:281:378:470:469:475:468:186:569:476:456:449:314:478:422:479:358:481:324:304:301:478:483:475:476:479:481:484:494:444:281:201:432:486:388:485:446:471:460:187:301:59:119:398:467:489:483:556:445:490:182:433:489:348:490:491:491:176:569:426:303:454:11:328:369:498:494:56:347:495:209:491:170:44:328:446:497:496:494:456:369:306:226:486:209:496:486:409:396:301:419:164:500:514:547:590:207:488:333:488:459:476:500:377:438:390:471:415:466:554:251:519:519:508:509:581:154:115:364:510:510:131:475:368:115:508:511:512:498:181:509:451:428:513:512:514:105:483:426:47:431:484:470:93:64:339:387:397:504:215:518:512:459:497:53:373:216:504:419:115:499:283:451:520:381:545:12:334:351:485:520:523:490:313:291:469:405:525:217:511:238:525:590:90:467:463:43:413:333:520:307:530:319:277:529:188:295:294:464:473:127:518:530:263:46:267:276:531:529:452:531:479:462:530:523:528:80:516:322:497:355:95:537:485:445:467:537:92:539:522:539:499:541:249:96:541:534:255:521:528:532:542:543:544:598:542:543:522:425:312:521:496:531:545:388:513:490:544:546:141:545:546:547:465:513:539:499:401:549:152:293:29:549:484:302:394:281:404:495:474:436:451:483:581:175:553:549:514:379:472:555:372:555:544:493:319:547:456:401:374:489:557:548:550:578:197:556:272:601:601:560:561:562:560:546:535:575:575:562:557:560:573:561:411:551:413:537:458:510:535:462:550:566:540:600:492:458:239:568:323:390:568:458:569:498:570:204:494:360:409:440:389:474:566:507:500:573:462:578:574:145:501:566:474:478:574:450:493:576:580:577:576:214:507:577:437:448:160:551:395:508:569:576:579:580:580:509:540:516:579:582:420:583:211:473:570:585:430:30:488:453:586:532:561:437:428:529:457:525:505:528:582:341:73:551:556:578:565:511:591:577:592:584:591:593:593:367:565:586:457:592:343:594:548:424:595:584:80:167:595:505:594:585:474:541:204:576:594:601:391:320:598:9:106:586:583:517:518:585:540:600:542:600:601:602:605:479:603:574:602:481:491:543:534:586:530:30:501:605:48:603:555:598:579:557:311:607:49:525:575:523:582:433:607
246,181,570,0,6454,43:1:2:32:2:4:5:6:7:4:8:63:1:9:10:160:10:12:11:312:12:14:9:8:15:16:20:15:18:19:503:19:81:22:48:36:23:18:14:503:24:4:16:6:25:12:38:26:0:28:131:25:29:29:503:492:45:24:26:31:606:7:33:21:28:66:20:492:23:4:34:32:16:34:312:48:36:312:22:0:37:46:31:492:38:23:39:39:606:215:41:7:42:43:2:38:215:41:33:44:160:20:0:21:47:45:606:49:31:190:10:50:49:44:51:77:34:47:52:51:53:54:55:36:53:32:57:28:48:94:93:42:60:49:61:61:62:120:55:64:65:54:52:62:43:64:93:66:67:1:73:67:68:60:37:69:57:65:233:182:69:22:71:8:60:71:72:56:40:68:29:120:19:74:66:74:65:190:37:43:76:75:77:81:45:78:233:76:72:596:61:80:596:11:82:83:84:56:64:596:70:85:86:85:80:81:86:80:73:87:83:63:69:55:88:89:78:90:88:91:67:91:89:14:70:78:81:88:94:21:95:40:82:31:52:44:55:94:87:95:97:192:40:97:72:21:144:50:136:99:100:101:102:103:82:104:25:103:101:105:106:103:73:107:105:104:108:98:109:108:51:109:39:100:27:15:110:71:107:111:112:113:114:54:159:116:102:110:83:116:94:114:36:107:117:118:68:119:77:70:132:112:58:63:159:121:122:122:119:111:42:90:5:123:113:159:99:124:125:126:118:41:5:124:127:126:128:129:130:29:130:131:122:132:125:133:123:117:133:127:18:126:129:128:34:132:109:19:134:97:135:58:134:137:135:138:109:96:139:127:78:140:141:31:142:84:96:137:130:101:141:142:144:145:136:146:129:91:146:139:27:84:119:147:144:138:121:149:150:147:233:95:151:53:151:123:147:120:125:87:152:153:41:153:145:152:149:100:149:39:154:155:150:50:157:107:156:133:155:47:136:158:154:157:75:158:93:75:142:160:143:146:161:162:163:59:162:161:59:37:143:128:150:140:190:112:167:153:168:169:58:124:169:168:170:89:6:84:131:56:171:172:172:137:156:89:167:171:173:170:174:173:175:174:165:166:17:166:140:536:175:164:11:17:178:536:503:179:180:180:181:181:182:158:183:26:134:184:179:175:185:116:186:186:180:95:187:173:185:184:46:62:139:187:189:220:191:150:24:113:192:90:191:179:193:191:134:105:194:110:138:189:183:67:186:195:194:196:197:220:27:132:197:198:195:199:143:74:184:106:98:155:196:200:166:152:192:181:5:57:183:201:141:138:202:200:51:203:391:199:189:205:205:104:206:46:207:207:208:201:168:203:198:171:209:210:6:211:2:111:172:208:211:200:209:164:212:202:213:194:212:117:536:176:193:167:210:206:170:114:201:137:135:168:20:147:122:161:188:169:213:216:217:217:85:153:55:218:219:360:151:146:92:22:221:220:219:221:165:195:222:223:224:223:224:221:163:222:215:174:156:182:184:225:226:227:218:228:229:228:226:155:218:210:230:123:225:136:231:50:74:224:554:231:212:230:197:102:45:77:98:234:234:235:234:236:221:237:238:154:88:236:199:239:118:208:240:237:554:241:240:241:242:308:239:235:62:27:223:219:63:243:133:243:176:230:242:76:108:227:244:226:245:244:246:222:228:247:248:246:145:235:249:250:247:33:249:252:135:225:253:239:248:229:233:250:252:110:249:209:166:97:17:86:231:240:242:254:255:245:256:257:255:258:185:259:256:254:258:257:260:32:261:360:162:263:264:178:265:259:213:263:261:238:266:259:267:211:254:260:248:265:268:252:268:269:270:264:271:272:243:9:57:193:196:273:269:26:267:227:274:275:276:277:276:275:278:279:272:270:273:274:280:163:282:86:71:38:277:268:284:278:285:239:282:116:286:246:247:149:287:274:286:284:270:266:165:139:266:202:384:289:411:290:260:180:92:300:285:169:292:289:290:271:279:293:108:294:284:206:245:287:295:294:296:121:91:40:292:297:273:298:162:299:300:286:524:288:157:295:302:231:303:300:69:283:297:524:271:293:260:219:98:265:304:305:304:261:205:86:306:292:188:308:302:309:291:305:205:237:295:308:287:296:191:310:311:24:198:311:313:309:314:315:142:316:266:250:313:314:317:306:314:92:298:230:299:253:14:303:111:158:318:289:309:257:238:317:320:321:320:113:299:316:317:315:321:318:322:267:60:323:323:323:203:157:324:325:326:251:68:310:327:319:324:214:104:305:325:288:328:329:285:330:322:294:331:331:332:460:332:334:335:336:337:338:334:339:222:339:321:340:335:460:341:340:338:330:329:342:214:229:342:343:335:282:336:188:235:337:72:326:327:344:345:346:347:269:345:341:348:349:349:85:346:350:348:351:351:343:352:241:255:299:342:310:353:344:1:159:354:349:524:23:350:339:189:352:315:355:355:353:279:356:328:335:65:347:357:356:318:358:357:359:354:354:337:83:327:94:199:361:362:363:311:121:365:361:363:359:355:364:366:367:368:332:360:102:264:365:358:366:252:338:370:371:272:206:368:372:438:373:370:374:25:125:297:375:343:376:262:100:263:273:362:371:8:377:378:245:376:375:377:363:373:333:367:368:378:126:372:52:276:376:311:345:379:380:370:284:381:382:225:106:383:344:554:383:262:384:385:381:296:386:362:262:129:207:359:381:379:322:387:319:333:244:258:388:342:389:213:380:329:42:356:389:382:16:390:310:366:388:390:347:17:274:346:391:385:306:392:393:386:58:394:304:371:395:395:367:280:396:396:229:357:392:256:397:397:320:376:54:316:398:399:400:393:156:163:402:400:403:350:365:391:399:404:251:290:394:405:0:406:326:404:375:406:402:361:28:403:369:407:385:341:408:124:336:298:410:411:379:372:278:297:398:408:357:18:291:407:413:178:464:399:118:283:380:218:331:377:348:400:386:414:400:253:414:356:416:415:416:99:417:353:418:373:351:418:106:330:420:350:434:173:421:417:262:307:212:382:452:424:553:275:402:425:420:303:308:425:427:161:112:410:283:406:553:325:429:254:302:429:329:393:421:10:265:430:194:99:387:280:397:352:285:208:431:427:432:228:420:258:430:433:434:241:434:405:431:234:433:468:406:432:383:410:437:384:438:383:384:439:198:440:440:425:417:441:415:442:15:307:499:450:120:437:523:441:450:399:185:321:446:405:447:447:448:427:265:441:447:445:444:389:413:446:449:422:408:216:452:247:407:523:374:434:436:439:453:411:454:454:275:340:453:455:471:179:427:237:495:465:293:422:455:456:442:288:287:449:187:403:459:448:448:416:454:459:421:59:392:444:236:164:429:463:419:460:606:464:465:143:463:409:421:442:390:369:465:466:280:467:227:143:424:468:466:470:415:436:469:471:418:439:203:472:455:103:370:414:353:452:168:429:472:440:281:378:470:469:475:468:186:569:476:456:449:314:478:422:479:358:481:324:304:301:478:483:475:476:479:481:484:494:444:281:201:432:486:388:485:446:471:460:187:301:59:119:398:467:489:483:556:445:490:182:433:489:348:490:491:491:176:569:426:303:454:11:328:369:498:494:56:347:495:209:491:170:44:328:446:497:496:494:456:369:306:226:486:209:496:486:409:396:301:419:164:500:514:547:590:207:488:333:488:459:476:500:377:438:390:471:415:466:554:251:519:519:508:509:581:154:115:364:510:510:131:475:368:115:508:511:512:498:181:509:451:428:513:512:514:105:483:426:47:431:484:470:93:64:339:387:397:504:215:518:512:459:497:53:373:216:504:419:115:499:283:451:520:381:545:12:334:351:485:520:523:490:313:291:469:405:525:217:511:238:525:590:90:467:463:43:413:333:520:307:530:319:277:529:188:295:294:464:473:127:518:530:263:46:267:276:517:529:452:277:479:462:530:523:528:80:516:322:497:355:95:537:485:445:467:537:92:539:522:539:499:541:249:96:541:534:255:521:528:532:542:543:544:598:542:543:522:425:312:521:496:517:545:388:513:490:544:546:141:545:546:547:465:513:539:499:401:549:152:293:29:549:484:302:394:281:404:495:474:436:451:483:581:175:553:549:514:379:472:555:372:555:544:493:319:547:456:401:374:489:557:548:550:578:197:556:272:601:601:560:561:562:560:546:535:575:575:562:557:560:573:561:411:551:413:537:458:510:535:462:550:566:540:600:492:458:239:568:323:390:568:458:569:498:570:204:494:360:409:440:389:474:566:507:500:573:462:578:574:145:501:566:474:478:574:450:493:576:580:577:576:214:507:577:437:448:160:551:395:508:569:576:579:580:580:509:540:516:579:582:420:583:211:473:570:585:430:30:488:453:586:532:561:437:428:529:457:525:505:528:582:341:73:551:556:578:565:511:591:577:592:584:591:593:593:367:565:586:457:592:343:594:548:424:595:584:80:167:595:505:594:585:474:541:204:576:594:601:391:320:598:9:106:586:583:517:518:585:540:600:542:600:601:602:605:479:603:574:602:481:491:543:534:586:530:30:501:605:48:603:555:598:579:557:311:607:49:525:575:523:582:433:607
248,182,569,0,6453,43:1:2:32:2:4:5:6:7:4:8:63:1:9:10:160:10:12:11:312:12:14:9:8:15:16:20:15:18:19:503:19:81:22:48:36:23:18:14:503:24:4:16:6:25:12:38:26:0:28:131:25:29:29:503:492:45:24:26:31:606:7:33:21:28:66:20:492:23:4:34:32:16:34:312:48:36:312:22:0:37:46:31:492:38:23:39:39:606:215:41:7:42:43:2:38:215:41:33:44:160:20:0:21:47:45:606:49:31:190:10:50:49:44:51:77:34:47:52:51:53:54:55:36:53:32:57:28:48:94:93:42:60:49:61:61:62:120:55:64:65:54:52:62:43:64:93:66:67:1:73:67:68:60:37:69:57:65:233:182:69:22:71:8:60:71:72:56:40:68:29:120:19:74:66:74:65:190:37:43:76:75:77:81:45:78:233:76:72:596:61:80:596:11:82:83:84:56:64:596:70:85:86:85:80:81:86:80:73:87:83:63:69:55:88:89:78:90:88:91:67:91:89:14:70:78:81:88:94:21:95:40:82:31:52:44:55:94:87:95:97:192:40:97:72:21:144:50:136:99:100:101:102:103:82:104:25:103:101:105:106:103:73:107:105:104:108:98:109:108:51:109:39:100:27:15:110:71:107:111:112:113:114:54:159:116:102:110:83:116:94:114:36:107:117:118:68:119:77:70:132:112:58:63:159:121:122:122:119:111:42:90:5:123:113:159:99:124:125:126:118:41:5:124:127:126:128:129:130:29:130:131:122:132:125:133:123:117:133:127:18:126:129:128:34:132:109:19:134:97:135:58:134:137:135:138:109:96:139:127:78:140:141:31:142:84:96:137:130:101:141:142:144:145:136:146:129:91:146:139:27:84:119:147:144:138:121:149:150:147:233:95:151:53:151:123:147:120:125:87:152:153:41:153:145:152:149:100:149:39:154:155:150:50:157:107:156:133:155:47:136:158:154:157:75:158:93:75:142:160:143:146:161:162:163:59:162:161:59:37:143:128:150:140:190:112:167:153:168:169:58:124:169:168:170:89:6:84:131:56:171:172:172:137:156:89:167:171:173:170:174:173:175:174:165:166:17:166:140:536:175:164:11:17:178:536:503:179:180:180:181:181:182:158:183:26:134:184:179:175:185:116:186:186:180:95:187:173:185:184:46:62:139:187:189:220:191:150:24:113:192:90:191:179:193:191:134:105:194:110:138:189:183:67:186:195:194:196:197:220:27:132:197:198:195:199:143:74:184:106:98:155:196:200:166:152:192:181:5:57:183:201:141:138:202:200:51:203:391:199:189:205:205:104:206:46:207:207:208:201:168:203:198:171:209:210:6:211:2:111:172:208:211:200:209:164:212:202:213:194:212:117:536:176:193:167:210:206:170:114:201:137:135:168:20:147:122:161:188:169:213:216:217:217:85:153:55:218:219:360:151:146:92:22:221:220:219:221:165:195:222:223:224:223:224:221:163:222:215:174:156:182:184:225:226:227:218:228:229:228:226:155:218:210:230:123:225:136:231:50:74:224:554:231:212:230:197:102:45:77:98:234:234:235:234:236:221:237:238:154:88:236:199:239:118:208:240:237:554:241:240:241:242:308:239:235:62:27:223:219:63:243:133:243:176:230:242:76:108:227:244:226:245:244:246:222:228:247:248:246:145:235:249:250:247:33:249:252:135:225:253:239:248:229:233:250:252:110:249:209:166:97:17:86:231:240:242:254:255:245:256:257:255:258:185:259:256:254:258:257:260:32:261:360:162:263:264:178:265:259:213:263:261:238:266:259:267:211:254:260:248:265:268:252:268:269:270:264:271:272:243:9:57:193:196:273:269:26:267:227:274:275:276:277:276:275:278:279:272:270:273:274:280:163:282:86:71:38:277:268:284:278:285:239:282:116:286:246:247:149:287:274:286:284:270:266:165:139:266:202:384:289:411:290:260:180:92:300:285:169:292:289:290:271:279:293:108:294:284:206:245:287:295:294:296:121:91:40:292:297:273:298:162:299:300:286:524:288:157:295:302:231:303:300:69:283:297:524:271:293:260:219:98:265:304:305:304:261:205:86:306:292:188:308:302:309:291:305:205:237:295:308:287:296:191:310:311:24:198:311:313:309:314:315:142:316:266:250:313:314:317:306:314:92:298:230:299:253:14:303:111:158:318:289:309:257:238:317:320:321:320:113:299:316:317:315:321:318:322:267:60:323:323:323:203:157:324:325:326:251:68:310:327:319:324:214:104:305:325:288:328:329:285:330:322:294:331:331:332:460:332:334:335:336:337:338:334:339:222:339:321:340:335:460:341:340:338:330:329:342:214:229:342:343:335:282:336:188:235:337:72:326:327:344:345:346:347:269:345:341:348:349:349:85:346:350:348:351:351:343:352:241:255:299:342:310:353:344:1:159:354:349:524:23:350:339:189:352:315:355:355:353:279:356:328:335:65:347:357:356:318:358:357:359:354:354:337:83:327:94:199:361:362:363:311:121:365:361:363:359:355:364:366:367:368:332:360:102:264:365:358:366:252:338:370:371:272:206:368:372:438:373:370:374:25:125:297:375:343:376:262:100:263:273:362:371:8:377:378:245:376:375:377:363:373:333:367:368:378:126:372:52:276:376:311:345:379:380:370:284:381:382:225:106:383:344:554:383:262:384:385:381:296:386:362:262:129:207:359:381:379:322:387:319:333:244:258:388:342:389:213:380:329:42:356:389:382:16:390:310:366:388:390:347:17:274:346:391:385:306:392:393:386:58:394:304:371:395:395:367:280:396:396:229:357:392:256:397:397:320:376:54:316:398:399:400:393:156:163:402:400:403:350:365:391:399:404:251:290:394:405:0:406:326:404:375:406:402:361:28:403:369:407:385:341:408:124:336:298:410:411:379:372:278:297:398:408:357:18:291:407:413:178:464:399:118:283:380:218:331:377:348:400:386:414:400:253:414:356:416:415:416:99:417:353:418:373:351:418:106:330:420:350:434:173:421:417:262:307:212:382:452:424:553:275:402:425:420:303:308:425:427:161:112:410:283:406:553:325:429:254:302:429:329:393:421:10:265:430:194:99:387:280:397:352:285:208:431:427:432:228:420:258:430:433:434:241:434:405:431:234:433:468:406:432:383:410:437:384:438:383:384:439:198:440:440:425:417:441:415:442:15:307:499:450:120:437:523:441:450:399:185:321:446:405:447:447:448:427:265:441:447:445:444:389:413:446:449:422:408:216:452:247:407:523:374:434:436:439:453:411:454:454:275:340:453:455:471:179:427:237:495:465:293:422:455:456:442:288:287:449:187:403:459:448:448:416:454:459:421:59:392:444:236:164:429:463:419:460:606:464:465:143:463:409:421:442:390:369:465:466:280:467:227:143:424:468:466:470:415:436:469:471:418:439:203:472:455:103:370:414:353:452:168:429:472:440:281:378:470:469:475:468:186:569:476:456:449:314:478:422:479:358:481:324:304:301:478:483:475:476:479:481:484:494:444:281:201:432:486:388:485:446:471:460:187:301:59:119:398:467:489:483:556:445:490:182:433:489:348:490:491:491:176:569:426:303:454:11:328:369:498:494:56:347:495:209:491:170:44:328:446:497:496:494:456:369:306:226:486:209:496:325:409:396:301:419:164:500:514:547:590:207:488:333:488:459:476:500:377:438:390:471:415:466:554:251:519:519:508:509:581:154:115:364:510:510:131:475:368:115:508:511:512:498:181:509:451:428:513:512:514:105:483:426:47:431:484:470:93:64:339:387:397:504:215:518:512:459:497:53:373:216:504:419:115:499:283:451:520:381:545:12:334:351:485:520:523:490:313:291:469:405:525:217:511:238:525:590:90:467:463:43:413:333:520:307:530:319:277:529:188:295:294:464:473:127:518:530:263:46:267:276:517:529:452:277:479:462:530:523:528:80:516:322:497:355:95:537:485:445:467:537:92:539:522:539:499:541:249:96:541:534:255:521:528:532:542:543:544:598:542:543:522:425:312:521:496:517:545:388:513:490:544:546:141:545:546:547:465:513:539:499:401:549:152:293:29:549:484:302:394:281:404:495:474:436:451:483:581:175:553:549:514:379:472:555:372:555:544:493:319:547:456:401:374:489:557:548:550:578:197:556:272:601:601:560:561:562:560:546:535:575:575:562:557:560:573:561:411:551:413:537:458:510:535:462:550:566:540:600:492:458:239:568:323:390:568:458:569:498:570:204:494:360:409:440:389:474:566:507:500:573:462:578:574:145:501:566:474:478:574:450:493:576:580:577:576:214:507:577:437:448:160:551:395:508:569:576:579:580:580:509:540:516:579:582:420:583:211:473:570:585:430:30:488:453:586:532:561:437:428:529:457:525:505:528:582:341:73:551:556:578:565:511:591:577:592:584:591:593:593:367:565:586:457:592:343:594:548:424:595:584:80:167:595:505:594:585:474:541:204:576:594:601:391:320:598:9:106:586:583:517:518:585:540:600:542:600:601:602:605:479:603:574:602:481:491:543:534:586:530:30:501:605:48:603:555:598:579:557:311:486:49:525:575:523:582:433:24
254,189,568,0,6452,43:1:2:32:2:4:5:6:7:4:8:63:1:9:10:160:10:12:11:312:12:14:9:8:15:16:20:15:18:19:503:19:81:22:48:36:23:18:14:503:24:4:16:6:25:12:38:26:0:28:131:25:29:29:503:492:45:24:26:31:606:7:33:21:28:66:20:492:23:4:34:32:16:34:312:48:36:312:22:0:37:46:31:492:38:23:39:39:606:215:41:7:42:43:2:38:215:41:33:44:160:20:0:21:47:45:606:49:31:190:10:50:49:44:51:77:34:47:52:51:53:54:55:36:53:32:57:28:48:94:93:42:60:49:61:61:62:120:55:64:65:54:52:62:43:64:93:66:67:1:73:67:68:60:37:69:57:65:233:182:69:22:71:8:60:71:72:56:40:68:29:120:19:74:66:74:65:190:37:43:76:75:77:81:45:78:233:76:72:596:61:80:596:11:82:83:84:56:64:596:70:85:86:85:80:81:86:80:73:87:83:63:69:55:88:89:78:90:88:91:67:91:89:14:70:78:81:88:94:21:95:40:82:31:52:44:55:94:87:95:97:192:40:97:72:21:144:50:136:99:100:101:102:103:82:104:25:103:101:105:106:103:73:107:105:104:108:98:109:108:51:109:39:100:27:15:110:71:107:111:112:113:114:54:159:116:102:110:83:116:94:114:36:107:117:118:68:119:77:70:132:112:58:63:159:121:122:122:119:111:42:90:5:123:113:159:99:124:125:126:118:41:5:124:127:126:128:129:130:29:130:131:122:132:125:133:123:117:133:127:18:126:129:128:34:132:109:19:134:97:135:58:134:137:135:138:109:96:139:127:78:140:141:31:142:84:96:137:130:101:141:142:144:145:136:146:129:91:146:139:27:84:119:147:144:138:121:149:150:147:233:95:151:53:151:123:147:120:125:87:152:153:41:153:145:152:149:100:149:39:154:155:150:50:157:107:156:133:155:47:136:158:154:157:75:158:93:75:142:160:143:146:161:162:163:59:162:161:59:37:143:128:150:140:190:112:167:153:168:169:58:124:169:168:170:89:6:84:131:56:171:172:172:137:156:89:167:171:173:170:174:173:175:174:165:166:17:166:140:536:175:164:11:17:178:536:503:179:180:180:181:181:182:158:183:26:134:184:179:175:185:116:186:186:180:95:187:173:185:184:46:62:139:187:189:220:191:150:24:113:192:90:191:179:193:191:134:105:194:110:138:189:183:67:186:195:194:196:197:220:27:132:197:198:195:199:143:74:184:106:98:155:196:200:166:152:192:181:5:57:183:201:141:138:202:200:51:203:391:199:189:205:205:104:206:46:207:207:208:201:168:203:198:171:209:210:6:211:2:111:172:208:211:200:209:164:212:202:213:194:212:117:536:176:193:167:210:206:170:114:201:137:135:168:20:147:122:161:188:169:213:216:217:217:85:153:55:218:219:360:151:146:92:22:221:220:219:221:165:195:222:223:224:223:224:221:163:222:215:174:156:182:184:225:226:227:218:228:229:228:226:155:218:210:230:123:225:136:231:50:74:224:554:231:212:230:197:102:45:77:98:234:234:235:234:236:221:237:238:154:88:236:199:239:118:208:240:237:554:241:240:241:242:308:239:235:62:27:223:219:63:243:133:243:176:230:242:76:108:227:244:226:245:244:246:222:228:247:248:246:145:235:249:250:247:33:249:252:135:225:253:239:248:229:233:250:252:110:249:209:166:97:17:86:231:240:242:254:255:245:256:257:255:258:185:259:256:254:258:257:260:32:261:360:162:263:264:178:265:259:213:263:261:238:266:259:267:211:254:260:248:265:268:252:268:269:270:264:271:272:243:9:57:193:196:273:269:26:267:227:274:275:276:277:276:275:278:279:272:270:273:274:280:163:282:86:71:38:277:268:284:278:285:239:282:116:286:246:247:149:287:274:286:284:270:266:165:139:266:202:384:289:411:290:260:180:92:300:285:169:292:289:290:271:279:293:108:294:284:206:245:287:295:294:296:121:91:40:292:297:273:298:162:299:300:286:524:288:157:295:302:231:303:300:69:283:297:524:271:293:260:219:98:265:304:305:304:261:205:86:306:292:188:308:302:309:291:305:205:237:295:308:287:296:191:310:311:24:198:311:313:309:314:315:142:316:266:250:313:314:317:306:314:92:298:230:299:253:14:303:111:158:318:289:309:257:238:317:320:321:320:113:299:316:317:315:321:318:322:267:60:323:323:323:203:157:324:325:326:251:68:310:327:319:324:214:104:305:325:288:328:329:285:330:322:294:331:331:332:460:332:334:335:336:337:338:334:339:222:339:321:340:335:460:341:340:338:330:329:342:214:229:342:343:335:282:336:188:235:337:72:326:327:344:345:346:347:269:345:341:348:349:349:85:346:350:348:351:351:343:352:241:255:299:342:310:353:344:1:159:354:349:524:23:350:339:189:352:315:355:355:353:279:356:328:335:65:347:357:356:318:358:357:359:354:354:337:83:327:94:199:361:362:363:311:121:365:361:363:359:355:364:366:367:368:332:360:102:264:365:358:366:252:338:370:371:272:206:368:372:438:373:370:374:25:125:297:375:343:376:262:100:263:273:362:371:8:377:378:245:376:375:377:363:373:333:367:368:378:126:372:52:276:376:311:345:379:380:370:284:381:382:225:106:383:344:554:383:262:384:385:381:296:386:362:262:129:207:359:381:379:322:387:319:333:244:258:388:342:389:213:380:329:42:356:389:382:16:390:310:366:388:390:347:17:274:346:391:385:306:392:393:386:58:394:304:371:395:395:367:280:396:396:229:357:392:256:397:397:320:376:54:316:398:399:400:393:156:163:402:400:403:350:365:391:399:404:251:290:394:405:0:406:326:404:375:406:402:361:28:403:369:407:385:341:408:124:336:298:410:411:379:372:278:297:398:408:357:18:291:407:413:178:464:399:118:283:380:218:331:377:348:400:386:414:400:253:414:356:416:415:416:99:417:353:418:373:351:418:106:330:420:350:434:173:421:417:262:307:212:382:452:424:553:275:402:425:420:303:308:425:427:161:112:410:283:406:553:325:429:254:302:429:329:393:421:10:265:430:194:99:387:280:397:352:285:208:431:427:432:228:420:258:430:433:434:241:434:405:431:234:433:468:406:432:383:410:437:384:438:383:384:439:198:440:440:425:417:441:415:442:15:307:499:450:120:437:523:441:450:399:185:321:446:405:447:447:448:427:265:441:447:445:444:389:413:446:449:422:408:216:452:247:407:523:374:434:436:439:453:411:454:454:275:340:453:455:471:179:427:237:495:465:293:422:455:456:442:288:287:449:187:403:459:448:448:416:454:459:421:59:392:444:236:164:429:463:419:460:606:464:465:143:463:409:421:442:390:369:465:466:280:467:227:143:424:468:466:470:415:436:469:471:418:439:203:472:455:103:370:414:353:452:168:429:472:440:281:378:470:469:475:468:186:569:476:456:449:314:478:422:479:358:481:324:304:301:478:483:475:476:479:481:484:494:444:281:201:432:486:388:485:446:471:460:187:301:59:119:398:467:489:483:556:445:490:182:433:489:348:490:491:491:176:569:426:303:454:11:328:369:498:494:56:347:495:209:491:170:44:328:446:497:496:494:456:369:306:226:486:209:496:325:409:396:301:419:164:500:514:547:590:207:488:333:488:459:476:500:377:438:390:471:415:466:554:251:519:519:508:509:581:154:530:364:510:510:131:475:368:593:508:511:512:498:181:509:451:428:513:512:514:105:483:426:47:431:484:470:93:64:339:387:397:504:215:518:512:459:497:53:373:216:504:419:519:499:283:451:520:381:545:12:334:351:485:520:523:490:313:291:469:405:525:217:511:238:525:590:90:467:463:43:413:333:520:307:581:319:277:529:188:295:294:464:473:127:518:530:263:46:267:276:517:529:452:277:479:462:530:523:528:80:516:322:497:355:95:537:485:445:467:537:92:539:522:539:499:541:249:96:541:534:255:521:528:532:542:543:544:598:542:543:522:425:312:521:496:517:545:388:513:490:544:546:141:545:546:547:465:513:539:499:401:549:152:293:29:549:484:302:394:281:404:495:474:436:451:483:581:175:553:549:514:379:472:555:372:555:544:493:319:547:456:401:374:489:557:548:550:578:197:556:272:601:601:560:561:562:560:546:535:575:575:562:557:560:573:561:411:551:413:537:458:510:535:462:550:566:540:600:492:458:239:568:323:390:568:458:569:498:570:204:494:360:409:440:389:474:566:507:500:573:462:578:574:145:501:566:474:478:574:450:493:576:580:577:576:214:507:577:437:448:160:551:395:508:569:576:579:580:580:509:540:516:579:582:420:583:211:473:570:585:430:30:488:453:586:532:561:437:428:529:457:525:505:528:582:341:73:551:556:578:565:511:591:577:592:584:591:593:593:367:565:586:457:592:343:594:548:424:595:584:80:167:595:505:594:585:474:541:204:576:594:601:391:320:598:9:106:586:583:517:518:585:540:600:542:600:601:602:605:479:603:574:602:481:491:543:534:586:583:30:501:605:48:603:555:598:579:557:311:486:49:525:575:523:582:433:24
258,193,567,0,6451,43:1:2:32:2:4:5:6:7:4:8:63:1:9:10:160:10:12:11:312:12:14:9:8:15:16:20:15:18:19:503:19:81:22:48:36:23:18:14:503:24:4:16:6:25:12:38:26:0:28:131:25:29:29:503:492:45:24:26:31:606:7:33:21:28:66:20:492:23:4:34:32:16:34:312:48:36:312:22:0:37:46:31:492:38:23:39:39:606:215:41:7:42:43:2:38:215:41:33:44:160:20:0:21:47:45:606:49:31:190:10:50:49:44:51:77:34:47:52:51:53:54:55:36:53:32:57:28:48:94:93:42:60:49:61:61:62:120:55:64:65:54:52:62:43:64:93:66:67:1:73:67:68:60:37:69:57:65:233:182:69:22:71:8:60:71:72:56:40:68:29:120:19:74:66:74:65:190:37:43:76:75:77:81:45:78:233:76:72:596:61:80:596:11:82:83:84:56:64:596:70:85:86:85:80:81:86:80:73:87:83:63:69:55:88:89:78:90:88:91:67:91:89:14:70:78:81:88:94:21:95:40:82:31:52:44:55:94:87:95:97:192:40:97:72:21:144:50:136:99:100:101:102:103:82:104:25:103:101:105:106:103:73:107:105:104:108:98:109:108:51:109:39:100:27:15:110:71:107:111:112:113:114:54:159:116:102:110:83:116:94:114:36:107:117:118:68:119:77:70:132:112:58:63:159:121:122:122:119:111:42:90:5:123:113:159:99:124:125:126:118:41:5:124:127:126:128:129:130:29:130:131:122:132:125:133:123:117:133:127:18:126:129:128:34:132:109:19:134:97:135:58:134:137:135:138:109:96:139:127:78:140:141:31:142:84:96:137:130:101:141:142:144:145:136:146:129:91:146:139:27:84:119:147:144:138:121:149:150:147:233:95:151:53:151:123:147:120:125:87:152:153:41:153:145:152:149:100:149:39:154:155:150:50:157:107:156:133:155:47:136:158:154:157:75:158:93:75:142:160:143:146:161:162:163:59:162:161:59:37:143:128:150:140:190:112:167:153:168:169:58:124:169:168:170:89:6:84:131:56:171:172:172:137:156:89:167:171:173:170:174:173:175:174:165:166:17:166:140:536:175:164:11:17:178:536:503:179:180:180:181:181:182:158:183:26:134:184:179:175:185:116:186:186:180:95:187:173:185:184:46:62:139:187:189:220:191:150:24:113:192:90:191:179:193:191:134:105:194:110:138:189:183:67:186:195:194:196:197:220:27:132:197:198:195:199:143:74:184:106:98:155:196:200:166:152:192:181:5:57:183:201:141:138:202:200:51:203:391:199:189:205:205:104:206:46:207:207:208:201:168:203:198:171:209:210:6:211:2:111:172:208:211:200:209:164:212:202:213:194:212:117:536:176:193:167:210:206:170:114:201:137:135:168:20:147:122:161:188:169:213:216:217:217:85:153:55:218:219:360:151:146:92:22:221:220:219:221:165:195:222:223:224:223:224:221:163:222:215:174:156:182:184:225:226:227:218:228:229:228:226:155:218:210:230:123:225:136:231:50:74:224:554:231:212:230:197:102:45:77:98:234:234:235:234:236:221:237:238:154:88:236:199:239:118:208:240:237:554:241:240:241:242:308:239:235:62:27:223:219:63:243:133:243:176:230:242:76:108:227:244:226:245:244:246:222:228:247:248:246:145:235:249:250:247:33:249:252:135:225:253:239:248:229:233:250:252:110:249:209:166:97:17:86:231:240:242:254:255:245:256:257:255:258:185:259:256:254:258:257:260:32:261:360:162:263:264:178:265:259:213:263:261:238:266:259:267:211:254:260:248:265:268:252:268:269:270:264:271:272:243:9:57:193:196:273:269:26:267:227:274:275:276:277:276:275:278:279:272:270:273:274:280:163:282:86:71:38:277:268:284:278:285:239:282:116:286:246:247:149:287:274:286:284:270:266:165:139:266:202:384:289:411:290:260:180:92:300:285:169:292:289:290:271:279:293:108:294:284:206:245:287:295:294:296:121:91:40:292:297:273:298:162:299:300:286:524:288:157:295:302:231:303:300:69:283:297:524:271:293:260:219:98:265:304:305:304:261:205:86:306:292:188:308:302:309:291:305:205:237:295:308:287:296:191:310:311:24:198:311:313:309:314:315:142:316:266:250:313:314:317:306:314:92:298:230:299:253:14:303:111:158:318:289:309:257:238:317:320:321:320:113:299:316:317:315:321:318:322:267:60:323:323:323:203:157:324:325:326:251:68:310:327:319:324:214:104:305:325:288:328:329:285:330:322:294:331:331:332:460:332:334:335:336:337:338:334:339:222:339:321:340:335:460:341:340:338:330:329:342:214:229:342:343:335:282:336:188:235:337:72:326:327:344:345:346:347:269:345:341:348:349:349:85:346:350:348:351:351:343:352:241:255:299:342:310:353:344:1:159:354:349:524:23:350:339:189:352:315:355:355:353:279:356:328:335:65:347:357:356:318:358:357:359:354:354:337:83:327:94:199:361:362:363:311:121:365:361:363:359:355:364:366:367:368:332:360:102:264:365:358:366:252:338:370:371:272:206:368:372:438:373:370:374:25:125:297:375:343:376:262:100:263:273:362:371:8:377:378:245:376:375:377:363:373:333:367:368:378:126:372:52:276:376:311:345:379:380:370:284:381:382:225:106:383:344:554:383:262:384:385:381:296:386:362:262:129:207:359:381:379:322:387:319:333:244:258:388:342:389:213:380:329:42:356:389:382:16:390:310:366:388:390:347:17:274:346:391:385:306:392:393:386:58:394:304:371:395:395:367:280:396:396:229:357:392:256:397:397:320:376:54:316:398:399:400:393:156:163:402:400:403:350:365:391:399:404:251:290:394:405:0:406:326:404:375:406:402:361:28:403:369:407:385:341:408:124:336:298:410:411:379:372:278:297:398:408:357:18:291:407:413:178:464:399:118:283:380:218:331:377:348:400:386:414:400:253:414:356:416:415:416:99:417:353:418:373:351:418:106:330:420:350:434:173:421:417:262:307:212:382:452:424:553:275:402:425:420:303:308:425:427:161:112:410:283:406:553:325:429:254:302:429:329:393:421:10:265:430:194:99:387:280:397:352:285:208:431:427:432:228:420:258:430:433:434:241:434:405:431:234:433:468:406:432:383:410:437:384:438:383:384:439:198:440:440:425:417:441:415:442:15:307:499:450:120:437:523:441:450:399:185:321:446:405:447:447:448:427:265:441:447:445:444:389:413:446:449:422:408:216:452:247:407:523:374:434:436:439:453:411:454:454:275:340:453:455:471:179:427:237:495:465:293:422:455:456:442:288:287:449:187:403:459:448:448:416:454:459:421:59:392:444:236:164:429:463:419:460:606:464:465:143:463:409:421:442:390:369:465:466:280:467:227:143:424:468:466:470:415:436:469:471:418:439:203:472:455:103:370:414:353:452:168:429:472:440:281:378:470:469:475:468:186:569:476:456:449:314:478:422:479:358:481:324:304:301:478:483:475:476:479:481:484:494:444:281:201:432:486:388:485:446:471:460:187:301:59:119:398:467:489:483:556:445:490:182:433:489:348:490:491:491:176:569:426:303:454:11:328:369:498:494:56:347:495:209:491:170:44:328:446:497:496:494:456:369:306:226:486:209:496:325:409:396:301:419:164:500:514:547:590:207:488:333:488:459:476:500:377:438:390:471:415:466:554:251:519:519:508:509:581:154:530:364:510:510:131:475:368:593:508:511:512:498:181:509:451:428:513:512:514:105:483:426:47:431:484:470:93:64:339:387:397:504:215:518:512:459:497:53:373:216:504:419:519:499:283:451:520:381:545:12:334:351:485:520:523:490:313:291:469:405:525:217:511:238:525:590:90:467:463:43:413:333:520:307:581:319:277:529:188:295:294:464:473:127:518:530:263:46:267:276:517:529:452:277:479:462:530:523:528:80:516:322:497:355:95:537:485:445:467:537:92:539:522:539:499:541:249:96:541:534:255:521:528:532:542:543:544:598:542:543:522:425:312:521:496:517:545:388:513:490:544:546:141:545:546:547:465:513:539:499:401:549:152:293:29:549:484:302:394:281:404:495:474:436:451:483:581:175:553:549:514:379:472:555:372:555:544:493:319:547:456:401:374:489:557:548:550:578:197:556:272:601:601:560:561:562:560:546:535:575:575:562:557:560:573:561:411:551:413:537:458:510:535:462:550:566:540:600:492:458:239:568:323:390:568:458:569:498:570:204:494:360:409:440:389:474:566:519:500:573:462:578:574:145:501:566:474:478:574:450:493:576:580:577:576:214:565:577:437:448:160:551:395:508:569:576:579:580:580:509:540:516:579:582:420:583:211:473:570:585:430:30:488:453:586:532:561:437:428:529:457:525:505:528:582:341:73:551:556:578:565:511:591:577:592:584:591:593:593:367:457:586:457:592:343:594:548:424:595:584:80:167:595:505:594:585:474:541:204:576:594:601:391:320:598:9:106:586:583:517:518:585:540:600:542:600:601:602:605:479:603:574:602:481:491:543:534:586:583:30:501:605:48:603:555:598:579:557:311:486:49:525:575:523:582:433:24
259,193,567,0,6450,43:1:2:32:2:4:5:6:7:4:8:63:1:9:10:160:10:12:11:312:12:14:9:8:15:16:20:15:18:19:503:19:81:22:48:36:23:18:14:503:24:4:16:6:25:12:38:26:0:28:131:25:29:29:503:492:45:24:26:31:606:7:33:21:28:33:20:492:23:4:34:32:16:34:312:48:36:312:22:0:37:46:31:492:38:23:39:39:606:215:41:7:42:43:2:38:215:41:33:44:160:20:0:21:47:45:606:49:31:190:10:50:49:44:51:77:34:47:52:51:53:54:55:36:53:32:57:28:48:94:93:42:60:49:61:61:62:120:55:64:65:54:52:62:43:64:93:66:67:1:73:67:68:60:37:69:57:65:233:182:69:22:71:8:60:71:72:56:40:68:29:120:19:74:66:74:65:190:37:43:76:75:77:81:45:78:233:76:72:596:61:80:596:11:82:83:84:56:64:596:70:85:86:85:80:81:86:80:73:87:83:63:69:55:88:89:78:90:88:91:67:91:89:14:70:78:81:88:94:21:95:40:82:31:52:44:55:94:87:95:97:192:40:97:72:21:144:50:136:99:100:101:102:103:82:104:25:103:101:105:106:103:73:107:105:104:108:98:109:108:51:109:39:100:27:15:110:71:107:111:112:113:114:54:159:116:102:110:83:116:94:114:36:107:117:118:68:119:77:70:132:112:58:63:159:121:122:122:119:111:42:90:5:123:113:159:99:124:125:126:118:41:5:124:127:126:128:129:130:29:130:131:122:132:125:133:123:117:133:127:18:126:129:128:34:132:109:19:134:97:135:58:134:137:135:138:109:96:139:127:78:140:141:31:142:84:96:137:130:101:141:142:144:145:136:146:129:91:146:139:27:84:119:147:144:138:121:149:150:147:233:95:151:53:151:123:147:120:125:87:152:153:41:153:145:152:149:100:149:39:154:155:150:50:157:107:156:133:155:47:136:158:154:157:75:158:93:75:142:160:143:146:161:162:163:59:162:161:59:37:143:128:150:140:190:112:167:153:168:169:58:124:169:168:170:89:6:84:131:56:171:172:172:137:156:89:167:171:173:170:174:173:175:174:165:166:17:166:140:536:175:164:11:17:178:536:503:179:180:180:181:181:182:158:183:26:134:184:179:175:185:116:186:186:180:95:187:173:185:184:46:62:139:187:189:220:191:150:24:113:192:90:191:179:193:191:134:105:194:110:138:189:183:67:186:195:194:196:197:220:27:132:197:198:195:199:143:74:184:106:98:155:196:200:166:152:192:181:5:57:183:201:141:138:202:200:51:203:391:199:189:205:205:104:206:46:207:207:208:201:168:203:198:171:209:66:6:211:2:111:172:208:211:200:209:164:212:202:213:194:212:117:536:176:193:167:210:206:170:114:201:137:135:168:20:147:122:161:188:169:213:216:217:217:85:153:55:218:219:360:151:146:92:22:221:220:219:221:165:195:222:223:224:223:224:221:163:222:215:174:156:182:184:225:226:227:218:228:229:228:226:155:218:210:230:123:225:136:231:50:74:224:554:231:212:230:197:102:45:77:98:234:234:235:234:236:221:237:238:154:88:236:199:239:118:208:240:237:554:241:240:241:242:308:239:235:62:27:223:219:63:243:133:243:176:230:242:76:108:227:244:226:245:244:246:222:228:247:248:246:145:235:249:250:247:210:249:252:135:225:253:239:248:229:233:250:252:110:249:209:166:97:17:86:231:240:242:254:255:245:256:257:255:258:185:259:256:254:258:257:260:32:261:360:162:263:264:178:265:259:213:263:261:238:266:259:267:211:254:260:248:265:268:252:268:269:270:264:271:272:243:9:57:193:196:273:269:26:267:227:274:275:276:277:276:275:278:279:272:270:273:274:280:163:282:86:71:38:277:268:284:278:285:239:282:116:286:246:247:149:287:274:286:284:270:266:165:139:266:202:384:289:411:290:260:180:92:300:285:169:292:289:290:271:279:293:108:294:284:206:245:287:295:294:296:121:91:40:292:297:273:298:162:299:300:286:524:288:157:295:302:231:303:300:69:283:297:524:271:293:260:219:98:265:304:305:304:261:205:86:306:292:188:308:302:309:291:305:205:237:295:308:287:296:191:310:311:24:198:311:313:309:314:315:142:316:266:250:313:314:317:306:314:92:298:230:299:253:14:303:111:158:318:289:309:257:238:317:320:321:320:113:299:316:317:315:321:318:322:267:60:323:323:323:203:157:324:325:326:251:68:310:327:319:324:214:104:305:325:288:328:329:285:330:322:294:331:331:332:460:332:334:335:336:337:338:334:339:222:339:321:340:335:460:341:340:338:330:329:342:214:229:342:343:335:282:336:188:235:337:72:326:327:344:345:346:347:269:345:341:348:349:349:85:346:350:348:351:351:343:352:241:255:299:342:310:353:344:1:159:354:349:524:23:350:339:189:352:315:355:355:353:279:356:328:335:65:347:357:356:318:358:357:359:354:354:337:83:327:94:199:361:362:363:311:121:365:361:363:359:355:364:366:367:368:332:360:102:264:365:358:366:252:338:370:371:272:206:368:372:438:373:370:374:25:125:297:375:343:376:262:100:263:273:362:371:8:377:378:245:376:375:377:363:373:333:367:368:378:126:372:52:276:376:311:345:379:380:370:284:381:382:225:106:383:344:554:383:262:384:385:381:296:386:362:262:129:207:359:381:379:322:387:319:333:244:258:388:342:389:213:380:329:42:356:389:382:16:390:310:366:388:390:347:17:274:346:391:385:306:392:393:386:58:394:304:371:395:395:367:280:396:396:229:357:392:256:397:397:320:376:54:316:398:399:400:393:156:163:402:400:403:350:365:391:399:404:251:290:394:405:0:406:326:404:375:406:402:361:28:403:369:407:385:341:408:124:336:298:410:411:379:372:278:297:398:408:357:18:291:407:413:178:464:399:118:283:380:218:331:377:348:400:386:414:400:253:414:356:416:415:416:99:417:353:418:373:351:418:106:330:420:350:434:173:421:417:262:307:212:382:452:424:553:275:402:425:420:303:308:425:427:161:112:410:283:406:553:325:429:254:302:429:329:393:421:10:265:430:194:99:387:280:397:352:285:208:431:427:432:228:420:258:430:433:434:241:434:405:431:234:433:468:406:432:383:410:437:384:438:383:384:439:198:440:440:425:417:441:415:442:15:307:499:450:120:437:523:441:450:399:185:321:446:405:447:447:448:427:265:441:447:445:444:389:413:446:449:422:408:216:452:247:407:523:374:434:436:439:453:411:454:454:275:340:453:455:471:179:427:237:495:465:293:422:455:456:442:288:287:449:187:403:459:448:448:416:454:459:421:59:392:444:236:164:429:463:419:460:606:464:465:143:463:409:421:442:390:369:465:466:280:467:227:143:424:468:466:470:415:436:469:471:418:439:203:472:455:103:370:414:353:452:168:429:472:440:281:378:470:469:475:468:186:569:476:456:449:314:478:422:479:358:481:324:304:301:478:483:475:476:479:481:484:494:444:281:201:432:486:388:485:446:471:460:187:301:59:119:398:467:489:483:556:445:490:182:433:489:348:490:491:491:176:569:426:303:454:11:328:369:498:494:56:347:495:209:491:170:44:328:446:497:496:494:456:369:306:226:486:209:496:325:409:396:301:419:164:500:514:547:590:207:488:333:488:459:476:500:377:438:390:471:415:466:554:251:519:519:508:509:581:154:530:364:510:510:131:475:368:593:508:511:512:498:181:509:451:428:513:512:514:105:483:426:47:431:484:470:93:64:339:387:397:504:215:518:512:459:497:53:373:216:504:419:519:499:283:451:520:381:545:12:334:351:485:520:523:490:313:291:469:405:525:217:511:238:525:590:90:467:463:43:413:333:520:307:581:319:277:529:188:295:294:464:473:127:518:530:263:46:267:276:517:529:452:277:479:462:530:523:528:80:516:322:497:355:95:537:485:445:467:537:92:539:522:539:499:541:249:96:541:534:255:521:528:532:542:543:544:598:542:543:522:425:312:521:496:517:545:388:513:490:544:546:141:545:546:547:465:513:539:499:401:549:152:293:29:549:484:302:394:281:404:495:474:436:451:483:581:175:553:549:514:379:472:555:372:555:544:493:319:547:456:401:374:489:557:548:550:578:197:556:272:601:601:560:561:562:560:546:535:575:575:562:557:560:573:561:411:551:413:537:458:510:535:462:550:566:540:600:492:458:239:568:323:390:568:458:569:498:570:204:494:360:409:440:389:474:566:519:500:573:462:578:574:145:501:566:474:478:574:450:493:576:580:577:576:214:565:577:437:448:160:551:395:508:569:576:579:580:580:509:540:516:579:582:420:583:211:473:570:585:430:30:488:453:586:532:561:437:428:529:457:525:505:528:582:341:73:551:556:578:565:511:591:577:592:584:591:593:593:367:457:586:457:592:343:594:548:424:595:584:80:167:595:505:594:585:474:541:204:576:594:601:391:320:598:9:106:586:583:517:518:585:540:600:542:600:601:602:605:479:603:574:602:481:491:543:534:586:583:30:501:605:48:603:555:598:579:557:311:486:49:525:575:523:582:433:24
292,236,567,0,6449,43:1:2:32:2:4:5:6:7:4:8:63:1:9:10:160:10:12:11:312:12:14:9:8:15:16:20:15:18:19:503:19:81:22:48:36:23:18:14:503:24:4:16:6:25:12:38:26:0:28:131:25:29:29:503:492:45:24:26:31:606:7:33:317:28:33:20:492:23:4:34:32:16:34:312:48:36:312:22:0:37:21:31:492:38:23:39:39:606:215:41:7:42:43:2:38:215:41:33:44:160:20:0:21:47:45:606:49:31:190:10:50:49:44:51:77:34:47:52:51:53:54:55:36:53:32:57:28:48:94:93:42:60:49:61:61:62:120:55:64:65:54:52:62:43:64:93:66:67:1:73:67:68:60:37:69:57:65:233:182:69:22:71:8:60:71:72:56:40:68:29:120:19:74:66:74:65:190:37:43:76:75:77:81:45:78:233:76:72:596:61:80:596:11:82:83:84:56:64:596:70:85:86:85:80:81:86:80:73:87:83:63:69:55:88:89:78:90:88:91:67:91:89:14:70:78:81:88:94:21:95:40:82:31:52:44:55:94:87:95:97:192:40:97:72:21:144:50:136:99:100:101:102:103:82:104:25:103:101:105:106:103:73:107:105:104:108:98:109:108:51:109:39:100:27:15:110:71:107:111:112:113:114:54:159:116:102:110:83:116:94:114:36:107:117:118:68:119:77:70:132:112:58:63:159:121:122:122:119:111:42:90:5:123:113:159:99:124:125:126:118:41:5:124:127:126:128:129:130:29:130:131:122:132:125:133:123:117:133:127:18:126:129:128:34:132:109:19:134:97:135:58:134:137:135:138:109:96:139:127:78:140:141:31:142:84:96:137:130:101:141:142:144:145:136:146:129:91:146:139:27:84:119:147:144:138:121:149:150:147:233:95:151:53:151:123:147:120:125:87:152:153:41:153:145:152:149:100:149:39:154:155:150:50:157:107:156:133:155:47:136:158:154:157:75:158:93:75:142:160:143:146:161:162:163:59:162:161:59:37:143:128:150:140:190:112:167:153:168:169:58:124:169:168:170:89:6:84:131:56:171:172:172:137:156:89:167:171:173:170:174:173:175:174:165:166:17:166:140:536:175:164:11:17:178:536:503:179:180:180:181:181:182:158:183:26:134:184:179:175:185:116:186:186:180:95:187:173:185:184:46:62:139:187:189:220:191:150:24:113:192:90:191:179:193:191:134:105:194:110:138:189:183:67:186:195:194:196:197:220:27:132:197:198:195:199:143:74:184:106:98:155:196:200:166:152:192:181:5:57:183:201:141:138:202:200:51:203:391:199:189:205:205:104:206:46:207:207:208:201:168:203:198:171:209:66:6:211:2:111:172:208:211:200:209:164:212:202:213:194:212:117:536:176:193:167:210:206:170:114:201:137:135:168:20:147:122:161:188:169:213:216:217:217:85:153:55:218:219:360:151:146:92:22:221:220:219:221:165:195:222:223:224:223:224:221:163:222:215:174:156:182:184:225:226:227:218:228:229:228:226:155:218:210:230:123:225:136:231:50:74:224:554:231:212:230:197:102:45:77:98:234:234:235:234:236:221:237:238:154:88:236:199:239:118:208:240:237:554:241:240:241:242:308:239:235:62:27:223:219:63:243:133:243:176:230:242:76:108:227:244:226:245:244:246:222:228:247:248:246:145:235:249:250:247:210:249:252:135:225:253:239:248:229:233:250:252:110:249:209:166:97:17:86:231:240:242:254:255:245:256:257:255:258:185:259:256:254:258:257:260:32:261:360:162:263:264:178:265:259:213:263:261:238:266:259:267:211:254:260:248:265:268:252:268:269:270:264:271:272:243:9:57:193:196:273:269:26:267:227:274:275:276:277:276:275:278:279:272:270:273:274:280:163:282:86:71:38:277:268:284:278:285:239:282:116:286:246:247:149:287:274:286:284:270:266:165:139:266:202:384:289:411:290:260:180:92:300:285:169:292:289:290:271:279:293:108:294:284:206:245:287:295:294:296:121:91:40:292:297:273:298:162:299:300:286:524:288:157:295:302:231:303:300:69:283:297:524:271:293:260:219:98:265:304:305:304:261:205:86:306:292:188:308:302:309:291:305:205:237:295:308:287:296:191:310:311:24:198:311:313:309:314:315:142:316:266:250:313:314:317:306:314:92:298:230:299:253:14:303:111:158:318:289:309:257:238:317:320:321:320:113:299:316:317:315:321:318:322:267:60:323:323:323:203:157:324:325:326:251:68:310:327:319:324:214:104:305:325:288:328:329:285:330:322:294:331:331:332:460:332:334:335:336:337:338:334:339:222:339:321:340:335:460:341:340:338:330:329:342:214:229:342:343:335:282:336:188:235:337:72:326:327:344:345:346:347:269:345:341:348:349:349:85:346:350:348:351:351:343:352:241:255:299:342:310:353:344:1:159:354:349:524:23:350:339:189:352:315:355:355:353:279:356:328:335:65:347:357:356:318:358:357:359:354:354:337:83:327:94:199:361:362:363:311:121:365:361:363:359:355:46:366:367:368:332:360:102:264:365:358:366:252:338:370:371:272:206:368:372:438:373:370:374:25:125:297:375:343:376:262:100:263:273:362:371:8:377:378:245:376:375:377:363:373:333:367:368:378:126:372:52:276:376:311:345:379:380:370:284:381:382:225:106:383:344:554:383:262:384:385:381:296:386:362:262:129:207:359:381:379:322:387:319:333:244:258:388:342:389:213:380:329:42:356:389:382:16:390:310:366:388:390:347:17:274:346:391:385:306:392:393:386:58:394:304:371:395:395:367:280:396:396:229:357:392:256:397:397:320:376:54:316:398:399:400:393:156:163:402:400:403:350:365:391:399:404:251:290:394:405:0:406:326:404:375:406:402:361:28:403:369:407:385:341:408:124:336:298:410:411:379:372:278:297:398:408:357:18:291:407:413:178:464:399:118:283:380:218:331:377:348:400:386:414:400:253:414:356:416:415:416:99:417:353:418:373:351:418:106:330:420:350:434:173:421:417:262:307:212:382:452:424:553:275:402:425:420:303:308:425:427:161:112:410:283:406:553:325:429:254:302:429:329:393:421:10:265:430:194:99:387:280:397:352:285:208:431:427:432:228:420:258:430:433:434:241:434:405:431:234:433:468:406:432:383:410:437:384:438:383:384:439:198:440:440:425:417:441:415:442:15:307:499:450:120:437:523:441:450:399:185:321:446:405:447:447:448:427:265:441:447:445:444:389:413:446:449:422:408:216:452:247:407:523:374:434:436:439:453:411:454:454:275:340:453:455:471:179:427:237:495:465:293:422:455:456:442:288:287:449:187:403:459:448:448:416:454:459:421:59:392:444:236:164:429:463:419:460:606:464:465:143:463:409:421:442:390:369:465:466:280:467:227:143:424:468:466:470:415:436:469:471:418:439:203:472:455:103:370:414:353:452:168:429:472:440:281:378:470:469:475:468:186:569:476:456:449:314:478:422:479:358:481:324:304:301:478:483:475:476:479:481:484:494:444:281:201:432:486:388:485:446:471:460:187:301:59:119:398:467:489:483:556:445:490:182:433:489:348:490:491:491:176:569:426:303:454:11:328:369:498:494:56:347:495:209:491:170:44:328:446:497:496:494:456:369:306:226:486:209:496:325:409:396:301:419:164:500:514:547:590:207:488:333:488:459:476:500:377:438:390:471:415:466:554:251:519:519:508:509:581:154:530:364:510:510:131:475:368:593:508:511:512:498:181:509:364:428:513:512:514:105:483:426:47:431:484:470:93:64:339:387:397:504:215:518:512:459:497:53:373:216:504:419:519:499:283:451:520:381:545:12:334:351:485:520:523:490:313:291:469:405:525:217:511:238:525:590:90:467:463:43:413:333:520:307:581:319:277:529:188:295:294:464:473:127:518:530:263:46:267:276:517:529:452:277:479:462:530:523:528:80:516:322:497:355:95:537:485:445:467:537:92:539:522:539:499:541:249:96:541:534:255:521:528:532:542:543:544:598:542:543:522:425:312:521:496:517:545:388:513:490:544:546:141:545:546:547:465:513:539:499:401:549:152:293:29:549:484:302:394:281:404:495:474:436:451:483:581:175:553:549:514:379:472:555:372:555:544:493:319:547:456:401:374:489:557:548:550:578:197:556:272:601:601:560:561:562:560:546:535:575:575:562:557:560:573:561:411:551:413:537:458:510:535:462:550:566:540:600:492:458:239:568:323:390:568:458:569:498:570:204:494:360:409:440:389:474:566:519:500:573:462:578:574:145:501:566:474:478:574:450:493:576:580:577:576:214:565:577:437:448:160:551:395:508:569:576:579:580:580:509:540:516:579:582:420:583:211:473:570:585:430:30:488:453:586:532:561:437:428:529:457:525:505:528:582:341:73:551:556:578:565:511:591:577:592:584:591:593:593:367:457:586:457:592:343:594:548:424:595:584:80:167:595:505:594:585:474:541:204:576:594:601:391:320:598:9:106:586:583:517:518:585:540:600:542:600:601:602:605:479:603:574:602:481:491:543:534:586:583:30:501:605:48:603:555:598:579:557:311:486:49:525:575:523:582:433:24
301,247,566,0,6448,43:1:2:32:2:4:5:6:7:4:8:63:1:9:10:160:10:12:11:312:12:14:9:8:15:16:20:15:18:19:503:19:81:22:48:36:23:18:14:503:24:4:16:6:25:12:38:26:0:28:131:25:29:29:503:492:45:24:26:31:606:7:33:317:28:33:20:492:23:4:34:32:16:34:312:48:36:312:22:0:37:21:31:492:38:23:39:39:606:215:41:7:42:43:2:38:215:41:33:44:160:20:0:21:47:45:606:49:31:190:10:50:49:44:51:77:34:47:52:51:53:54:55:36:53:32:57:28:48:94:93:42:60:49:61:61:62:120:55:64:65:54:52:62:43:64:93:66:67:1:73:67:68:60:37:69:57:65:233:182:69:22:71:8:60:71:72:56:40:68:29:120:19:74:66:74:65:190:37:43:76:75:77:81:45:78:233:76:72:596:61:80:596:11:82:83:84:56:64:596:70:85:86:85:80:81:86:80:73:87:83:63:69:55:88:89:78:90:88:91:67:91:89:14:70:78:81:88:94:21:95:40:82:31:52:44:55:94:87:95:97:192:40:97:72:21:144:50:136:99:100:101:102:103:82:104:25:103:101:105:106:103:73:107:105:104:108:98:109:108:51:109:39:100:27:15:110:71:107:111:112:113:114:54:159:116:102:110:83:116:94:114:36:107:117:118:68:119:77:70:132:112:58:63:159:121:122:122:119:111:42:90:5:123:113:159:99:124:125:126:118:41:5:124:127:126:128:129:130:29:130:131:122:132:125:133:123:117:133:127:18:126:129:128:34:132:109:19:134:97:135:58:134:137:135:138:109:96:139:127:78:140:141:31:142:84:96:137:130:101:141:142:144:145:136:146:129:91:146:139:27:84:119:147:144:138:121:149:150:147:233:95:151:53:151:123:147:120:125:87:152:153:41:153:145:152:149:100:149:39:154:155:150:50:157:107:156:133:155:47:136:158:154:157:75:158:93:75:142:160:143:146:161:162:163:59:162:161:59:37:143:128:150:140:190:112:167:153:168:169:58:124:169:168:170:89:6:84:131:56:171:172:172:137:156:89:167:171:173:170:174:173:175:174:165:166:17:166:140:536:175:164:11:17:178:536:503:179:180:180:181:181:182:158:183:26:134:184:179:175:185:116:186:186:180:95:187:173:185:184:46:62:139:187:189:220:191:150:24:113:192:90:191:179:193:191:134:105:194:110:138:189:183:67:186:195:194:196:197:220:27:132:197:198:195:199:143:74:184:106:98:155:196:200:166:152:192:181:5:57:183:201:141:138:202:200:51:203:391:199:189:205:205:104:206:46:207:207:208:201:168:203:198:171:209:66:6:211:2:111:172:208:211:200:209:164:212:202:213:194:212:117:536:176:193:167:210:206:170:114:201:137:135:168:20:147:122:161:188:169:213:216:217:217:85:153:55:218:219:360:151:146:92:22:221:220:219:221:165:195:222:223:224:223:224:221:163:222:215:174:156:182:184:225:226:227:218:228:229:228:226:155:218:210:230:123:225:136:231:50:74:224:554:231:212:230:197:102:45:77:98:234:234:235:234:236:221:237:238:154:88:236:199:239:118:208:240:237:554:241:240:241:242:308:239:235:62:27:223:219:63:243:133:243:176:230:242:76:108:227:244:226:245:244:246:222:228:247:248:246:145:235:249:250:247:210:249:252:135:225:253:239:248:229:233:250:252:110:249:209:166:97:17:86:231:240:242:254:255:245:256:257:255:258:185:259:256:254:258:257:260:32:261:360:162:263:264:178:265:259:213:263:261:238:266:259:267:211:254:260:248:265:268:252:268:269:270:264:271:272:243:9:57:193:196:273:269:26:267:227:274:275:276:277:276:275:278:279:272:270:273:274:280:163:282:86:71:38:277:268:284:278:285:239:282:116:286:246:247:149:287:274:286:284:270:266:165:139:266:202:384:289:411:290:260:180:92:300:285:169:292:289:290:271:279:293:108:294:284:206:245:287:295:294:296:121:91:40:292:297:273:298:162:299:300:286:524:288:157:295:302:231:303:300:69:283:297:524:271:293:260:219:98:265:304:305:304:261:205:86:306:292:188:308:302:309:291:305:205:237:295:308:287:296:191:310:311:24:198:311:313:309:314:315:142:316:266:250:313:314:317:306:314:92:298:230:299:253:14:303:111:158:318:289:309:257:238:317:320:321:320:113:299:316:317:315:321:318:322:267:60:323:323:323:203:157:324:325:326:251:68:310:327:319:324:214:104:305:325:288:328:329:285:330:322:294:331:331:332:460:332:334:335:336:337:338:334:339:222:339:321:340:335:460:341:340:338:330:329:342:214:229:342:343:335:282:336:188:235:337:72:326:327:344:345:346:347:269:345:341:348:349:349:85:346:350:348:351:351:343:352:241:255:299:342:310:353:344:1:159:354:349:524:23:350:339:189:352:315:355:355:353:279:356:328:335:65:347:357:356:318:358:357:359:354:354:337:83:327:94:199:361:362:363:311:121:365:361:363:359:355:46:366:367:368:332:360:102:264:365:358:366:252:338:370:371:272:206:368:372:438:373:370:374:25:125:297:375:343:376:262:100:263:273:362:371:8:377:378:245:376:375:377:363:373:333:367:368:378:126:372:52:276:376:311:345:379:380:370:284:381:382:225:106:383:344:554:383:262:384:385:381:296:386:362:262:129:207:359:381:379:322:387:319:333:244:258:388:342:389:213:380:329:42:356:389:382:16:390:310:366:388:390:347:17:274:346:391:385:306:392:393:386:58:394:304:371:395:395:367:280:396:396:229:357:392:256:397:397:320:376:54:316:398:399:400:393:156:163:402:400:403:350:365:391:399:404:251:290:394:405:0:406:326:404:375:406:402:361:28:403:369:407:385:341:408:124:336:298:410:411:379:372:278:297:398:408:357:18:291:407:413:178:464:399:118:283:380:218:331:377:348:400:386:414:400:253:414:356:416:415:416:99:417:353:418:373:351:418:106:330:420:350:434:173:421:417:262:307:212:382:452:424:553:275:402:425:420:303:308:425:427:161:112:410:283:406:553:325:429:254:302:429:329:393:421:10:265:430:194:99:387:280:397:352:285:208:431:427:432:228:420:258:430:433:434:241:434:405:431:234:433:468:406:432:383:410:437:384:438:383:384:439:198:440:440:425:417:441:415:442:15:307:499:450:120:437:523:441:450:399:185:321:446:405:447:447:448:427:265:441:447:445:444:389:413:446:449:422:408:216:452:247:407:523:374:434:436:439:453:411:454:454:275:340:453:455:471:179:427:237:495:465:293:422:455:456:442:288:287:449:187:403:459:448:448:416:454:459:421:59:392:444:236:164:429:463:419:460:606:464:465:143:463:409:421:442:390:369:465:466:280:467:227:143:424:468:466:470:415:436:469:471:418:439:203:472:455:103:370:414:353:452:168:429:472:440:281:378:470:469:475:468:186:569:476:456:449:314:478:422:479:358:481:324:304:301:478:483:475:476:479:481:484:494:444:281:201:432:486:388:485:446:471:460:187:301:59:119:398:467:489:483:556:445:490:182:433:489:348:490:491:491:176:569:426:303:454:11:328:369:498:494:56:347:495:209:491:170:44:328:446:497:496:494:456:369:306:226:486:209:496:325:409:396:301:419:164:500:514:547:590:207:488:333:488:459:476:500:377:438:390:471:415:466:554:251:519:519:508:509:581:154:530:364:510:510:131:475:368:593:508:511:512:498:181:509:364:428:513:512:514:105:483:426:47:431:484:470:93:64:339:387:397:504:215:518:512:459:497:53:373:216:504:419:519:499:283:451:520:381:545:12:334:351:485:520:523:490:313:291:469:405:525:217:511:238:525:590:90:467:463:43:413:333:520:307:581:319:277:529:188:295:294:464:473:127:518:530:263:46:267:276:517:529:452:277:479:462:530:523:528:80:516:322:497:355:95:537:485:445:467:537:92:539:522:539:499:541:249:96:541:534:255:521:528:532:542:543:544:598:542:543:522:425:312:521:496:517:364:388:513:490:544:546:141:426:546:547:465:513:539:499:401:591:152:293:29:545:484:302:394:281:404:495:474:436:451:483:581:175:553:493:514:379:472:555:372:555:544:493:319:547:456:401:374:489:557:548:550:578:197:556:272:601:601:560:561:562:560:546:535:575:575:562:557:560:573:561:411:551:413:537:458:510:535:462:550:566:540:600:492:458:239:568:323:390:568:458:569:498:570:204:494:360:409:440:389:474:566:519:500:573:462:578:574:145:501:566:474:478:574:450:545:576:580:577:576:214:565:577:437:448:160:551:395:508:569:576:579:580:580:509:540:516:579:582:420:583:211:473:570:585:430:30:488:453:586:532:561:437:428:529:457:525:505:528:582:341:73:551:556:578:565:511:591:577:592:584:591:593:593:367:457:586:457:592:343:594:548:424:595:584:80:167:595:505:594:585:474:541:204:576:594:601:391:320:598:9:106:586:583:517:518:585:540:600:542:600:601:602:605:479:603:574:602:481:491:543:534:586:583:30:501:605:48:603:555:598:579:557:311:486:49:525:575:523:582:433:24
316,266,566,0,6445,43:1:2:32:2:4:5:6:7:4:8:63:1:9:10:160:10:12:11:312:12:14:9:8:15:16:20:15:18:19:503:19:81:22:48:36:23:18:14:503:24:4:16:6:25:12:38:26:0:28:131:25:29:29:503:492:45:24:26:31:606:7:33:317:28:33:20:492:23:4:34:32:16:34:312:48:36:312:22:0:37:21:31:492:38:23:39:39:606:215:41:7:42:43:2:38:215:41:33:44:160:20:0:21:47:45:606:49:31:190:10:50:49:44:51:77:34:47:52:51:53:54:55:36:53:32:57:28:48:94:93:42:60:49:61:61:62:120:55:64:65:54:52:62:43:64:93:66:67:1:73:67:68:60:37:69:57:65:233:182:69:22:71:8:60:71:72:56:40:68:29:120:19:74:66:74:65:190:37:43:76:75:77:81:45:78:233:76:72:596:61:80:596:11:82:83:84:56:64:596:70:85:86:85:80:81:86:80:73:87:83:63:69:55:88:89:78:90:88:91:67:91:89:14:70:78:81:88:94:21:95:40:82:31:52:44:55:94:87:95:97:192:40:97:72:21:144:50:136:99:100:101:102:103:82:104:25:103:101:105:106:103:73:107:105:104:108:98:109:108:51:109:39:100:27:15:110:71:107:111:112:113:114:54:159:116:102:110:83:116:94:114:36:107:117:118:68:119:77:70:132:112:58:63:159:121:122:122:119:111:42:90:5:123:113:159:99:124:125:126:118:41:5:124:127:126:128:129:130:29:130:131:122:132:125:133:123:117:133:127:18:126:129:128:34:132:109:19:134:97:135:58:134:137:135:138:109:96:139:127:78:140:141:31:142:84:96:137:130:101:141:142:144:145:136:146:129:91:146:139:27:84:119:147:144:138:121:149:150:147:233:95:151:53:151:123:147:120:125:87:152:153:41:153:145:152:149:100:149:39:154:155:150:50:157:107:156:133:155:47:136:158:154:157:75:158:93:75:142:160:143:146:161:162:163:59:162:161:59:37:143:128:150:140:190:112:167:153:168:169:58:124:169:168:170:89:6:84:131:56:171:172:172:137:156:89:167:171:173:170:174:173:175:174:165:166:17:166:140:536:175:164:11:17:178:536:503:179:180:180:181:181:182:158:183:26:134:184:179:175:185:116:186:186:180:95:187:173:185:184:46:62:139:187:189:220:191:150:24:113:192:90:191:179:193:191:134:105:194:110:138:189:183:67:186:195:194:196:197:220:27:132:197:198:195:199:143:74:184:106:98:155:196:200:166:152:192:181:5:57:183:201:141:138:202:200:51:203:391:199:189:205:205:104:206:46:207:207:208:201:168:203:198:171:209:66:6:211:2:111:172:208:211:200:209:164:212:202:213:194:212:117:536:176:193:167:210:206:170:114:201:137:135:168:20:147:122:161:188:169:213:216:217:217:85:153:55:218:219:360:151:146:92:22:221:220:219:221:165:195:222:223:224:223:224:221:163:222:215:174:156:182:184:225:226:227:218:228:229:228:226:155:218:210:230:123:225:136:231:50:74:224:554:231:212:230:197:102:45:77:98:234:234:235:234:236:221:237:238:154:88:236:199:239:118:208:240:237:554:241:240:241:242:308:239:235:62:27:223:219:63:243:133:243:176:230:242:76:108:227:244:226:245:244:246:222:228:247:248:246:145:235:249:250:247:210:249:252:135:225:253:239:248:229:233:250:252:110:249:209:166:97:17:86:231:240:242:254:255:245:256:257:255:258:185:259:256:254:258:257:260:32:261:360:162:263:264:178:265:259:213:263:261:238:266:259:267:211:254:260:248:265:268:252:268:269:270:264:271:272:243:9:57:193:196:273:269:26:267:227:274:275:276:277:276:275:278:279:272:270:273:274:280:163:282:86:71:38:277:268:284:278:285:239:282:116:286:246:247:149:287:274:286:284:270:266:165:139:266:202:384:289:411:290:260:180:92:300:285:169:292:289:290:271:279:293:108:294:284:206:245:287:295:294:296:121:91:40:292:297:273:298:162:299:300:286:524:288:157:295:302:231:303:300:69:283:297:524:271:293:260:219:98:265:304:305:304:261:205:86:306:292:188:308:302:309:291:305:205:237:295:308:287:296:191:310:311:24:198:311:313:309:314:315:142:316:266:250:313:314:317:306:314:92:298:230:299:253:14:303:111:158:318:289:309:257:238:317:320:321:320:113:299:316:317:315:321:318:322:267:60:323:323:323:203:157:324:325:326:251:68:310:327:319:324:214:104:305:325:288:328:329:285:330:322:294:331:331:332:460:332:334:335:336:337:338:334:339:222:339:321:340:335:460:341:340:338:330:329:342:214:229:342:343:335:282:336:188:235:337:72:326:327:344:345:346:347:269:345:341:348:349:349:85:346:350:348:351:351:343:352:241:255:299:342:310:353:344:1:159:354:349:524:23:350:339:189:352:315:355:355:353:279:356:328:335:65:347:357:356:318:358:357:359:354:354:337:83:327:94:199:361:362:363:311:121:365:361:363:359:355:46:366:367:368:332:360:102:264:365:358:366:252:338:370:371:272:206:368:372:438:373:370:374:25:125:297:375:343:376:262:100:263:273:362:371:8:377:378:245:376:375:377:363:373:333:367:368:378:126:372:52:276:376:311:345:379:380:370:284:381:382:225:106:383:344:554:383:262:384:385:381:296:386:362:262:129:207:359:381:379:322:387:319:333:244:258:388:342:389:213:380:329:42:356:389:382:16:390:310:366:388:390:347:17:274:346:391:385:306:392:393:386:58:394:304:371:395:395:367:280:396:396:229:357:392:256:397:397:320:376:54:316:398:399:400:393:156:163:402:400:403:350:365:391:399:404:251:290:394:405:0:406:326:404:375:406:402:361:28:403:369:407:385:341:408:124:336:298:410:411:379:372:278:297:398:408:357:18:291:407:413:178:464:399:118:283:380:218:331:377:348:400:386:414:400:253:414:356:416:415:416:99:417:353:418:373:351:418:106:330:420:350:434:173:421:417:262:307:212:382:452:424:553:275:402:425:420:303:308:425:427:161:112:410:283:406:553:325:429:254:302:429:329:393:421:10:265:430:194:99:387:280:397:352:285:208:431:427:432:228:420:258:430:433:434:241:434:405:431:234:433:468:406:432:383:410:437:384:438:383:384:439:198:440:440:425:417:441:415:442:15:307:499:450:120:437:523:441:450:399:185:321:446:405:447:447:448:427:265:441:447:445:444:389:413:446:449:422:408:216:452:247:407:523:374:434:436:439:453:411:454:454:275:340:453:455:471:179:427:237:495:465:293:422:455:456:442:288:287:449:187:403:459:448:448:416:454:459:421:59:392:444:236:164:429:463:419:460:606:464:465:143:463:409:421:442:390:369:465:466:280:467:227:143:424:468:466:470:415:436:469:471:418:439:203:472:455:103:370:414:353:452:168:429:472:440:281:378:470:469:475:468:186:569:476:456:449:314:478:422:479:358:481:324:304:301:478:483:475:476:479:481:484:494:444:281:201:432:486:388:485:446:471:460:187:301:59:119:398:467:489:483:556:445:490:182:433:489:348:490:491:491:176:569:426:303:454:11:328:369:498:494:56:347:495:209:491:170:44:328:446:497:496:494:456:369:306:226:486:209:496:325:409:396:301:419:164:500:514:547:590:207:488:333:488:459:476:500:377:438:390:471:415:466:554:251:519:519:508:509:581:154:530:364:510:510:131:475:368:593:508:511:512:498:181:509:364:494:513:512:514:105:483:426:47:431:484:470:93:64:339:387:397:504:215:518:512:459:497:53:373:216:504:419:519:499:283:451:520:381:545:12:334:351:485:520:523:490:313:291:469:405:525:217:511:238:525:590:90:467:463:43:413:333:520:307:581:319:277:529:188:295:294:464:473:127:518:530:263:46:267:276:517:529:452:277:479:462:530:523:528:80:516:322:497:355:95:537:485:445:467:537:92:539:522:539:499:541:249:96:541:534:255:521:528:532:542:543:544:598:542:543:522:425:312:521:496:517:364:388:513:490:544:546:141:426:546:547:465:513:539:499:401:591:152:293:29:545:484:302:394:281:404:495:474:436:451:483:581:175:553:493:514:379:472:555:372:555:544:493:319:547:456:401:374:489:557:548:550:578:197:556:272:601:601:560:561:562:560:546:535:575:575:562:557:560:573:561:411:551:413:537:458:510:535:462:550:566:540:600:492:458:239:568:323:390:568:458:569:498:570:204:590:360:409:440:389:474:566:519:500:573:462:578:574:145:501:566:474:478:574:450:545:576:580:577:576:214:565:577:437:448:160:551:395:508:569:576:579:580:580:509:540:516:579:582:420:583:211:473:570:585:430:30:488:453:586:532:561:437:428:529:457:525:505:528:582:341:73:551:556:578:565:511:591:577:592:584:591:593:593:367:457:586:457:592:343:594:548:424:595:584:80:167:595:505:594:585:474:541:204:576:594:601:391:320:598:9:106:586:583:517:518:585:540:600:542:600:601:602:605:479:603:574:602:481:491:543:534:586:583:30:501:605:48:603:555:598:579:557:311:486:49:525:575:523:582:433:24
322,273,566,0,6444,43:1:2:32:2:4:5:6:7:4:8:63:1:9:10:160:10:12:11:312:12:14:9:8:15:16:20:15:18:19:503:19:81:22:48:36:23:18:14:503:24:4:16:6:25:12:38:26:0:28:131:25:29:29:503:492:45:24:26:31:606:7:33:317:28:33:20:492:23:4:34:32:16:34:312:48:36:312:22:0:37:21:31:492:38:23:39:39:606:215:41:7:42:43:2:38:215:41:33:44:160:20:0:21:47:45:606:49:31:190:10:50:49:44:51:77:34:47:52:51:53:54:55:36:53:32:57:28:48:94:93:42:60:49:61:61:62:120:55:64:65:54:52:62:43:64:93:66:67:1:73:67:68:60:37:69:57:65:233:182:69:22:71:8:60:71:72:56:40:68:29:120:19:74:66:74:65:75:37:43:76:75:77:81:45:78:233:76:72:596:61:80:596:11:82:83:84:56:64:596:70:85:86:85:80:81:86:80:73:87:83:63:69:55:88:89:78:90:88:91:67:91:89:14:70:78:81:88:94:21:95:40:82:31:52:44:55:94:87:95:97:192:40:97:72:21:144:50:136:99:100:101:102:103:82:104:25:103:101:105:106:103:73:107:105:104:108:98:109:108:51:109:39:100:27:15:110:71:107:111:112:113:114:54:159:116:102:110:83:116:94:114:36:107:117:118:68:119:77:70:132:112:58:63:159:121:122:122:119:111:42:90:5:123:113:159:99:124:125:126:118:41:5:124:127:126:128:129:130:29:130:131:122:132:125:133:123:117:133:127:18:126:129:128:34:132:109:19:134:97:135:58:134:137:135:138:109:96:139:127:78:140:141:31:142:84:96:137:130:101:141:142:144:145:136:146:129:91:146:139:27:84:119:147:144:138:121:149:150:147:233:95:151:53:151:123:147:120:125:87:152:153:41:153:145:152:149:100:149:39:154:155:150:50:157:107:156:133:155:47:136:158:154:157:75:158:93:190:142:160:143:146:161:162:163:59:162:161:59:37:143:128:150:140:190:112:167:153:168:169:58:124:169:168:170:89:6:84:131:56:171:172:172:137:156:89:167:171:173:170:174:173:175:174:165:166:17:166:140:536:175:164:11:17:178:536:503:179:180:180:181:181:182:158:183:26:134:184:179:175:185:116:186:186:180:95:187:173:185:184:46:62:139:187:189:220:191:150:24:113:192:90:191:179:193:191:134:105:194:110:138:189:183:67:186:195:194:196:197:220:27:132:197:198:195:199:143:74:184:106:98:155:196:200:166:152:192:181:5:57:183:201:141:138:202:200:51:203:391:199:190:205:205:104:206:46:207:207:208:201:168:203:198:171:209:66:6:211:2:111:172:208:211:200:209:164:212:202:213:194:212:117:536:176:193:167:210:206:170:114:201:137:135:168:20:147:122:161:188:169:213:216:217:217:85:153:55:218:219:360:151:146:92:22:221:220:219:221:165:195:222:223:224:223:224:221:163:222:215:174:156:182:184:225:226:227:218:228:229:228:226:155:218:210:230:123:225:136:231:50:74:224:554:231:212:230:197:102:45:77:98:234:234:235:234:236:221:237:238:154:88:236:199:239:118:208:240:237:554:241:240:241:242:308:239:235:62:27:223:219:63:243:133:243:176:230:242:76:108:227:244:226:245:244:246:222:228:247:248:246:145:235:249:250:247:210:249:252:135:225:253:239:248:229:233:250:252:110:249:209:166:97:17:86:231:240:242:254:255:245:256:257:255:258:185:259:256:254:258:257:260:32:261:360:162:263:264:178:265:259:213:263:261:238:266:259:267:211:254:260:248:265:268:252:268:269:270:264:271:272:243:9:57:193:196:273:269:26:267:227:274:275:276:277:276:275:278:279:272:270:273:274:280:163:282:86:71:38:277:268:284:278:285:239:282:116:286:246:247:149:287:274:286:284:270:266:165:139:266:202:384:289:411:290:260:180:92:300:285:169:292:289:290:271:279:293:108:294:284:206:245:287:295:294:296:121:91:40:292:297:273:298:162:299:300:286:524:288:157:295:302:231:303:300:69:283:297:524:271:293:260:219:98:265:304:305:304:261:205:86:306:292:188:308:302:309:291:305:205:237:295:308:287:296:191:310:311:24:198:311:313:189:314:315:142:316:266:250:313:314:317:306:314:92:298:230:299:253:14:303:111:158:318:289:309:257:238:317:320:321:320:113:299:316:317:315:321:318:322:267:60:323:323:323:203:157:324:325:326:251:68:310:327:319:324:214:104:305:325:288:328:329:285:330:322:294:331:331:332:460:332:334:335:336:337:338:334:339:222:339:321:340:335:460:341:340:338:330:329:342:214:229:342:343:335:282:336:188:235:337:72:326:327:344:345:346:347:269:345:341:348:349:349:85:346:350:348:351:351:343:352:241:255:299:342:310:353:344:1:159:354:349:524:23:350:339:189:352:315:355:355:353:279:356:328:335:65:347:357:356:318:358:357:359:354:354:337:83:327:94:199:361:362:363:311:121:365:361:363:359:355:46:366:367:368:332:360:102:264:365:358:366:252:338:370:371:272:206:368:372:438:373:370:374:25:125:297:375:343:376:262:100:263:273:362:371:8:377:378:245:376:375:377:363:373:333:367:368:378:126:372:52:276:376:311:345:379:380:370:284:381:382:225:106:383:344:554:383:262:384:309:381:296:386:362:262:129:207:359:381:379:322:387:319:333:244:258:388:342:389:213:380:329:42:356:389:382:16:390:310:366:388:390:347:17:274:346:391:385:306:392:393:386:58:394:304:371:395:395:367:280:396:396:229:357:392:256:397:397:320:376:54:316:398:399:400:393:156:163:402:400:403:350:365:391:399:404:251:290:394:405:0:406:326:404:375:406:402:361:28:403:369:407:385:341:408:124:336:298:410:411:379:372:278:297:398:408:357:18:291:407:413:178:464:399:118:283:380:218:331:377:348:400:386:414:400:253:414:356:416:415:416:99:417:353:418:373:351:418:106:330:420:350:434:173:421:417:262:307:212:382:452:424:553:275:402:425:420:303:308:425:427:161:112:410:283:406:553:325:429:254:302:429:329:393:421:10:265:430:194:99:387:280:397:352:285:208:431:427:432:228:420:258:430:433:434:241:434:405:431:234:433:468:406:432:383:410:437:384:438:383:384:439:198:440:440:425:417:441:415:442:15:307:499:450:120:437:523:441:450:399:185:321:446:405:447:447:448:427:265:441:447:445:444:389:413:446:449:422:408:216:452:247:407:523:374:434:436:439:453:411:454:454:275:340:453:455:471:179:427:237:495:465:293:422:455:456:442:288:287:449:187:403:459:448:448:416:454:459:421:59:392:444:236:164:429:463:419:460:606:464:465:143:463:409:421:442:390:369:465:466:280:467:227:143:424:468:466:470:415:436:469:471:418:439:203:472:455:103:370:414:353:452:168:429:472:440:281:378:470:469:475:468:186:569:476:456:449:314:478:422:479:358:481:324:304:301:478:483:475:476:479:481:484:494:444:281:201:432:486:388:485:446:471:460:187:301:59:119:398:467:489:483:556:445:490:182:433:489:348:490:491:491:176:569:426:303:454:11:328:369:498:494:56:347:495:209:491:170:44:328:446:497:496:494:456:369:306:226:486:209:496:325:409:396:301:419:164:500:514:547:590:207:488:333:488:459:476:500:377:438:390:471:415:466:554:251:519:519:508:509:581:154:530:364:510:510:131:475:368:593:508:511:512:498:181:509:364:494:513:512:514:105:483:426:47:431:484:470:93:64:339:387:397:504:215:518:512:459:497:53:373:216:504:419:519:499:283:451:520:381:545:12:334:351:485:520:523:490:313:291:469:405:525:217:511:238:525:590:90:467:463:43:413:333:520:307:581:319:277:529:188:295:294:464:473:127:518:530:263:46:267:276:517:529:452:277:479:462:530:523:528:80:516:322:497:355:95:537:485:445:467:537:92:539:522:539:499:541:249:96:541:534:255:521:528:532:542:543:544:598:542:543:522:425:312:521:496:517:364:388:513:490:544:546:141:426:546:547:465:513:539:499:401:591:152:293:29:545:484:302:394:281:404:495:474:436:451:483:581:175:553:493:514:379:472:555:372:555:544:493:319:547:456:401:374:489:557:548:550:578:197:556:272:601:601:560:561:562:560:546:535:575:575:562:557:560:573:561:411:551:413:537:458:510:535:462:550:566:540:600:492:458:239:568:323:390:568:458:569:498:570:204:590:360:409:440:389:474:566:519:500:573:462:578:574:145:501:566:474:478:574:450:545:576:580:577:576:214:565:577:437:448:160:551:395:508:569:576:579:580:580:509:540:516:579:582:420:583:211:473:570:585:430:30:488:453:586:532:561:437:428:529:457:525:505:528:582:341:73:551:556:578:565:511:591:577:592:584:591:593:593:367:457:586:457:592:343:594:548:424:595:584:80:167:595:505:594:585:474:541:204:576:594:601:391:320:598:9:106:586:583:517:518:585:540:600:542:600:601:602:605:479:603:574:602:481:491:543:534:586:583:30:501:605:48:603:555:598:579:557:311:486:49:525:575:523:582:433:24
326,276,565,0,6443,43:1:2:32:2:4:5:6:7:4:8:63:1:9:10:160:10:12:11:312:12:14:9:8:15:16:20:15:18:19:503:19:81:22:48:36:23:18:14:503:24:4:16:6:25:12:38:26:0:28:131:25:29:29:503:492:45:24:26:31:606:7:33:317:28:33:20:492:23:4:34:32:16:34:312:48:36:312:22:0:37:21:31:492:38:23:39:39:606:215:41:7:42:43:2:38:215:41:33:44:160:20:0:21:47:45:606:49:31:190:10:50:49:44:51:77:34:47:52:51:53:54:55:36:53:32:57:28:48:94:93:42:60:49:61:61:62:120:55:64:65:54:52:62:43:64:93:66:67:1:73:67:68:60:37:69:57:65:233:182:69:22:71:8:60:71:72:56:40:68:29:120:19:74:66:74:65:75:37:43:76:75:77:81:45:78:233:76:72:596:61:80:596:11:82:83:84:56:64:596:70:85:86:85:80:81:86:80:73:87:83:63:69:55:88:89:78:90:88:91:67:91:89:14:70:78:81:88:94:21:95:40:82:31:52:44:55:94:87:95:97:192:40:97:72:21:144:50:136:99:100:101:102:103:82:104:25:103:101:105:106:103:73:107:105:104:108:98:109:108:51:109:39:100:27:15:110:71:107:111:112:113:114:54:159:116:102:110:83:116:94:114:36:107:117:118:68:119:77:70:132:112:58:63:159:121:122:122:119:111:42:90:5:123:113:159:99:124:125:126:118:41:5:124:127:126:128:129:130:29:130:131:122:132:125:133:123:117:133:127:18:126:129:128:34:132:109:19:134:97:135:58:134:137:135:138:109:96:139:127:78:140:141:31:142:84:96:137:130:101:141:142:144:145:136:146:129:91:146:139:27:84:119:147:144:138:121:149:150:147:233:95:151:53:151:123:147:120:125:87:152:153:41:153:145:152:149:100:149:39:154:155:150:50:157:107:156:133:155:47:136:158:154:157:75:158:93:190:142:160:143:146:161:162:163:59:162:161:59:37:143:128:150:140:190:112:167:153:168:169:58:124:169:168:170:89:6:84:131:56:171:172:172:137:156:89:167:171:173:170:174:173:175:174:165:166:17:166:140:536:175:164:11:17:178:536:503:179:180:180:181:181:182:158:183:26:134:184:179:175:185:116:186:186:180:95:187:173:185:184:46:62:139:187:189:220:191:150:24:113:192:90:191:179:193:191:134:105:194:110:138:189:183:67:186:195:194:196:197:220:27:132:197:198:195:199:143:74:184:106:98:155:196:200:166:152:192:181:5:57:183:201:141:138:202:200:51:203:391:199:190:205:205:104:206:46:207:207:208:201:168:203:198:171:209:66:6:211:2:111:172:208:211:200:209:164:212:202:213:194:212:117:536:176:193:167:210:206:170:114:201:137:135:168:20:147:122:161:188:169:213:216:217:217:85:153:55:218:219:360:151:146:92:22:221:220:219:221:165:195:222:223:224:223:224:221:163:222:215:174:156:182:184:225:226:227:218:228:229:228:226:155:218:210:230:123:225:136:231:50:74:224:554:231:212:230:197:102:45:77:98:234:234:235:234:236:221:237:238:154:88:236:199:239:118:208:240:237:554:241:240:241:242:308:239:235:62:27:223:219:63:243:133:243:176:230:242:76:108:227:244:226:245:244:246:222:228:247:248:246:145:235:249:250:247:210:249:252:135:225:253:239:248:229:233:250:252:110:249:209:166:97:17:86:231:240:242:254:255:245:256:257:255:258:185:259:256:254:258:257:260:32:261:360:162:263:264:178:265:259:213:263:261:238:266:259:267:211:254:260:248:265:268:252:268:269:270:264:271:272:243:9:57:193:196:273:269:26:267:227:274:275:276:277:276:275:278:279:272:270:273:274:280:163:282:86:71:38:277:268:284:278:285:239:282:116:286:246:247:149:287:274:286:284:270:266:165:139:266:202:384:289:411:290:260:180:92:300:285:169:292:289:290:271:279:293:108:294:284:206:245:287:295:294:296:121:91:40:292:297:273:298:162:299:300:286:524:288:157:295:302:231:303:300:69:283:297:524:271:293:260:219:98:265:304:305:304:261:205:86:306:292:188:308:302:309:291:305:205:237:295:308:287:296:191:310:311:24:198:311:313:189:314:315:142:316:266:250:313:314:317:306:314:92:298:230:299:253:14:303:111:158:318:289:309:257:238:317:320:321:320:113:299:316:317:315:321:318:322:267:60:323:323:323:203:157:324:325:326:251:68:310:327:319:324:214:104:305:325:288:328:329:285:330:322:294:331:331:332:460:332:334:335:336:337:338:334:339:222:339:321:340:335:460:341:340:338:330:329:342:214:229:342:343:335:282:336:188:235:337:72:326:327:344:345:346:347:269:345:341:348:349:349:85:346:350:348:351:351:343:352:241:255:299:342:310:353:344:1:159:354:349:524:23:350:339:189:352:315:355:355:353:279:356:328:335:65:347:357:356:318:358:357:359:354:354:337:83:327:94:199:361:362:363:311:121:365:361:363:359:355:46:366:367:368:332:360:102:264:365:358:366:252:338:370:371:272:206:368:372:438:373:370:374:25:125:297:375:343:376:262:100:263:273:362:371:8:377:378:245:376:375:377:363:373:333:367:368:378:126:372:52:276:376:311:345:379:380:370:284:381:382:225:106:383:344:554:383:262:384:309:381:296:386:362:262:129:207:359:381:379:322:387:319:333:244:258:388:342:389:213:380:329:42:356:389:382:16:390:310:366:388:390:347:17:274:346:391:385:306:392:393:386:58:394:304:371:395:395:367:280:396:396:229:357:392:256:397:397:320:376:54:316:398:399:400:393:156:163:402:400:403:350:365:391:399:404:251:290:394:405:0:406:326:404:375:406:402:361:28:403:369:407:385:341:408:124:336:298:410:411:379:372:278:297:398:408:357:18:291:407:413:178:464:399:118:283:380:218:331:377:348:400:386:414:400:253:414:356:416:415:416:99:417:353:418:373:351:418:106:330:420:350:434:173:421:417:262:307:212:382:452:424:553:275:402:425:420:303:308:425:427:161:112:410:283:406:553:325:429:254:302:429:329:393:421:10:265:430:194:99:387:280:397:352:285:208:431:427:432:228:420:258:430:433:434:241:434:405:431:234:433:468:406:432:383:410:437:384:438:383:384:439:198:440:440:425:417:441:415:442:15:307:499:450:120:437:523:441:450:399:185:321:446:405:447:447:448:427:265:441:447:445:444:389:413:446:449:422:408:216:452:247:407:523:374:434:436:439:453:411:454:454:275:340:453:455:471:179:427:237:495:465:293:422:455:456:442:288:287:449:187:403:459:448:448:416:454:459:421:59:392:444:236:164:429:463:419:460:606:464:465:143:463:409:421:442:390:369:465:466:280:467:227:143:424:468:466:470:415:436:469:471:418:439:203:472:455:103:370:414:353:452:168:429:472:440:281:378:470:469:475:468:186:569:476:456:449:314:478:422:479:358:481:324:304:301:478:483:475:476:479:481:484:494:444:281:201:432:486:388:485:446:471:460:187:301:59:119:398:467:489:483:556:445:490:182:433:489:348:490:491:491:176:569:426:303:454:11:328:369:498:494:56:347:495:209:491:170:44:328:446:497:496:494:456:369:306:226:486:209:496:325:409:396:301:419:164:500:514:547:590:207:488:333:488:459:476:500:377:438:390:471:415:466:554:251:519:519:508:509:581:154:530:364:510:510:131:475:368:593:508:511:512:498:181:509:364:494:513:512:514:105:483:426:47:431:484:470:93:64:339:387:397:504:215:518:512:459:497:53:373:216:504:419:519:499:283:451:520:381:545:12:334:351:485:520:523:490:313:291:469:405:525:217:511:238:525:590:90:467:463:43:413:333:520:307:581:319:277:529:188:295:294:464:473:127:518:530:263:46:267:276:517:529:452:277:479:462:530:523:528:80:516:322:497:355:95:537:485:445:467:537:92:539:522:539:499:541:249:96:541:534:255:521:528:532:542:543:544:598:542:543:522:425:312:521:496:517:364:388:513:490:544:546:141:426:546:547:465:513:539:499:401:591:152:293:29:545:484:302:394:281:404:495:474:436:451:483:581:175:553:493:514:379:472:555:372:555:544:493:319:547:456:401:374:489:557:548:550:578:197:556:272:601:601:560:561:562:560:546:535:575:575:562:557:560:573:561:411:551:413:537:458:510:535:462:550:566:540:600:492:458:239:568:323:390:568:458:569:498:570:204:590:360:409:440:389:474:566:519:500:573:462:578:574:145:501:566:474:478:574:450:545:576:580:577:576:214:565:577:437:448:160:551:395:508:569:576:579:580:580:509:540:516:579:582:420:583:211:473:570:585:430:30:488:453:586:532:561:437:428:529:457:525:505:528:582:341:73:551:556:578:565:511:591:577:592:428:591:593:593:367:457:586:457:592:343:594:548:424:595:595:80:167:595:505:594:585:474:541:204:576:594:601:391:320:598:9:106:586:583:517:518:585:540:600:542:600:601:602:605:479:603:574:602:481:491:543:534:586:583:30:501:605:48:603:555:598:579:557:311:486:49:525:575:523:582:433:24
337,289,564,0,6442,43:1:2:32:2:4:5:6:7:4:8:63:1:9:10:160:10:12:11:312:12:14:9:8:15:16:20:15:18:19:503:19:81:22:48:36:23:18:14:503:24:4:16:6:25:12:38:26:0:28:131:25:29:29:503:492:45:24:26:31:606:7:33:317:28:33:20:492:23:4:34:32:16:34:312:48:36:312:22:0:37:21:31:492:38:23:39:39:606:215:41:7:42:43:2:38:215:41:33:44:160:20:0:21:47:45:606:49:31:190:10:50:49:44:51:77:34:47:52:51:53:54:55:36:53:32:57:28:48:94:93:42:60:49:61:61:62:120:55:64:65:54:52:62:43:64:93:66:67:1:73:67:68:60:37:69:57:65:233:182:69:22:71:8:60:71:72:56:40:68:29:120:19:74:66:74:65:75:37:43:76:75:77:81:45:78:233:76:72:596:61:80:596:11:82:83:84:56:64:596:70:85:86:85:80:81:86:80:73:87:83:63:69:55:88:89:78:90:88:91:67:91:89:14:70:78:81:88:94:21:95:40:82:31:52:44:55:94:87:95:97:192:40:97:72:21:144:50:136:99:100:101:102:103:82:104:25:103:101:105:106:103:73:107:105:104:108:98:109:108:51:109:39:100:27:15:110:71:107:111:112:113:114:54:159:116:102:110:83:116:94:114:36:107:117:118:68:119:77:70:132:112:58:63:159:121:122:122:119:111:42:90:5:123:113:159:99:124:125:126:118:41:5:124:127:126:128:129:130:29:130:131:122:132:125:133:123:117:133:127:18:126:129:128:34:132:109:19:134:97:135:58:134:137:135:138:109:96:139:127:78:140:141:31:142:84:96:137:130:101:141:142:144:145:136:146:129:91:146:139:27:84:119:147:144:138:121:149:150:147:233:95:151:53:151:123:147:120:125:87:152:153:41:153:145:152:149:100:149:39:154:155:150:50:157:107:156:133:155:47:136:158:154:157:75:158:93:190:142:160:143:146:161:162:163:59:162:161:59:37:143:128:150:140:190:112:167:153:168:169:58:124:169:168:170:89:6:84:131:56:171:172:172:137:156:89:167:171:173:170:174:173:175:174:165:166:17:166:140:536:175:164:11:17:178:536:503:179:180:180:181:181:182:158:183:26:134:184:179:175:185:116:186:186:180:95:187:173:185:184:46:62:139:187:189:220:191:150:24:113:192:90:191:179:193:191:134:105:194:110:138:189:183:67:186:195:194:196:197:220:27:132:197:198:195:199:143:74:184:106:98:155:196:200:166:152:192:181:5:57:183:201:141:138:202:200:51:203:391:199:190:205:205:104:206:46:207:207:208:201:168:203:198:171:209:66:6:211:2:111:172:208:211:200:209:164:212:202:213:194:212:117:536:176:193:167:210:206:170:114:201:137:135:168:20:147:122:161:188:169:213:216:217:217:85:153:55:218:219:360:151:146:92:22:221:220:219:221:165:195:222:223:224:223:224:221:163:222:215:174:156:182:184:225:226:227:218:228:229:228:226:155:218:210:230:123:225:136:231:50:74:224:554:231:212:230:197:102:45:77:98:234:234:235:234:236:221:237:238:154:88:236:199:239:118:208:240:237:554:241:240:241:242:308:239:235:62:27:223:219:63:243:133:243:176:230:242:76:108:227:244:226:245:244:246:222:228:247:248:246:145:235:249:250:247:210:249:252:135:225:253:239:248:229:233:250:252:110:249:209:166:97:17:86:231:240:242:254:255:245:256:257:255:258:185:259:256:254:258:257:260:32:261:360:162:263:264:178:265:259:213:263:261:238:266:259:267:211:254:260:248:265:268:252:268:269:270:264:271:272:243:9:57:193:196:273:269:26:267:227:274:275:276:277:276:275:278:279:272:270:273:274:280:163:282:86:71:38:277:268:284:278:285:239:282:116:286:246:247:149:287:274:286:284:270:266:165:139:266:202:384:289:411:290:260:180:92:300:285:169:292:289:290:271:279:293:108:294:284:206:245:287:295:294:296:121:91:40:292:297:273:298:162:299:300:286:524:288:157:295:302:231:303:300:69:283:297:524:271:293:260:219:98:265:304:305:304:261:205:86:306:292:188:308:302:309:291:305:205:237:295:308:287:296:191:310:311:24:198:311:313:189:314:315:142:316:266:250:313:314:317:306:314:92:298:230:299:253:14:303:111:158:318:289:309:257:238:317:320:321:320:113:299:316:317:315:321:318:322:267:60:323:323:323:203:157:324:325:326:251:68:310:327:319:324:214:104:305:325:288:328:329:285:330:322:294:331:331:332:460:332:334:335:336:337:338:334:339:222:339:321:340:335:460:341:340:338:330:329:342:214:229:342:343:335:282:336:188:235:337:72:326:327:344:345:346:347:269:345:341:348:349:349:85:346:350:348:351:351:343:352:241:255:299:342:310:353:344:1:159:354:349:524:23:350:339:189:352:315:355:355:353:279:356:328:335:65:347:357:356:318:358:357:359:354:354:337:83:327:94:199:361:362:363:311:121:365:361:363:359:355:46:366:367:368:332:360:102:264:365:358:366:252:338:370:371:272:206:368:372:438:373:370:374:25:125:297:375:343:376:262:100:263:273:362:371:8:377:378:245:376:375:377:363:373:333:367:368:378:126:372:52:276:376:311:345:379:380:370:284:381:382:225:106:383:344:554:383:262:384:309:381:296:386:362:262:129:207:359:381:379:322:387:319:333:244:258:388:342:389:213:380:329:42:356:389:382:16:390:310:366:388:390:347:17:274:346:391:385:306:392:393:386:58:394:304:371:395:395:367:280:396:396:229:357:392:256:397:397:320:376:54:316:398:399:400:393:156:163:402:400:403:350:365:391:399:404:251:290:394:405:0:406:326:404:375:406:402:361:28:403:369:407:385:341:408:124:336:298:410:411:379:372:278:297:398:408:357:18:291:407:413:178:464:399:118:283:380:218:331:377:348:400:386:414:400:253:414:356:416:415:416:99:417:353:418:373:351:418:106:330:420:350:434:173:421:417:262:307:212:382:452:424:553:275:402:425:420:303:308:425:427:161:112:410:283:406:553:325:429:254:302:429:329:393:421:10:265:430:194:99:387:280:397:352:285:208:431:427:432:228:420:258:430:433:434:241:434:405:431:234:433:468:406:432:383:410:437:384:438:383:384:439:198:440:440:425:417:441:415:442:15:307:499:450:120:437:523:441:450:399:185:321:446:405:447:447:448:427:265:441:447:445:444:389:413:446:449:422:408:216:452:247:407:523:374:434:436:439:453:411:454:454:275:340:453:455:471:179:427:237:495:465:293:422:455:456:442:288:287:449:187:403:459:448:448:416:454:459:421:59:392:444:236:164:429:463:419:460:606:464:465:143:463:409:421:442:390:369:465:466:280:467:227:143:424:468:466:470:415:436:469:471:418:439:203:472:455:103:370:414:353:452:168:429:472:440:281:378:470:469:475:468:186:569:476:456:449:314:478:422:479:358:481:324:304:301:478:483:475:476:479:481:484:494:444:281:201:432:486:388:485:446:471:460:187:301:59:119:398:467:489:483:556:445:490:182:433:489:348:490:491:491:176:569:426:303:454:11:328:369:498:494:56:347:495:209:491:170:44:328:446:497:496:494:456:369:306:226:486:209:496:325:409:396:301:419:164:500:514:547:590:207:488:333:488:459:476:500:377:438:390:471:415:466:554:251:519:519:508:509:581:154:530:364:510:510:131:475:368:593:508:511:512:498:181:509:364:494:513:512:514:105:483:426:47:431:484:470:93:64:339:387:397:504:215:518:512:459:497:53:373:216:504:419:519:499:283:451:520:381:545:12:334:351:485:520:523:490:313:291:469:405:525:217:511:238:525:590:90:467:463:43:413:333:520:307:581:319:277:529:188:295:294:464:473:127:518:530:263:46:267:276:517:529:452:277:479:462:530:523:528:80:516:322:497:355:95:537:485:445:467:537:92:539:522:539:499:541:249:96:541:534:255:521:528:532:542:543:544:598:542:543:522:425:312:521:496:517:364:388:513:490:544:546:141:426:546:547:465:513:539:499:401:591:152:293:29:545:484:302:394:281:404:495:474:436:451:483:581:175:553:493:514:379:472:555:372:555:544:493:319:547:456:401:374:489:557:548:550:578:197:556:272:601:601:560:561:562:560:546:535:575:575:562:557:560:573:561:411:551:413:537:458:510:535:462:550:566:540:600:492:458:239:568:323:390:568:458:569:498:570:204:590:360:409:440:389:474:566:519:500:573:462:578:574:145:501:566:474:478:574:450:545:576:580:577:576:214:565:577:437:448:160:551:395:508:569:576:579:580:580:509:540:516:579:582:420:583:211:473:570:585:430:30:488:453:586:532:522:437:428:529:457:525:505:528:582:341:73:551:556:578:565:511:591:577:592:428:591:593:593:367:457:586:457:592:343:594:548:424:595:595:80:167:595:505:594:585:474:541:204:576:594:601:391:320:598:9:106:586:583:517:518:585:540:600:542:600:601:602:300:479:603:574:602:481:491:543:534:586:583:30:501:561:48:603:555:598:579:557:311:486:49:525:575:523:582:433:24
348,302,564,0,6441,43:1:2:32:2:4:5:6:7:4:8:63:1:9:10:160:10:12:11:312:12:14:9:8:15:16:20:15:18:19:503:19:81:22:48:36:23:18:14:503:24:4:16:6:25:12:38:26:0:28:131:25:29:29:503:492:45:24:26:31:606:7:33:317:28:33:20:492:23:4:34:32:16:34:312:48:36:312:22:0:37:21:31:492:38:23:39:39:606:215:41:7:42:43:2:38:215:41:33:44:160:20:0:21:47:45:606:49:31:190:10:50:49:44:51:77:34:47:52:51:53:54:55:36:53:32:57:28:48:94:93:42:60:49:61:61:62:120:55:64:65:54:52:62:43:64:93:66:67:1:73:67:68:60:37:69:57:65:233:182:69:22:71:8:60:71:72:56:40:68:29:120:19:74:66:74:65:75:37:43:76:75:77:81:45:78:233:76:72:596:61:80:596:11:82:83:84:56:64:596:70:85:86:85:80:81:86:80:73:87:83:63:69:55:88:89:78:90:88:91:67:91:89:14:70:78:81:88:94:21:95:40:82:31:52:44:55:94:87:95:97:192:40:97:72:21:144:50:136:99:100:101:102:103:82:104:25:103:101:105:106:103:73:107:105:104:108:98:109:108:51:109:39:100:27:15:110:71:107:111:112:113:114:54:159:116:102:110:83:116:94:114:36:107:117:118:68:119:77:70:132:112:58:63:159:121:122:122:119:111:42:90:5:123:113:159:99:124:125:126:118:41:5:124:127:126:128:129:130:29:130:131:122:132:125:133:123:117:133:127:18:126:129:128:34:132:109:19:134:97:135:58:134:137:135:138:109:96:139:127:78:140:141:31:142:84:96:137:130:101:141:142:144:145:136:146:129:91:146:139:27:84:119:147:144:138:121:149:150:147:233:95:151:53:151:123:147:120:125:87:152:153:41:153:145:152:149:100:149:39:154:155:150:50:157:107:156:133:155:47:136:158:154:157:75:158:93:190:142:160:143:146:161:162:163:59:162:161:59:37:143:128:150:140:190:112:167:153:168:169:58:124:169:168:170:89:6:84:131:56:171:172:172:137:156:89:167:171:173:170:174:173:175:174:165:166:17:166:140:536:175:164:11:17:178:536:503:179:180:180:181:181:182:158:183:26:134:184:179:175:185:116:186:186:180:95:187:173:185:184:46:62:139:187:189:220:191:150:24:113:192:90:191:179:193:191:134:105:194:110:138:189:183:67:186:195:194:196:197:220:27:132:197:198:195:199:143:74:184:106:98:155:196:200:166:152:192:181:5:57:183:201:141:138:202:200:51:203:391:199:190:205:205:104:206:46:207:207:208:201:168:203:198:171:209:66:6:211:2:111:172:208:211:200:209:164:212:202:213:194:212:117:536:176:193:167:210:206:170:114:201:137:135:168:20:147:122:161:188:169:213:216:217:217:85:153:55:218:219:360:151:146:92:22:221:220:219:221:165:195:222:223:224:223:224:221:163:222:215:174:156:182:184:225:226:227:218:228:229:228:226:155:218:210:230:123:225:136:231:50:74:224:554:231:212:230:197:102:45:77:98:234:234:235:234:236:221:237:238:154:88:236:199:239:118:208:240:237:554:241:240:241:242:308:239:235:62:27:223:219:63:243:133:243:176:230:242:76:108:227:244:226:245:244:246:222:228:247:248:246:145:235:249:250:247:210:249:252:135:225:253:239:248:229:233:250:252:110:249:209:166:97:17:86:231:240:242:254:255:245:256:257:255:258:185:259:256:254:258:257:260:32:261:360:162:263:264:178:265:259:213:263:261:238:266:259:267:211:254:260:248:265:268:252:268:269:270:264:271:272:243:9:57:193:196:273:269:26:267:227:274:275:276:277:276:275:278:279:272:270:273:274:280:163:282:86:71:38:277:268:284:278:285:239:282:116:286:246:247:149:287:274:286:284:270:266:165:139:266:202:384:289:411:290:260:180:92:300:285:169:292:289:290:271:279:293:108:294:284:206:245:287:295:294:296:121:91:40:292:297:273:298:162:299:300:286:524:288:157:295:302:231:303:300:69:283:297:524:271:293:260:219:98:265:304:305:304:261:205:86:306:292:188:308:302:309:291:305:205:237:295:308:287:296:191:310:311:24:198:311:313:189:314:315:142:316:266:250:313:314:317:306:314:92:298:230:299:253:14:303:111:158:318:289:309:257:238:317:320:321:320:113:299:316:317:315:321:318:322:267:60:323:323:323:203:157:324:325:326:251:68:310:327:319:324:214:104:305:325:288:328:329:285:330:322:294:331:331:332:460:332:334:335:336:337:338:334:339:222:339:321:340:335:460:341:340:338:330:329:342:214:229:342:343:335:282:336:188:235:337:72:326:327:344:345:346:347:269:345:341:348:349:349:85:346:350:348:351:351:343:352:241:255:299:342:310:353:344:1:159:354:349:524:23:350:339:189:352:315:355:355:353:279:356:328:335:65:347:357:356:318:358:357:359:354:354:337:83:327:94:199:361:362:363:311:121:365:361:363:359:355:46:366:367:368:332:360:102:264:365:358:366:252:338:370:371:272:206:368:372:438:373:370:374:25:125:297:375:338:376:262:100:263:273:362:371:8:377:378:245:376:375:377:363:373:333:367:368:378:126:372:52:276:376:311:345:379:380:370:284:381:382:225:106:383:344:554:383:262:384:309:381:296:386:362:262:129:207:359:381:379:322:387:319:333:244:258:388:342:389:213:380:329:42:356:389:382:16:390:310:366:388:390:347:17:274:346:391:385:306:392:393:386:58:394:304:371:395:395:367:280:396:396:229:357:392:256:397:397:320:376:54:316:398:399:400:393:156:163:402:400:403:350:365:391:399:404:251:290:394:405:0:406:326:404:375:406:402:361:28:403:369:407:385:341:408:124:336:298:410:411:379:372:278:297:398:408:357:18:291:407:413:178:464:399:118:283:380:218:331:377:348:400:386:414:400:253:414:356:416:415:416:99:417:353:418:373:351:418:106:330:420:350:434:173:421:417:262:307:212:382:452:424:553:275:402:425:420:303:308:425:427:161:112:410:283:406:553:325:429:254:302:429:329:393:421:10:265:430:194:99:387:280:397:352:285:208:431:427:432:228:420:258:430:433:434:241:434:405:431:234:433:468:406:432:383:410:437:384:438:383:384:439:198:440:440:425:417:441:415:442:15:307:499:450:120:437:523:441:450:399:185:321:446:405:447:447:448:427:265:441:447:445:444:389:413:446:449:422:408:216:452:247:407:523:374:434:436:439:453:411:454:454:275:340:453:455:471:179:427:237:495:465:293:422:455:456:442:288:287:449:187:403:459:448:448:416:454:459:421:59:392:444:236:164:429:463:419:460:606:464:465:143:463:409:421:442:390:369:465:466:280:467:227:143:424:468:466:470:415:436:469:471:418:439:203:343:455:103:370:414:353:452:168:429:472:440:281:378:470:469:475:468:186:569:476:456:449:314:478:422:479:358:481:324:304:301:478:483:475:476:479:481:484:494:444:281:201:432:486:388:485:446:471:460:187:301:59:119:398:467:489:483:556:445:490:182:433:489:348:490:491:491:176:569:426:303:454:11:328:369:498:494:56:347:495:209:491:170:44:328:446:497:496:494:456:369:306:226:486:209:496:325:409:396:301:419:164:500:514:547:590:207:488:333:488:459:476:500:377:438:390:471:415:466:554:251:519:519:508:509:581:154:530:364:510:510:131:475:368:593:508:511:512:498:181:509:364:494:513:512:514:105:483:426:47:431:484:470:93:64:339:387:397:504:215:518:512:459:497:53:373:216:504:419:519:499:283:451:520:381:545:12:334:351:485:520:523:490:313:291:469:405:525:217:511:238:525:590:90:467:463:43:413:333:520:307:581:319:277:529:188:295:294:464:473:127:518:530:263:46:267:276:517:529:452:277:479:462:530:523:528:80:516:322:497:355:95:537:485:445:467:537:92:539:522:539:499:541:249:96:541:534:255:521:528:532:542:543:544:598:542:543:522:425:312:521:496:517:364:388:513:490:544:546:141:426:546:547:465:513:539:499:401:591:152:293:29:545:484:302:394:281:404:495:474:436:451:483:581:175:553:493:514:379:472:555:372:555:544:493:319:547:456:401:374:489:557:548:550:578:197:556:272:601:601:560:561:562:560:546:535:575:575:562:557:560:573:561:411:551:413:537:458:510:535:462:550:566:540:600:492:458:239:568:323:390:568:458:569:498:570:204:590:360:409:440:389:474:566:519:500:573:462:578:574:145:501:566:474:478:574:450:545:576:580:577:576:214:565:577:437:448:160:551:395:508:569:576:579:580:580:509:540:516:579:582:420:583:211:473:570:585:430:30:488:453:586:532:522:437:428:529:457:525:505:528:582:341:73:551:556:578:565:511:591:577:592:428:591:593:593:367:457:586:457:592:343:594:548:424:595:595:80:167:595:505:594:585:474:541:204:576:594:601:391:320:598:9:106:586:583:517:518:585:540:600:542:600:601:602:300:479:603:574:602:481:491:543:534:586:583:30:501:561:48:603:555:598:579:557:311:486:49:525:575:523:582:433:24
354,308,563,0,6440,43:1:2:32:2:4:5:6:7:4:8:63:1:9:10:160:10:12:11:312:12:14:9:8:15:16:20:15:18:19:503:19:81:22:48:36:23:18:14:503:24:4:16:6:25:12:38:26:0:28:131:25:29:29:503:492:45:24:26:31:606:7:33:317:28:33:20:492:23:4:34:32:16:34:312:48:36:312:22:0:37:21:31:492:38:23:39:39:606:215:41:7:42:43:2:38:215:41:33:44:160:20:0:21:47:45:606:49:31:190:10:50:49:44:51:77:34:47:52:51:53:54:55:36:53:32:57:28:48:94:93:42:60:49:61:61:62:120:55:64:65:54:52:62:43:64:93:66:67:1:73:67:68:60:37:69:57:65:233:182:69:22:71:8:60:71:72:56:40:68:29:120:19:74:66:74:65:75:37:43:76:75:77:81:45:78:233:76:72:596:61:80:596:11:82:83:84:56:64:596:70:85:86:85:80:81:86:80:73:87:83:63:69:55:88:89:78:90:88:91:67:91:89:14:70:78:81:88:94:21:95:40:82:31:52:44:55:94:87:95:97:192:40:97:72:21:144:50:136:99:100:101:102:103:82:104:25:103:101:105:106:103:73:107:105:104:108:98:109:108:51:109:39:100:27:15:110:71:107:111:112:113:114:54:159:116:102:110:83:116:94:114:36:107:117:118:68:119:77:70:132:112:58:63:159:121:122:122:119:111:42:90:5:123:113:159:99:124:125:126:118:41:5:124:127:126:128:129:130:29:130:131:122:132:125:133:123:117:133:127:18:126:129:128:34:132:109:19:134:97:135:58:134:137:135:138:109:96:139:127:78:140:141:31:142:84:96:137:130:101:141:142:144:145:136:146:129:91:146:139:27:84:119:147:144:138:121:149:150:147:233:95:151:53:151:123:147:120:125:87:152:153:41:153:145:152:149:100:149:39:154:155:150:50:157:107:156:133:155:47:136:158:154:157:75:158:93:190:142:160:143:146:161:162:163:59:162:161:59:37:143:128:150:140:190:112:167:153:168:169:58:124:169:168:170:89:6:84:131:56:171:172:172:137:156:89:167:171:173:170:174:173:175:174:165:166:17:166:140:536:175:164:11:17:178:536:503:179:180:180:181:181:182:158:183:26:134:184:179:175:185:116:186:186:180:95:187:173:185:184:46:62:139:187:189:220:191:150:24:113:192:90:191:179:193:191:134:105:194:110:138:189:183:67:186:195:194:196:197:220:27:132:197:198:195:199:143:74:184:106:98:155:196:200:166:152:192:181:5:57:183:201:141:138:202:200:51:203:391:199:190:205:205:104:206:46:207:207:208:201:168:203:198:171:209:66:6:211:2:111:172:208:211:200:209:164:212:202:213:194:212:117:536:176:193:167:210:206:170:114:201:137:135:168:20:147:122:161:188:169:213:216:217:217:85:153:55:218:219:360:151:146:92:22:221:220:219:221:165:195:222:223:224:223:224:221:163:222:215:174:156:182:184:225:226:227:218:228:229:228:226:155:218:210:230:123:225:136:231:50:74:224:554:231:212:230:197:102:45:77:98:234:234:235:234:236:221:237:238:154:88:236:199:239:118:208:240:237:554:241:240:241:242:308:239:235:62:27:223:219:63:243:133:243:176:230:242:76:108:227:244:226:245:244:246:222:228:247:248:246:145:235:249:250:247:210:249:252:135:225:253:239:248:229:233:250:252:110:249:209:166:97:17:86:231:240:242:254:255:245:256:257:255:258:185:259:256:254:258:257:260:32:261:360:162:263:264:178:265:259:213:263:261:238:266:259:267:211:254:260:248:265:268:252:268:269:270:264:271:272:243:9:57:193:196:273:269:26:267:227:274:275:276:277:276:275:278:279:272:270:273:274:280:163:282:86:71:38:277:268:284:278:285:239:282:116:286:246:247:149:287:274:286:284:270:266:165:139:266:202:384:289:411:290:260:180:92:300:285:169:292:289:290:271:279:293:108:294:284:206:245:287:295:294:296:121:91:40:292:297:273:298:162:299:300:286:524:288:157:295:302:231:303:300:69:283:297:524:271:293:260:219:98:265:304:305:304:261:205:86:306:292:188:308:302:309:291:305:205:237:295:308:287:296:191:310:311:24:198:311:313:189:314:315:142:316:266:250:313:314:317:306:314:92:298:230:299:253:14:303:111:158:318:289:309:257:238:317:320:321:320:113:299:316:317:315:321:318:322:267:60:323:323:323:203:157:324:325:326:251:68:310:327:319:324:214:104:305:325:288:328:329:285:330:322:294:331:331:332:460:332:334:335:336:337:338:334:339:222:339:321:340:335:460:341:340:338:330:329:342:214:229:342:343:335:282:336:188:235:337:72:326:327:344:345:346:347:269:345:341:348:349:349:85:346:350:348:351:351:343:352:241:255:299:342:310:353:344:1:159:354:349:524:23:350:339:189:352:315:355:355:353:279:356:328:335:65:347:357:356:318:358:357:359:354:354:337:83:327:94:199:361:362:363:311:121:365:361:363:359:355:46:366:367:368:332:360:102:264:365:358:366:252:338:370:371:272:206:368:372:438:373:370:374:25:125:297:375:338:376:262:100:263:273:362:371:8:377:378:245:376:375:377:363:373:333:367:368:378:126:372:52:276:376:311:345:379:380:370:284:381:382:225:106:383:344:554:383:262:384:309:381:296:386:362:262:129:207:359:381:379:322:387:319:333:244:258:388:342:389:213:380:329:42:356:389:382:16:390:310:366:388:390:347:17:274:346:391:385:306:392:393:386:58:394:304:371:395:395:367:280:396:396:229:357:392:256:397:397:320:376:54:316:398:399:400:393:156:163:402:400:403:350:365:391:399:404:251:290:394:405:0:406:326:404:375:406:402:361:28:403:369:407:385:341:408:124:336:298:410:411:379:372:278:297:398:408:357:18:291:407:413:178:464:399:118:283:380:218:331:377:348:400:386:414:400:253:414:356:416:415:416:99:417:353:418:373:351:418:106:330:420:350:434:173:421:417:262:307:212:382:452:424:553:275:402:425:420:303:308:425:427:161:112:410:283:406:553:325:429:254:302:429:329:393:421:10:265:430:194:99:387:280:397:352:285:208:431:427:432:228:420:258:430:433:434:241:434:405:431:234:433:468:406:432:383:410:437:384:438:383:384:439:198:440:440:425:417:441:415:442:15:307:499:450:120:437:523:441:450:399:185:321:446:405:447:447:448:427:265:441:447:445:444:389:413:446:449:422:408:216:452:247:407:523:374:434:436:439:453:411:454:454:275:340:453:455:471:179:427:237:495:465:293:422:455:456:442:288:287:449:187:403:459:448:448:416:454:459:421:59:392:444:236:164:429:463:419:460:606:464:465:143:463:409:421:442:390:369:465:466:280:467:227:143:424:468:466:470:415:436:469:471:418:439:203:343:455:103:370:414:353:452:168:429:472:440:281:378:470:469:475:468:186:569:476:456:449:314:478:422:479:358:481:324:304:301:478:483:475:476:479:481:484:494:444:281:201:432:486:388:485:446:471:460:187:301:59:119:398:467:489:483:556:445:490:182:433:489:348:490:491:491:176:569:426:303:454:11:328:369:498:494:56:347:495:209:491:170:44:328:446:497:496:494:456:369:306:226:486:209:496:325:409:396:301:419:164:500:514:547:590:207:488:333:488:459:476:500:377:438:390:471:415:466:554:251:519:519:508:509:581:154:530:364:510:510:131:475:368:593:508:511:512:498:181:509:364:494:513:512:514:105:483:426:47:431:484:470:93:64:339:387:397:504:215:518:512:459:497:53:373:216:504:419:519:499:283:451:520:381:545:12:334:351:485:520:523:490:313:291:469:405:525:217:511:238:525:590:90:467:463:43:413:333:520:307:581:319:277:529:188:295:294:464:473:127:518:530:263:46:267:276:517:529:452:277:479:462:530:523:528:80:516:322:497:355:95:537:485:445:467:537:92:539:522:539:499:541:249:96:541:534:255:320:528:532:542:543:544:598:542:543:522:425:312:592:496:517:364:388:513:490:544:546:141:426:546:547:465:513:539:499:401:591:152:293:29:545:484:302:394:281:404:495:474:436:451:483:581:175:553:493:514:379:472:555:372:555:544:493:319:547:456:401:374:489:557:548:550:578:197:556:272:601:601:560:561:562:560:546:535:575:575:562:557:560:573:561:411:551:413:537:458:510:535:462:550:566:540:600:492:458:239:568:323:390:568:458:569:498:570:204:590:360:409:440:389:474:566:519:500:573:462:578:574:145:501:566:474:478:574:450:545:576:580:577:576:214:565:577:437:448:160:551:395:508:569:576:579:580:580:509:540:516:579:582:420:583:211:473:570:585:430:30:488:453:586:532:522:437:428:529:457:525:505:528:582:341:73:551:556:578:565:511:591:577:592:428:591:593:593:367:457:586:457:592:343:594:548:424:595:595:80:167:595:505:594:585:474:541:204:576:594:601:391:188:598:9:106:586:583:517:518:585:540:600:542:600:601:602:300:479:603:574:602:481:491:543:534:586:583:30:501:561:48:603:555:598:579:557:311:486:49:525:575:523:582:433:24
371,329,563,0,6437,43:1:2:32:2:4:5:6:7:4:8:63:1:9:10:160:10:12:11:312:12:14:9:8:15:16:20:15:18:19:503:19:81:22:48:36:23:18:14:503:24:4:16:6:25:12:38:26:0:28:131:25:29:29:503:492:45:24:26:31:606:7:33:317:28:33:20:492:23:4:34:32:16:34:312:48:36:312:22:0:37:21:31:492:38:23:39:39:606:215:41:7:42:43:2:38:215:41:33:44:160:20:0:21:47:45:606:49:31:190:10:50:49:44:51:77:34:47:52:51:53:54:55:36:53:32:57:28:48:94:93:42:60:49:61:61:62:120:55:64:65:54:52:62:43:64:93:66:67:1:73:67:68:60:37:69:57:65:233:182:69:22:71:8:60:71:72:56:40:68:29:120:19:74:66:74:65:75:37:43:76:75:77:81:45:78:233:76:72:596:61:80:596:11:82:83:84:56:64:596:70:85:86:85:80:81:86:80:73:87:83:63:69:55:88:89:78:90:88:91:67:91:89:14:70:78:81:88:94:21:95:40:82:31:52:44:55:94:87:95:97:192:40:97:72:21:144:50:136:99:100:101:102:103:82:104:25:103:101:105:106:103:73:107:105:104:108:98:109:108:51:109:39:100:27:15:110:71:107:111:112:113:114:54:159:116:102:110:83:116:94:114:36:107:117:118:68:119:77:70:132:112:58:63:159:121:122:122:119:111:42:90:5:123:113:159:99:124:125:126:118:41:5:124:127:126:128:129:130:29:130:131:122:132:125:133:123:117:133:127:18:126:129:128:34:132:109:19:134:97:135:58:134:137:135:138:109:96:139:127:78:140:141:31:142:84:96:137:130:101:141:142:144:145:136:146:129:91:146:139:27:84:119:147:144:138:121:149:150:147:233:95:151:53:151:123:147:120:125:87:152:153:41:153:145:152:149:100:149:39:154:155:150:50:157:107:156:133:155:47:136:158:154:157:75:158:93:190:142:160:143:146:161:162:163:59:162:161:59:37:143:128:150:140:190:112:167:153:168:169:58:124:169:168:170:89:6:84:131:56:171:172:172:137:156:89:167:171:173:170:174:173:175:174:165:166:17:166:140:536:175:164:11:17:178:536:503:179:180:180:181:181:182:158:183:26:134:184:179:175:185:116:186:186:180:95:187:173:185:184:46:62:139:187:189:220:191:150:24:113:192:90:191:179:193:191:134:105:194:110:138:189:183:67:186:195:194:196:197:220:27:132:197:198:195:199:143:74:184:106:98:155:196:200:166:152:192:181:5:57:183:201:141:138:202:200:51:203:391:199:190:205:205:104:206:46:207:207:208:201:168:203:198:171:209:66:6:211:2:111:172:208:211:200:209:164:212:202:213:194:212:117:536:176:193:167:210:206:170:114:201:137:135:168:20:147:122:161:188:169:213:216:217:217:85:153:55:218:219:360:151:146:92:22:221:220:219:221:165:195:222:223:224:223:224:221:163:222:215:174:156:182:184:225:226:227:218:228:229:228:226:155:218:210:230:123:225:136:231:50:74:224:554:231:212:230:197:102:45:77:98:234:234:235:234:236:221:237:238:154:88:236:199:239:118:208:240:237:554:241:240:241:242:308:239:235:62:27:223:219:63:243:133:243:176:230:242:76:108:227:244:226:245:244:246:222:228:247:248:246:145:235:249:250:247:210:249:252:135:225:253:239:248:229:233:250:252:110:249:209:166:97:17:86:231:240:242:254:255:245:256:257:255:258:185:259:256:254:258:257:260:32:261:360:162:263:264:178:265:259:213:263:261:238:266:259:267:211:254:260:248:265:268:252:268:269:270:264:271:272:243:9:57:193:196:273:269:26:267:227:274:275:276:277:276:275:278:279:272:270:273:274:280:163:282:86:71:38:277:268:284:278:285:239:282:116:286:246:247:149:287:274:286:284:270:266:165:139:266:202:384:289:411:290:260:180:92:300:285:169:292:289:290:271:279:293:108:294:284:206:245:287:295:294:296:121:91:40:292:297:273:298:162:299:300:286:524:288:157:295:302:231:303:300:69:283:297:524:271:293:260:219:98:265:304:305:304:261:205:86:306:292:188:308:302:309:298:305:205:237:295:308:287:296:191:310:311:24:198:311:313:189:314:315:142:316:266:250:313:314:317:306:314:92:298:230:299:253:14:303:111:158:318:289:309:257:238:317:320:321:320:113:299:316:317:315:321:318:322:267:60:323:323:323:203:157:324:325:326:251:68:310:327:319:324:214:104:305:325:288:328:329:285:330:322:294:331:331:332:460:332:334:335:336:337:338:334:339:222:339:321:340:335:460:341:340:338:330:329:342:214:229:342:343:335:282:336:188:235:337:72:326:327:344:345:346:347:269:345:341:348:349:349:85:346:350:348:351:351:343:352:241:255:299:342:310:353:344:1:159:354:349:524:23:350:339:189:352:315:355:355:353:279:356:328:335:65:347:357:356:318:358:357:359:354:354:337:83:327:94:199:361:362:363:311:121:365:361:363:359:355:46:366:367:368:332:360:102:264:365:358:366:252:338:370:371:272:206:368:372:438:373:370:374:25:125:297:375:338:376:262:100:263:273:362:371:8:377:378:245:376:375:377:363:373:333:367:368:378:126:372:52:276:376:311:345:379:380:370:284:381:382:225:106:383:344:554:383:262:384:309:381:296:386:362:262:129:207:359:381:379:322:387:319:333:244:258:388:342:389:213:380:329:42:356:389:382:16:390:310:366:388:390:347:17:274:346:391:385:306:392:393:386:58:394:304:371:395:395:367:280:396:396:229:357:392:256:397:397:320:376:54:316:398:399:400:393:156:163:402:400:403:350:365:391:399:404:251:290:394:405:0:406:326:404:375:406:402:361:28:403:369:407:385:341:408:124:336:313:410:411:379:372:278:297:398:408:357:18:291:407:413:178:464:399:118:283:380:218:331:377:348:400:386:414:400:253:414:356:416:415:416:99:417:353:418:373:351:418:106:330:420:350:434:173:421:417:262:307:212:382:452:424:553:275:402:425:420:303:308:425:427:161:112:410:283:406:553:325:429:254:302:429:329:393:421:10:265:430:194:99:387:280:397:352:285:208:431:427:432:228:420:258:430:433:434:241:434:405:431:234:433:468:406:432:383:410:437:384:438:383:384:439:198:440:440:425:417:441:415:442:15:307:499:450:120:437:523:441:450:399:185:321:446:405:447:447:448:427:265:441:447:445:444:389:413:446:449:422:408:216:452:247:407:523:374:434:436:439:453:411:454:454:275:340:453:455:471:179:427:237:495:465:293:422:455:456:442:288:287:449:187:403:459:448:448:416:454:459:421:59:392:444:236:164:429:463:419:460:606:464:465:143:463:409:421:442:390:369:465:466:280:467:227:143:424:468:466:470:415:436:469:471:418:439:203:343:455:103:370:414:353:452:168:429:472:440:281:378:470:469:475:468:186:569:476:456:449:314:478:422:479:358:481:324:304:301:478:483:475:476:479:481:484:494:444:281:201:432:486:388:485:446:471:460:187:301:59:119:398:467:489:483:556:445:490:182:433:489:348:490:491:491:176:569:426:303:454:11:328:369:498:494:56:347:495:209:491:170:44:328:446:497:496:494:456:369:306:226:486:209:496:325:409:396:301:419:164:500:514:547:590:207:488:333:488:459:476:500:377:438:390:471:415:466:554:251:519:519:508:509:581:154:530:364:510:510:131:475:368:593:508:511:512:498:181:509:364:494:513:512:514:105:483:426:47:431:484:470:93:64:339:387:397:504:215:518:512:459:497:53:373:216:504:419:519:499:283:451:520:381:545:12:334:351:485:520:523:490:313:291:469:405:525:217:511:238:525:590:90:467:463:43:413:333:520:307:581:319:277:529:188:295:294:464:473:127:518:530:263:46:267:276:517:529:452:277:479:462:530:523:528:80:516:322:497:355:95:537:485:445:467:537:92:539:522:539:499:541:249:96:541:534:255:320:528:532:542:543:544:598:542:543:522:425:312:592:496:517:364:388:513:490:544:546:141:426:546:547:465:513:539:499:401:591:152:293:29:545:484:302:394:281:404:495:474:436:451:483:581:175:553:493:514:379:472:555:372:555:544:493:319:547:456:401:374:489:557:548:550:578:197:556:272:601:601:560:561:562:560:546:535:575:575:562:557:560:573:561:411:551:413:537:458:510:535:462:550:566:540:600:492:458:239:568:323:390:568:458:569:498:570:204:590:360:409:440:389:474:566:519:500:573:462:578:574:145:501:566:474:478:574:450:545:576:580:577:576:214:565:577:437:448:160:551:395:508:569:576:579:580:580:509:540:516:579:582:420:583:211:473:570:585:430:30:488:453:586:532:522:437:428:529:457:525:505:528:582:341:73:551:556:578:565:511:591:577:592:428:591:593:593:367:457:586:457:592:343:594:548:424:595:595:80:167:595:505:594:585:474:541:204:576:594:601:391:188:598:9:106:586:583:517:518:585:540:600:542:600:601:602:300:479:603:574:602:481:491:543:534:586:583:30:501:561:48:603:555:598:579:557:311:486:49:525:575:523:582:433:24
411,382,562,0,6436,43:1:2:32:2:4:5:6:7:4:8:63:1:9:10:160:10:12:11:312:12:14:9:8:15:16:20:15:18:19:503:19:81:22:48:36:23:18:14:503:24:4:16:6:25:12:38:26:0:28:131:25:29:29:503:492:45:24:26:31:606:7:33:317:28:33:20:492:23:4:34:32:16:34:312:48:36:312:22:0:37:21:31:492:38:23:39:39:606:215:41:7:42:43:2:38:215:41:33:44:160:20:0:21:47:45:606:49:31:190:10:50:49:44:51:77:34:47:52:51:53:54:55:36:53:32:57:28:48:94:93:42:60:49:61:61:62:120:55:64:65:54:52:62:43:64:93:66:67:1:73:67:68:60:37:69:57:65:233:182:69:22:71:8:60:71:72:56:40:68:29:120:19:74:66:74:65:75:37:43:76:75:77:81:45:78:233:76:72:596:61:80:596:11:82:83:84:56:64:596:70:85:86:85:80:81:86:80:73:87:83:63:69:55:88:89:78:90:88:91:67:91:89:14:70:78:81:88:94:21:95:40:82:31:52:44:55:94:87:95:97:192:40:97:72:21:144:50:136:99:100:101:102:103:82:104:25:103:101:105:106:103:73:107:105:104:108:98:109:108:51:109:39:100:27:15:110:71:107:111:112:113:114:54:159:116:102:110:83:116:94:114:36:107:117:118:68:119:77:70:132:112:58:63:159:121:122:122:119:111:42:90:5:123:113:159:99:124:125:126:118:41:5:124:127:126:128:129:130:29:130:131:122:132:125:133:123:117:133:127:18:126:129:128:34:132:109:19:134:97:135:58:134:137:135:138:109:96:139:127:78:140:141:31:142:84:96:137:130:101:141:142:144:145:136:146:129:91:146:139:27:84:119:147:144:138:121:149:150:147:233:95:151:53:151:123:147:120:125:87:152:153:41:153:145:152:149:100:149:39:154:155:150:50:157:107:156:133:155:47:136:158:154:157:75:158:93:190:142:160:143:146:161:162:163:59:162:161:59:37:143:128:150:140:190:112:167:153:168:169:58:124:169:168:170:89:6:84:131:56:171:172:172:137:156:89:167:171:173:170:174:173:175:174:165:166:17:166:140:536:175:164:11:17:178:536:503:179:180:180:181:181:182:158:183:26:134:184:179:175:185:116:186:186:180:95:187:173:185:184:46:62:139:187:189:220:191:150:24:113:192:90:191:179:193:191:134:105:194:110:138:189:183:67:186:195:194:196:197:220:27:132:197:198:195:199:143:74:184:106:98:155:196:200:166:152:192:181:5:57:183:201:141:138:202:200:51:203:391:199:190:205:205:104:206:46:207:207:208:201:168:203:198:243:209:66:6:211:2:111:172:208:211:200:209:164:212:202:213:194:212:117:536:176:193:167:210:206:170:114:201:137:135:168:20:147:122:161:188:169:213:216:217:217:85:153:55:218:219:360:151:146:92:22:221:220:219:221:165:195:222:223:224:223:224:221:163:222:215:174:156:182:184:225:226:227:218:228:229:228:226:155:218:210:230:123:225:136:231:50:74:224:554:231:212:230:197:102:45:77:98:234:234:235:234:236:221:237:238:154:88:236:199:239:118:208:240:237:554:241:240:241:242:308:239:235:62:27:223:219:63:243:133:243:176:230:242:76:108:227:244:226:245:244:246:222:228:247:248:246:145:235:249:250:247:210:249:252:135:225:253:239:248:229:233:250:252:110:249:209:166:97:17:86:231:240:242:254:255:245:256:257:255:258:185:259:256:254:258:257:260:32:261:360:162:263:264:178:265:259:213:263:261:238:266:259:267:211:254:260:248:265:268:252:268:269:270:264:271:272:243:9:57:193:196:273:269:26:267:227:274:275:276:277:276:275:278:279:272:270:273:274:280:163:282:86:71:38:277:268:284:278:285:239:282:116:286:246:247:149:287:274:286:284:270:266:165:139:266:202:384:289:411:290:260:180:92:300:285:169:292:289:290:271:279:293:108:294:284:206:245:287:295:294:296:121:91:40:292:297:273:298:162:299:300:286:524:288:157:295:302:231:303:300:69:283:297:524:271:293:260:219:98:265:304:305:304:261:205:86:306:292:188:308:302:309:298:305:205:237:295:308:287:296:191:310:311:24:198:311:313:189:314:315:142:316:266:250:313:314:317:306:314:92:298:230:299:253:14:303:111:158:318:289:309:257:238:317:320:321:320:113:299:316:317:315:321:318:322:267:60:323:323:323:203:157:324:325:326:251:68:310:327:319:324:214:104:305:325:288:328:329:285:330:322:294:331:331:332:460:332:334:335:336:337:338:334:339:222:339:321:340:335:460:341:340:338:330:329:342:214:229:342:343:335:282:336:188:235:337:72:326:327:344:345:346:347:269:345:341:348:349:349:85:346:350:348:351:351:343:352:241:255:299:342:310:353:344:1:159:354:349:524:23:350:339:189:352:315:355:355:353:279:356:328:335:65:347:357:356:318:358:357:359:354:354:337:83:327:94:199:361:362:449:311:121:365:361:556:359:355:46:366:367:368:332:360:102:264:365:358:366:252:338:370:371:272:206:368:372:438:373:370:374:25:125:297:375:338:376:262:100:263:273:362:371:8:377:378:245:376:375:377:171:373:333:367:368:378:126:372:52:276:376:311:345:379:380:370:284:381:382:225:106:383:344:554:383:262:384:309:381:296:386:362:262:129:207:359:381:379:322:387:319:333:244:258:388:342:389:213:380:329:42:356:389:382:16:390:310:366:388:390:347:17:274:346:391:385:306:392:393:386:58:394:304:371:395:395:367:280:396:396:229:357:392:256:397:397:320:376:54:316:398:399:400:393:156:163:402:400:403:350:365:391:399:404:251:290:394:405:0:406:326:404:375:406:402:361:28:403:369:407:385:341:408:124:336:313:410:411:379:372:278:297:398:408:357:18:291:407:413:178:464:399:118:283:380:218:331:377:348:400:386:414:400:253:414:356:416:415:416:99:417:353:418:373:351:418:106:330:420:350:434:173:421:417:262:307:212:382:452:424:553:275:402:425:420:303:308:425:427:161:112:410:283:406:553:325:429:254:302:429:329:393:421:10:265:430:194:99:387:280:397:352:285:208:431:427:432:228:420:258:430:433:434:241:434:405:431:234:433:468:406:432:383:410:437:384:438:383:384:439:198:440:440:425:417:441:415:442:15:307:499:450:120:437:523:441:450:399:185:321:446:405:447:447:448:427:265:441:447:445:444:389:413:446:385:422:408:216:452:247:407:523:374:434:436:439:453:411:454:454:275:340:453:455:471:179:427:237:495:465:293:422:455:456:442:288:287:449:187:403:459:448:448:416:454:459:421:59:392:444:236:164:429:463:419:460:606:464:465:143:463:409:421:442:390:369:465:466:280:467:227:143:424:468:466:470:415:436:469:471:418:439:203:343:455:103:370:414:353:452:168:429:472:440:281:378:470:469:475:468:186:569:476:456:449:314:478:422:479:358:481:324:304:301:478:483:475:476:479:481:484:494:444:281:201:432:486:388:485:446:471:460:187:301:59:119:398:467:489:483:556:445:490:182:433:489:348:490:491:491:176:569:426:303:454:11:328:369:498:494:56:347:495:209:491:170:44:328:446:497:496:494:456:369:306:226:486:209:496:325:409:396:301:419:164:500:514:547:590:207:488:333:488:459:476:500:377:438:390:471:415:466:554:251:519:519:508:509:581:154:530:364:510:510:131:475:368:593:508:511:512:498:181:509:364:494:513:512:514:105:483:426:47:431:484:470:93:64:339:387:397:504:215:518:512:459:497:53:373:216:504:419:519:499:283:451:520:381:545:12:334:351:485:520:523:490:313:291:469:405:525:217:511:238:525:590:90:467:463:43:413:333:520:307:581:319:277:529:188:295:294:464:473:127:518:530:263:46:267:276:517:529:452:277:479:462:530:523:528:80:516:322:497:355:95:537:485:445:467:537:92:539:522:539:499:541:249:96:541:534:255:320:528:532:542:543:544:598:542:543:522:425:312:592:496:517:364:388:513:490:544:546:141:426:546:547:465:513:539:499:401:591:152:293:29:545:484:302:394:281:404:495:474:436:451:483:581:175:553:493:514:379:472:555:372:555:544:493:319:547:456:401:374:489:557:548:550:578:197:556:272:601:601:560:561:562:560:546:535:575:575:562:557:560:573:561:411:551:413:537:458:510:535:462:550:566:540:600:492:458:239:568:323:390:568:458:569:498:570:204:590:360:409:440:389:474:566:519:500:573:462:578:574:145:501:566:474:478:574:450:545:576:580:577:576:214:565:577:437:448:160:551:395:508:569:576:579:580:580:509:540:516:579:582:420:583:211:473:570:585:430:30:488:453:586:532:522:437:428:529:457:525:505:528:582:341:73:551:473:578:565:511:591:577:592:428:591:593:593:367:457:586:457:592:343:594:548:424:595:595:80:167:595:505:594:585:474:541:204:576:594:601:391:188:598:9:106:586:583:517:518:585:540:600:542:600:601:602:300:479:603:574:602:481:491:543:534:586:583:30:501:561:48:603:555:598:579:557:311:486:49:525:575:523:582:433:24
423,397,562,0,6435,43:1:2:32:2:4:5:6:7:4:8:63:1:9:10:160:10:12:11:312:12:14:9:8:15:16:20:15:18:19:503:19:81:22:48:36:23:18:14:503:24:4:16:6:25:12:38:26:0:28:131:25:29:29:503:492:45:24:26:31:606:7:33:317:28:33:20:492:23:4:34:32:16:34:312:48:36:312:22:0:37:21:31:492:38:23:39:39:606:215:41:7:42:43:2:38:215:41:33:44:160:20:0:21:47:45:606:49:31:190:10:50:49:44:51:77:34:47:52:51:53:54:55:36:53:32:57:28:48:94:93:42:60:49:61:61:62:120:55:64:65:54:52:62:43:64:93:66:67:1:73:67:68:60:37:69:57:65:233:182:69:22:71:8:60:71:72:56:40:68:29:120:19:74:66:74:65:75:37:43:76:75:77:81:45:78:233:76:72:596:61:80:596:11:82:83:84:56:64:596:70:85:86:85:80:81:86:80:73:87:83:63:69:55:88:89:78:90:88:91:67:91:89:14:70:78:81:88:94:21:95:40:82:31:52:44:55:94:87:95:97:192:40:97:72:21:144:50:136:99:100:101:102:103:82:104:25:103:101:105:106:103:73:107:105:104:108:98:109:108:51:109:39:100:27:15:110:71:107:111:112:113:114:54:159:116:102:110:83:116:94:114:36:107:117:118:68:119:77:70:132:112:58:63:159:121:122:122:119:111:42:90:5:123:113:159:99:124:125:126:118:41:5:124:127:126:128:129:130:29:130:131:122:132:125:133:123:117:133:127:18:126:129:128:34:132:109:19:134:97:135:58:134:137:135:138:109:96:139:127:78:140:141:31:142:84:96:137:130:101:141:142:144:145:136:146:129:91:146:139:27:84:119:147:144:138:121:149:150:147:233:95:151:53:151:123:147:120:125:87:152:153:41:153:145:152:149:100:149:39:154:155:150:50:157:107:156:133:155:47:136:158:154:157:75:158:93:190:142:160:143:146:161:162:163:59:162:161:59:37:143:128:150:140:190:112:167:153:168:169:58:124:169:168:170:89:6:84:131:56:171:172:172:137:156:89:167:171:173:170:174:173:175:174:165:166:17:166:140:536:175:164:11:17:178:536:503:179:180:180:181:181:182:158:183:26:134:184:179:175:185:116:186:186:180:95:187:173:185:184:46:62:139:187:189:220:191:150:24:113:192:90:191:179:193:191:134:105:194:110:138:189:183:67:186:195:194:196:197:220:27:132:197:198:195:199:143:74:184:106:98:155:196:200:166:152:192:181:5:57:183:201:141:138:202:200:51:203:391:199:190:205:205:104:206:46:207:207:208:201:168:203:198:243:209:66:6:211:2:111:172:208:211:200:209:164:212:202:213:194:212:117:536:176:193:167:210:206:170:114:201:137:135:168:20:147:122:161:188:169:213:216:217:217:85:153:55:218:219:360:151:146:92:22:221:220:219:221:165:195:222:223:224:223:224:221:163:222:215:174:156:182:184:225:226:227:218:228:229:228:226:155:218:210:230:123:225:136:231:50:74:224:554:231:212:230:197:102:45:77:98:234:234:235:234:236:221:237:238:154:88:236:199:239:118:208:240:237:554:241:240:241:242:308:239:235:62:27:223:219:63:243:133:243:176:230:242:76:108:227:244:226:245:244:246:222:228:247:248:246:145:235:249:250:247:210:249:252:135:225:253:239:248:229:233:250:252:110:249:209:166:97:17:86:231:240:242:254:255:245:256:257:255:258:185:259:256:254:258:257:260:32:261:360:162:263:264:178:265:259:213:263:261:238:266:259:267:211:254:260:248:265:268:252:268:269:270:264:271:272:243:9:57:193:196:273:269:26:267:227:274:275:276:277:276:275:278:279:272:270:273:274:280:163:282:86:71:38:277:268:284:278:285:239:282:116:286:246:247:149:287:274:286:284:270:266:165:139:266:202:384:289:411:290:260:180:92:300:285:169:292:289:290:271:279:293:108:294:284:206:245:287:295:294:296:121:91:40:292:297:273:298:162:299:300:286:524:288:157:295:302:231:303:300:69:283:297:524:271:293:260:219:98:265:304:305:304:261:205:86:306:292:188:308:302:309:298:305:205:237:295:308:287:296:191:310:311:24:198:311:313:189:314:315:142:316:266:250:313:314:317:306:314:92:298:230:299:253:14:303:111:158:318:289:309:257:238:317:320:321:320:113:299:316:317:315:321:318:322:267:60:323:323:323:203:157:324:325:326:251:68:310:327:319:324:214:104:305:325:288:328:329:285:330:322:294:331:331:332:460:332:334:335:336:337:338:334:339:222:339:321:340:335:460:341:340:338:330:329:342:214:229:342:343:335:282:336:188:235:337:72:326:327:344:345:346:347:269:345:341:348:349:349:85:346:350:348:351:351:343:352:241:255:299:342:310:353:344:1:159:354:349:524:23:350:339:189:352:315:355:355:353:279:356:328:335:65:347:357:356:318:358:357:359:354:354:337:83:327:94:199:361:362:449:311:121:365:361:556:359:355:46:366:367:368:332:360:102:264:365:358:366:252:338:370:371:272:206:368:372:438:373:370:374:25:125:297:375:338:376:262:100:263:273:362:371:8:377:378:245:376:375:377:171:373:333:367:368:378:126:372:52:276:376:311:345:379:380:370:284:381:382:225:106:383:344:554:383:262:384:309:381:296:386:362:262:129:207:359:381:379:322:387:319:333:244:258:388:342:389:213:380:329:42:356:389:382:16:390:310:366:388:390:347:17:274:346:391:385:306:392:393:386:58:394:304:371:395:395:367:280:396:396:229:357:392:256:397:397:320:376:54:316:398:399:400:393:156:163:402:400:403:350:365:391:399:404:251:290:394:405:0:406:326:404:375:406:402:361:28:403:369:407:385:341:408:124:336:313:410:411:379:372:278:297:398:408:357:18:291:407:413:178:464:399:118:283:380:218:331:377:348:400:386:414:400:253:414:356:416:415:416:99:417:353:418:373:351:418:106:330:420:350:434:173:421:417:262:307:212:382:452:424:553:275:402:425:420:303:308:425:427:161:112:410:283:406:553:325:429:254:302:429:329:393:421:10:265:430:194:99:387:280:397:352:285:208:431:427:432:228:420:258:430:433:434:241:434:405:431:234:433:468:406:432:383:410:437:384:438:383:384:439:198:440:440:425:417:441:415:442:15:307:499:450:120:437:523:441:450:399:185:321:446:405:447:447:448:427:265:441:447:445:444:389:413:446:385:422:408:216:452:247:407:523:374:434:436:439:453:411:454:454:275:340:453:455:471:179:427:237:495:465:293:422:455:456:442:288:287:449:187:403:459:448:448:416:454:459:421:59:392:444:236:164:429:463:419:460:606:464:465:143:463:409:421:442:390:369:465:466:280:467:227:143:424:468:466:470:415:436:469:471:418:439:203:343:455:103:370:414:353:452:168:429:472:440:281:378:470:469:475:468:186:569:476:456:449:314:478:422:479:358:481:324:304:301:478:483:475:476:479:481:484:494:444:281:201:432:486:388:485:446:471:460:187:301:59:119:398:467:489:483:556:445:490:182:433:489:348:490:491:491:176:569:426:303:454:11:328:369:498:494:56:347:495:209:491:170:44:328:446:497:496:494:456:369:306:226:486:209:496:325:409:396:301:419:164:500:514:547:590:207:488:333:488:459:476:500:377:438:390:471:415:466:554:251:519:519:508:509:581:154:530:364:510:510:131:475:368:593:508:511:512:498:181:509:364:494:513:512:514:105:483:426:47:431:484:470:93:64:339:387:397:504:215:518:512:459:497:53:373:216:504:419:519:499:283:451:520:381:545:12:334:351:485:520:523:490:313:291:469:405:525:217:511:238:525:590:90:467:463:43:413:333:520:307:581:319:277:529:188:295:294:464:473:127:518:530:263:46:267:276:540:529:452:277:479:462:530:523:528:80:516:322:497:355:95:537:485:445:467:537:92:539:522:539:499:541:249:96:541:534:255:320:528:532:542:543:544:598:542:543:522:425:312:592:496:598:364:388:513:490:544:546:141:426:546:547:465:513:539:499:401:591:152:293:29:545:484:302:394:281:404:495:474:436:451:483:581:175:553:493:514:379:472:555:372:555:544:493:319:547:456:401:374:489:557:548:550:578:197:556:272:601:601:560:561:562:560:546:535:575:575:562:557:560:573:561:411:551:413:537:458:510:535:462:550:566:540:600:492:458:239:568:323:390:568:458:569:498:570:204:590:360:409:440:389:474:566:519:500:573:462:578:574:145:501:566:474:478:574:450:545:576:580:577:576:214:565:577:437:448:160:551:395:508:569:576:579:580:580:509:540:516:579:582:420:583:211:473:570:585:430:30:488:453:586:532:522:437:428:529:457:525:505:528:582:341:73:551:473:578:565:511:591:577:592:428:591:593:593:367:457:586:457:592:343:594:548:424:595:595:80:167:595:505:594:585:474:541:204:576:594:601:391:188:598:9:106:586:583:517:518:585:251:600:542:600:601:602:300:479:603:574:602:481:491:543:534:586:583:30:501:561:48:603:555:451:579:557:311:486:49:525:575:523:582:433:24
425,398,562,0,6433,43:1:2:32:2:4:5:6:7:4:8:63:1:9:10:160:10:12:11:312:12:14:9:8:15:16:20:15:18:19:503:19:81:22:48:36:23:18:14:503:24:4:16:6:25:12:38:26:0:28:131:25:29:29:503:492:45:24:26:31:606:7:33:317:28:33:20:492:23:4:34:32:16:34:312:48:36:312:22:0:37:21:31:492:38:23:39:39:606:215:41:7:42:43:2:38:215:41:33:44:160:20:0:21:47:45:606:49:31:190:10:50:49:44:51:77:34:47:52:51:53:54:55:36:53:32:57:28:48:94:93:42:60:49:61:61:62:120:55:64:65:54:52:62:43:64:93:66:67:1:73:67:68:60:37:69:57:65:233:182:69:22:71:8:60:71:72:56:40:68:29:120:19:74:66:74:65:75:37:43:76:75:77:81:45:78:233:76:72:596:61:80:596:11:82:83:84:56:64:596:70:85:86:85:80:81:86:80:73:87:83:63:69:55:88:89:78:90:88:91:67:91:89:14:70:78:81:88:94:21:95:40:82:31:52:44:55:94:87:95:97:192:40:97:72:21:144:50:136:99:100:101:102:103:82:104:25:103:101:105:106:103:73:107:105:104:108:98:109:108:51:109:39:100:27:15:110:71:107:111:112:113:114:54:159:116:102:110:83:116:94:114:36:107:117:118:68:119:77:70:132:112:58:63:159:121:122:122:119:111:42:90:5:123:113:159:99:124:125:126:118:41:5:124:127:126:128:129:130:29:130:131:122:132:125:133:123:117:133:127:18:126:129:128:34:132:109:19:134:97:135:58:134:137:135:138:109:96:139:127:78:140:141:31:142:84:96:137:130:101:141:142:144:145:136:146:129:91:146:139:27:84:119:147:144:138:121:149:150:147:233:95:151:53:151:123:147:120:125:87:152:153:41:153:145:152:149:100:149:39:154:155:150:50:157:107:156:133:155:47:136:158:154:157:75:158:93:190:142:160:143:146:161:162:163:59:162:161:59:37:143:128:150:140:190:112:167:153:168:169:58:124:169:168:170:89:6:84:131:56:171:172:172:137:156:89:167:171:173:170:174:173:175:174:165:166:17:166:140:536:175:164:11:17:178:536:503:179:180:180:181:181:182:158:183:26:134:184:179:175:185:116:186:186:180:95:187:173:185:184:46:62:139:187:189:220:191:150:24:113:192:90:191:179:193:191:134:105:194:110:138:189:183:67:186:195:194:196:197:220:27:132:197:198:195:199:143:74:184:106:98:155:196:200:166:152:192:181:5:57:183:201:141:138:202:200:51:203:391:199:190:205:205:104:206:46:207:207:208:201:168:203:198:243:209:66:6:211:2:111:172:208:211:200:209:164:212:202:213:194:212:117:536:176:193:167:210:206:170:114:201:137:135:168:20:147:122:161:188:169:213:216:217:217:85:153:55:218:219:360:151:146:92:22:221:220:219:221:165:195:222:223:224:223:224:221:163:222:215:174:156:182:184:225:226:227:218:228:229:228:226:155:218:210:230:123:225:136:231:50:74:224:554:231:212:230:197:102:45:77:98:234:234:235:234:236:221:237:238:154:88:236:199:239:118:208:240:237:554:241:240:241:242:308:239:235:62:27:223:219:63:243:133:243:176:230:242:76:108:227:244:226:245:244:246:222:228:247:248:246:145:235:249:250:247:210:249:252:135:225:253:239:248:229:233:250:252:110:249:209:166:97:17:86:231:240:242:254:255:245:256:257:255:258:185:259:256:254:258:257:260:32:261:360:162:263:264:178:265:259:213:263:261:238:266:259:267:211:254:260:248:265:268:252:268:269:270:264:271:272:243:9:57:193:196:273:269:26:267:227:274:275:276:277:276:275:278:279:272:270:273:274:280:163:282:86:71:38:277:268:284:278:285:239:282:116:286:246:247:149:287:274:286:284:270:266:165:139:266:202:384:289:411:290:260:180:92:300:285:169:292:289:290:271:279:293:108:294:284:206:245:287:295:294:296:121:91:40:292:297:273:298:162:299:300:286:524:288:157:295:302:231:303:300:69:283:297:524:271:293:260:219:98:265:304:305:304:261:205:86:306:292:188:308:302:309:298:305:205:237:295:308:287:296:191:310:311:24:198:311:313:189:314:315:142:316:266:250:313:314:317:306:314:92:298:230:299:253:14:303:111:158:318:289:309:257:238:317:320:321:320:113:299:316:317:315:321:318:322:267:60:323:323:323:203:157:324:325:326:251:68:310:327:319:324:214:104:305:325:288:328:329:285:330:322:294:331:331:332:460:332:334:335:336:337:338:334:339:222:339:321:340:335:460:341:340:338:330:329:342:214:229:342:343:335:282:336:188:235:337:72:326:327:344:345:346:347:269:345:341:348:349:349:85:346:350:348:351:351:343:352:241:255:299:342:310:353:344:1:159:354:349:524:23:350:339:189:352:315:355:355:353:279:356:328:335:65:347:357:356:318:358:357:359:354:354:337:83:327:94:199:361:362:449:311:121:365:361:556:359:355:46:366:367:368:332:360:102:264:365:358:366:252:338:370:371:272:206:368:372:438:373:370:374:25:125:297:375:338:376:262:100:263:273:362:371:8:377:378:245:376:375:377:171:373:333:367:368:378:126:372:52:276:376:311:345:379:380:370:284:381:382:225:106:383:344:554:383:262:384:309:381:296:386:362:262:129:207:359:381:379:322:387:319:333:244:258:388:342:389:213:380:329:42:356:389:382:16:390:310:366:388:390:347:17:274:346:391:385:306:392:393:386:58:394:304:371:395:395:367:280:396:396:229:357:392:256:397:397:320:376:54:316:398:399:400:393:156:163:402:400:403:350:365:391:399:404:251:290:394:405:0:406:326:404:375:406:402:361:28:403:369:407:385:341:408:124:336:313:410:411:379:372:278:297:398:408:357:18:291:407:413:178:464:399:118:283:380:218:331:377:348:400:386:414:400:253:414:356:416:415:416:99:417:353:418:373:351:418:106:330:420:350:434:173:421:417:262:307:212:382:452:424:553:275:402:425:420:303:308:425:427:161:112:410:283:406:553:325:429:254:302:429:329:393:421:10:265:430:194:99:387:280:397:352:285:208:431:427:432:228:420:258:430:433:434:241:434:405:431:234:433:468:406:432:383:410:437:384:438:383:384:439:198:440:440:425:417:441:415:442:15:307:499:450:120:437:523:441:450:399:185:321:446:405:447:447:448:427:265:441:447:445:444:389:413:446:385:422:408:216:452:247:407:523:374:434:436:439:453:411:454:454:275:340:453:455:471:179:427:237:495:465:293:422:455:456:442:288:287:449:187:403:459:448:448:416:454:459:421:59:392:444:236:164:429:463:419:460:606:464:465:143:463:409:421:442:390:369:465:466:280:467:227:143:424:468:466:470:415:436:469:471:418:439:203:343:455:103:370:414:353:452:168:429:472:440:281:378:470:469:475:468:186:569:476:456:449:314:478:422:479:358:481:324:304:301:478:483:475:476:479:481:484:494:444:281:201:432:486:388:485:446:471:460:187:301:59:119:398:467:489:483:556:445:490:182:433:489:348:490:491:491:176:569:426:303:454:11:328:369:498:494:56:347:495:209:491:170:44:328:446:497:496:494:456:369:306:226:486:209:496:325:409:396:301:419:164:500:514:547:590:207:488:333:488:459:476:500:377:438:390:471:415:466:554:251:519:519:508:509:581:154:530:364:510:510:131:475:368:593:508:511:512:498:181:509:364:494:513:512:514:105:483:426:47:431:484:470:93:64:339:387:397:504:215:364:512:459:497:53:373:216:504:419:519:499:283:451:520:381:545:12:334:351:485:520:523:490:313:291:469:405:525:217:511:238:525:590:90:467:463:43:413:333:520:307:581:319:277:529:188:295:294:464:473:127:532:530:263:46:267:276:540:529:452:277:479:462:530:523:528:80:516:322:497:355:95:537:485:445:467:537:92:539:522:539:499:541:249:96:541:534:255:320:528:532:542:543:544:598:542:543:522:425:312:592:496:598:364:388:513:490:544:546:141:426:546:547:465:513:539:499:401:591:152:293:29:545:484:302:394:281:404:495:474:436:451:483:581:175:553:493:514:379:472:555:372:555:544:493:319:547:456:401:374:489:557:548:550:578:197:556:272:601:601:560:561:562:560:546:535:575:575:562:557:560:573:561:411:551:413:537:458:510:535:462:550:566:540:600:492:458:239:568:323:390:568:458:569:498:570:204:590:360:409:440:389:474:566:519:500:573:462:578:574:145:501:566:474:478:574:450:545:576:580:577:576:214:565:577:437:448:160:551:395:508:569:576:579:580:580:509:540:516:579:582:420:583:211:473:570:585:430:30:488:453:586:517:522:437:428:529:457:525:505:528:582:341:73:551:473:578:565:511:591:577:592:428:591:593:593:367:457:586:457:592:343:594:548:424:595:595:80:167:595:505:594:585:474:541:204:576:594:601:391:188:598:9:106:586:583:517:518:585:251:600:542:600:601:602:300:479:603:574:602:481:491:543:534:586:583:30:501:561:48:603:555:451:579:557:311:486:49:525:575:523:582:433:24
426,398,561,0,6432,43:1:2:32:2:4:5:6:7:4:8:63:1:9:10:160:10:12:11:312:12:14:9:8:15:16:20:15:18:19:503:19:81:22:48:36:23:18:14:503:24:4:16:6:25:12:38:26:0:28:131:25:29:29:503:492:45:24:26:31:606:7:33:317:28:33:20:492:23:4:34:32:16:34:312:48:36:312:22:0:37:21:31:492:38:23:39:39:606:215:41:7:42:43:2:38:215:41:33:44:160:20:0:21:47:45:606:49:31:190:10:50:49:44:51:77:34:47:52:51:53:54:55:36:53:32:57:28:48:94:93:42:60:49:61:61:62:120:55:64:65:54:52:62:43:64:93:66:67:1:73:67:68:60:37:69:57:65:233:182:69:22:71:8:60:71:72:56:40:68:29:120:19:74:66:74:65:75:37:43:76:75:77:81:45:78:233:76:72:596:61:80:596:11:82:83:84:56:64:596:70:85:86:85:80:81:86:80:73:87:83:63:69:55:88:89:78:90:88:91:67:91:89:14:70:78:81:88:94:21:95:40:82:31:52:44:55:94:87:95:97:192:40:97:72:21:144:50:136:99:100:101:102:103:82:104:25:103:101:105:106:103:73:107:105:104:108:98:109:108:51:109:39:100:27:15:110:71:107:111:112:113:114:54:159:116:102:110:83:116:94:114:36:107:117:118:68:119:77:70:132:112:58:63:159:121:122:122:119:111:42:90:5:123:113:159:99:124:125:126:118:41:5:124:127:126:128:129:130:29:130:131:122:132:125:133:123:117:133:127:18:126:129:128:34:132:109:19:134:97:135:58:134:137:135:138:109:96:139:127:78:140:141:31:142:84:96:137:130:101:141:142:144:145:136:146:129:91:146:139:27:84:119:147:144:138:121:149:150:147:233:95:151:53:151:123:147:120:125:87:152:153:41:153:145:152:149:100:149:39:154:155:150:50:157:107:156:133:155:47:136:158:154:157:75:158:93:190:142:160:143:146:161:162:163:59:162:161:59:37:143:128:150:140:190:112:167:153:168:169:58:124:169:168:170:89:6:84:131:56:171:172:172:137:156:89:167:171:173:170:174:173:175:174:165:166:17:166:140:536:175:164:11:17:178:536:503:179:180:180:181:181:182:158:183:26:134:184:179:175:185:116:186:186:180:95:187:173:185:184:46:62:139:187:189:220:191:150:24:113:192:90:191:179:193:191:134:105:194:110:138:189:183:67:186:195:194:196:197:220:27:132:197:198:195:199:143:74:184:106:98:155:196:200:166:152:192:181:5:57:183:201:141:138:202:200:51:203:391:199:190:205:205:104:206:46:207:207:208:201:168:203:198:243:209:66:6:211:2:111:172:208:211:200:209:164:212:202:213:194:212:117:536:176:193:167:210:206:170:114:201:137:135:168:20:147:122:161:188:169:213:216:217:217:85:153:55:218:219:360:151:146:92:22:221:220:219:221:165:195:222:223:224:223:224:221:163:222:215:174:156:182:184:225:226:227:218:228:229:228:226:155:218:210:230:123:225:136:231:50:74:224:554:231:212:230:197:102:45:77:98:234:234:235:234:236:221:237:238:154:88:236:199:239:118:208:240:237:554:241:240:241:242:308:239:235:62:27:223:219:63:243:133:243:176:230:242:76:108:227:244:226:245:244:246:222:228:247:248:246:145:235:249:250:247:210:249:252:135:225:253:239:248:229:233:250:252:110:249:209:166:97:17:86:231:240:242:254:255:245:256:257:255:258:185:259:256:254:258:257:260:32:261:360:162:263:264:178:265:259:213:263:261:238:266:259:267:211:254:260:248:265:268:252:268:269:270:264:271:272:243:9:57:193:196:273:269:26:267:227:274:275:276:277:276:275:278:279:272:270:273:274:280:163:282:86:71:38:277:268:284:278:285:239:282:116:286:246:247:149:287:274:286:284:270:266:165:139:266:202:384:289:411:290:260:180:92:300:285:169:292:289:290:271:279:293:108:294:284:206:245:287:295:294:296:121:91:40:292:297:273:298:162:299:300:286:524:288:157:295:302:231:303:300:69:283:297:524:271:293:260:219:98:265:304:305:304:261:205:86:306:292:188:308:302:309:298:305:205:237:295:308:287:296:191:310:311:24:198:311:313:189:314:315:142:316:266:250:313:314:317:306:314:92:298:230:299:253:14:303:111:158:318:289:309:257:238:317:320:321:320:113:299:316:317:315:321:318:322:267:60:323:323:323:203:157:324:325:326:251:68:310:327:319:324:214:104:305:325:288:328:329:285:330:322:294:331:331:332:460:332:334:335:336:337:338:334:339:222:339:321:340:335:460:341:340:338:330:329:342:214:229:342:343:335:282:336:188:235:337:72:326:327:344:345:346:347:269:345:341:348:349:349:85:346:350:348:351:351:343:352:241:255:299:342:310:353:344:1:159:354:349:524:23:350:339:189:352:315:355:355:353:279:356:328:335:65:347:357:356:318:358:357:359:354:354:337:83:327:94:199:361:362:449:311:121:365:361:556:359:355:46:366:367:368:332:360:102:264:365:358:366:252:338:370:371:272:206:368:372:438:373:370:374:25:125:297:375:338:376:262:100:263:273:362:371:8:377:378:245:376:375:377:171:373:333:367:368:378:126:372:52:276:376:311:345:379:380:370:284:381:382:225:106:383:344:554:383:262:384:309:381:296:386:362:262:129:207:359:381:379:322:387:319:333:244:258:388:342:389:213:380:329:42:356:389:382:16:390:310:366:388:390:347:17:274:346:391:385:306:392:393:386:58:394:304:371:395:395:367:280:396:396:229:357:392:256:397:397:320:376:54:316:398:399:400:393:156:163:402:400:403:350:365:391:399:404:251:290:394:405:0:406:326:404:375:406:402:361:28:403:369:407:385:341:408:124:336:313:410:411:379:372:278:297:398:408:357:18:291:407:413:178:464:399:118:283:380:218:331:377:348:400:386:414:400:253:414:356:416:415:416:99:417:353:418:373:351:418:106:330:420:350:434:173:421:417:262:307:212:382:452:424:553:275:402:425:420:303:308:425:427:161:112:410:283:406:553:325:429:254:302:429:329:393:421:10:265:430:194:99:387:280:397:352:285:208:431:427:432:228:420:258:430:433:434:241:434:405:431:234:433:468:406:432:383:410:437:384:438:383:384:439:198:440:440:425:417:441:415:442:15:307:499:450:120:437:523:441:450:399:185:321:446:405:447:447:448:427:265:441:447:445:444:389:413:446:385:422:408:216:452:247:407:523:374:434:436:439:453:411:454:454:275:340:453:455:471:179:427:237:495:465:293:422:455:456:442:288:287:449:187:403:459:448:448:416:454:459:421:59:392:444:236:164:429:463:419:460:606:464:465:143:463:409:421:442:390:369:465:466:280:467:227:143:424:468:466:470:415:436:469:471:418:439:203:343:455:103:370:414:353:452:168:429:472:440:281:378:470:469:475:468:186:569:476:456:449:314:478:422:479:358:481:324:304:301:478:483:475:476:479:481:484:494:444:281:201:432:486:388:485:446:471:460:187:301:59:119:398:467:489:483:556:445:490:182:433:489:348:490:491:491:176:569:426:303:454:11:328:369:498:494:56:347:495:209:491:170:44:328:446:497:496:494:456:369:306:226:486:209:496:325:409:396:301:419:164:500:514:547:590:207:488:333:488:459:476:500:377:438:390:471:415:466:554:251:519:519:508:509:581:154:530:364:510:510:131:475:368:593:508:511:512:498:181:509:364:494:513:512:514:105:483:426:47:431:484:470:93:64:339:387:397:504:215:364:512:459:497:53:373:216:504:419:519:499:283:451:520:381:545:12:334:351:485:520:523:490:313:291:469:405:525:217:511:238:525:590:90:467:463:43:413:333:520:307:581:319:277:529:188:295:294:464:473:127:532:530:263:46:267:276:540:529:452:277:479:462:530:523:528:80:516:322:497:355:95:537:485:445:467:537:92:539:522:539:499:541:249:96:541:534:255:320:528:532:542:543:544:598:542:543:522:425:312:592:496:598:364:388:513:490:544:546:141:426:546:547:465:513:539:499:401:591:152:293:29:545:484:302:394:281:404:495:474:436:451:483:581:175:553:493:514:379:472:555:372:555:544:493:319:547:456:401:374:489:557:548:550:578:197:556:272:601:601:560:561:562:560:546:535:575:575:562:557:560:573:561:411:551:413:537:458:510:535:462:550:566:540:600:492:458:239:568:323:390:568:458:569:498:570:204:590:360:409:440:389:474:566:519:500:573:462:578:574:145:501:566:474:478:574:450:545:576:580:577:576:214:565:577:437:448:160:551:395:508:569:576:579:580:580:509:540:516:579:582:420:583:211:473:570:585:430:30:488:453:586:517:522:437:428:529:457:525:518:528:582:341:73:551:473:578:565:511:591:577:592:428:591:593:593:367:457:586:457:592:343:594:548:424:595:595:80:167:595:518:594:585:474:541:204:576:594:601:391:188:598:9:106:586:583:517:532:585:251:600:542:600:601:602:300:479:603:574:602:481:491:543:534:586:583:30:501:561:48:603:555:451:579:557:311:486:49:525:575:523:582:433:24
429,401,561,0,6431,43:1:2:32:2:4:5:6:7:4:8:63:1:9:10:160:10:12:11:312:12:14:9:8:15:16:20:15:18:19:503:19:81:22:48:36:23:18:14:503:24:4:16:6:25:12:38:26:0:28:131:25:29:29:503:492:45:24:26:31:606:7:33:317:28:33:20:492:23:4:34:32:16:34:312:48:36:312:22:0:37:21:31:492:38:23:39:39:606:215:41:7:42:43:2:38:215:41:33:44:160:20:0:21:47:45:606:49:31:190:10:50:49:44:51:77:34:47:52:51:53:54:55:36:53:32:57:28:48:94:93:42:60:49:61:61:62:120:55:64:65:54:52:62:43:64:93:66:67:1:73:67:68:60:37:69:57:65:233:182:69:22:71:8:60:71:72:56:40:68:29:120:19:74:124:74:65:75:37:43:76:75:77:81:45:78:233:76:72:596:61:80:596:11:82:83:84:56:64:596:70:85:86:85:80:81:86:80:73:87:83:63:69:55:88:89:78:90:88:91:67:91:89:14:70:78:81:88:94:21:95:40:82:31:52:44:55:94:87:95:97:192:40:97:72:21:144:50:136:99:100:101:102:103:82:104:25:103:101:105:106:103:73:107:105:104:108:98:109:108:51:109:39:100:27:15:110:71:107:111:112:113:114:54:159:116:102:110:83:116:94:114:36:107:117:118:68:119:77:70:132:112:58:63:159:121:122:122:119:111:42:90:5:123:113:159:99:124:125:126:118:41:5:124:127:126:128:129:130:29:130:131:122:132:125:133:123:117:133:127:18:126:129:128:34:132:109:19:134:97:135:58:134:137:135:138:109:96:139:127:78:140:141:31:142:84:96:137:130:101:141:142:144:145:136:146:129:91:146:139:27:84:119:147:144:138:121:149:150:147:233:95:151:53:151:123:147:120:125:87:152:153:41:153:145:152:149:100:149:39:154:155:150:50:157:107:156:133:155:47:136:158:154:157:75:158:93:190:142:160:143:146:161:162:163:59:162:161:59:37:143:128:150:140:190:112:167:153:168:169:58:124:169:168:170:89:6:84:131:56:171:172:172:137:156:89:167:171:173:66:174:173:175:174:165:166:17:166:170:536:175:164:11:17:178:536:503:179:180:180:181:181:182:158:183:26:134:184:179:175:185:116:186:186:180:95:187:173:185:184:46:62:139:187:189:220:191:150:24:113:192:90:191:179:193:191:134:105:194:110:138:189:183:67:186:195:194:196:197:220:27:132:197:198:195:199:143:74:184:106:98:155:196:200:166:152:192:181:5:57:183:201:141:138:202:200:51:203:391:199:190:205:205:104:206:46:207:207:208:201:168:203:198:243:209:66:6:211:2:111:172:208:211:200:209:164:212:202:213:194:212:117:536:176:193:167:210:206:170:114:201:137:135:168:20:147:122:161:188:169:213:216:217:217:85:153:55:218:219:360:151:146:92:22:221:220:219:221:165:195:222:223:224:223:224:221:163:222:215:174:156:182:184:225:226:227:218:228:229:228:226:155:218:210:230:123:225:136:231:50:74:224:554:231:212:230:197:102:45:77:98:234:234:235:234:236:221:237:238:154:88:236:199:239:118:208:240:237:554:241:240:241:242:308:239:235:62:27:223:219:63:243:133:243:176:230:242:76:108:227:244:226:245:244:246:222:228:247:248:246:145:235:249:250:247:210:249:252:135:225:253:239:248:229:233:250:252:110:249:209:166:97:17:86:231:240:242:254:255:245:256:257:255:258:185:259:256:254:258:257:260:32:261:360:162:263:264:178:265:259:213:263:261:238:266:259:267:211:254:260:248:265:268:252:268:269:270:264:271:272:243:9:57:193:196:273:269:26:267:227:274:275:276:277:276:275:278:279:272:270:273:274:280:163:282:86:71:38:277:268:284:278:285:239:282:116:286:246:247:149:287:274:286:284:270:266:165:139:266:202:384:289:411:290:260:180:92:300:285:169:292:289:290:271:279:293:108:294:284:206:245:287:295:294:296:121:91:40:292:297:273:298:162:299:300:286:524:288:157:295:302:231:303:300:69:283:297:524:271:293:260:219:98:265:304:305:304:261:205:86:306:292:188:308:302:309:298:305:205:237:295:308:287:296:191:310:311:24:198:311:313:189:314:315:142:316:266:250:313:314:317:306:314:92:298:230:299:253:14:303:111:158:318:289:309:257:238:317:320:321:320:113:299:316:317:315:321:318:322:267:60:323:323:323:203:157:324:325:326:140:68:310:327:319:324:214:104:305:325:288:328:329:285:330:322:294:331:331:332:460:332:334:335:336:337:338:334:339:222:339:321:340:335:460:341:340:338:330:329:342:214:229:342:343:335:282:336:188:235:337:72:326:327:344:345:346:347:269:345:341:348:349:349:85:346:350:348:351:351:343:352:241:255:299:342:310:353:344:1:159:354:349:524:23:350:339:189:352:315:355:355:353:279:356:328:335:65:347:357:356:318:358:357:359:354:354:337:83:327:94:199:361:362:449:311:121:365:361:556:359:355:46:366:367:368:332:360:102:264:365:358:366:252:338:370:371:272:206:368:372:438:373:370:374:25:125:297:375:338:376:262:100:263:273:362:371:8:377:378:245:376:375:377:171:373:333:367:368:378:126:372:52:276:376:311:345:379:380:370:284:381:382:225:106:383:344:554:383:262:384:309:381:296:386:362:262:129:207:359:381:379:322:387:319:333:244:258:388:342:389:213:380:329:42:356:389:382:16:390:310:366:388:390:347:17:274:346:391:385:306:392:393:386:58:394:304:371:395:395:367:280:396:396:229:357:392:256:397:397:320:376:54:316:398:399:400:393:156:163:402:400:403:350:365:391:399:404:251:290:394:405:0:406:326:404:375:406:402:361:28:403:369:407:385:341:408:291:336:313:410:411:379:372:278:297:398:408:357:18:291:407:413:178:464:399:118:283:380:218:331:377:348:400:386:414:400:253:414:356:416:415:416:99:417:353:418:373:351:418:106:330:420:350:434:173:421:417:262:307:212:382:452:424:553:275:402:425:420:303:308:425:427:161:112:410:283:406:553:325:429:254:302:429:329:393:421:10:265:430:194:99:387:280:397:352:285:208:431:427:432:228:420:258:430:433:434:241:434:405:431:234:433:468:406:432:383:410:437:384:438:383:384:439:198:440:440:425:417:441:415:442:15:307:499:450:120:437:523:441:450:399:185:321:446:405:447:447:448:427:265:441:447:445:444:389:413:446:385:422:408:216:452:247:407:523:374:434:436:439:453:411:454:454:275:340:453:455:471:179:427:237:495:465:293:422:455:456:442:288:287:449:187:403:459:448:448:416:454:459:421:59:392:444:236:164:429:463:419:460:606:464:465:143:463:409:421:442:390:369:465:466:280:467:227:143:424:468:466:470:415:436:469:471:418:439:203:343:455:103:370:414:353:452:168:429:472:440:281:378:470:469:475:468:186:569:476:456:449:314:478:422:479:358:481:324:304:301:478:483:475:476:479:481:484:494:444:281:201:432:486:388:485:446:471:460:187:301:59:119:398:467:489:483:556:445:490:182:433:489:348:490:491:491:176:569:426:303:454:11:328:369:498:494:56:347:495:209:491:170:44:328:446:497:496:494:456:369:306:226:486:209:496:325:409:396:301:419:164:500:514:547:590:207:488:333:488:459:476:500:377:438:390:471:415:466:554:251:519:519:508:509:581:154:530:364:510:510:131:475:368:593:508:511:512:498:181:509:364:494:513:512:514:105:483:426:47:431:484:470:93:64:339:387:397:504:215:364:512:459:497:53:373:216:504:419:519:499:283:451:520:381:545:12:334:351:485:520:523:490:313:291:469:405:525:217:511:238:525:590:90:467:463:43:413:333:520:307:581:319:277:529:188:295:294:464:473:127:532:530:263:46:267:276:540:529:452:277:479:462:530:523:528:80:516:322:497:355:95:537:485:445:467:537:92:539:522:539:499:541:249:96:541:534:255:320:528:532:542:543:544:598:542:543:522:425:312:592:496:598:364:388:513:490:544:546:141:426:546:547:465:513:539:499:401:591:152:293:29:545:484:302:394:281:404:495:474:436:451:483:581:175:553:493:514:379:472:555:372:555:544:493:319:547:456:401:374:489:557:548:550:578:197:556:272:601:601:560:561:562:560:546:535:575:575:562:557:560:573:561:411:551:413:537:458:510:535:462:550:566:540:600:492:458:239:568:323:390:568:458:569:498:570:204:590:360:409:440:389:474:566:519:500:573:462:578:574:145:501:566:474:478:574:450:545:576:580:577:576:214:565:577:437:448:160:551:395:508:569:576:579:580:580:509:540:516:579:582:420:583:211:473:570:585:430:30:488:453:586:517:522:437:428:529:457:525:518:528:582:341:73:551:473:578:565:511:591:577:592:428:591:593:593:367:457:586:457:592:343:594:548:424:595:595:80:167:595:518:594:585:474:541:204:576:594:601:391:188:598:9:106:586:583:517:532:585:251:600:542:600:601:602:300:479:603:574:602:481:491:543:534:586:583:30:501:561:48:603:555:451:579:557:311:486:49:525:575:523:582:433:24
445,420,560,0,6430,43:1:2:32:2:4:5:6:7:4:8:63:1:9:10:160:10:12:11:312:12:14:9:8:15:16:20:15:18:19:503:19:81:22:48:36:23:18:14:503:24:4:16:6:25:12:38:26:0:28:131:25:29:29:503:492:45:24:26:31:606:7:33:317:28:33:20:492:23:4:34:32:16:34:312:48:36:312:22:0:37:21:31:492:38:23:39:39:606:215:41:7:42:43:2:38:215:41:33:44:160:20:0:21:47:45:606:49:31:190:10:50:49:44:51:77:34:47:52:51:53:54:55:36:53:32:57:28:48:94:93:42:60:49:61:61:62:120:55:64:65:54:52:62:43:64:93:66:67:1:73:67:68:60:37:69:57:65:233:182:69:22:71:8:60:71:72:56:40:68:29:120:19:74:124:74:65:75:37:43:76:75:77:81:45:78:233:76:72:596:61:80:596:11:82:83:84:56:64:596:70:85:86:85:80:81:86:80:73:87:83:63:69:55:88:89:78:90:88:91:67:91:89:14:70:78:81:88:94:21:95:40:82:31:52:44:55:94:87:95:97:192:40:97:72:21:144:50:136:99:100:101:102:103:82:104:25:103:101:105:106:103:73:107:105:104:108:98:109:108:51:109:39:100:27:15:110:71:107:111:112:113:114:54:159:116:102:110:83:116:94:114:36:107:117:118:68:119:77:70:132:112:58:63:159:121:122:122:119:111:42:90:5:123:113:159:99:124:125:126:118:41:5:124:127:126:128:129:130:29:130:131:122:132:125:133:123:117:133:127:18:126:129:128:34:132:109:19:134:97:135:58:134:137:135:138:109:96:139:127:78:140:141:31:142:84:96:137:130:101:141:142:144:145:136:146:129:91:146:139:27:84:119:147:144:138:121:149:150:147:233:95:151:53:151:123:147:120:125:87:152:153:41:153:145:152:149:100:149:39:154:155:150:50:157:107:156:133:155:47:136:158:154:157:75:158:93:190:142:160:143:146:161:162:163:59:162:161:59:37:143:128:150:140:190:112:167:153:168:169:58:124:169:168:170:89:6:84:131:56:171:172:172:137:156:89:167:171:173:66:174:173:175:174:165:166:17:166:170:536:175:164:11:17:178:536:503:179:180:180:181:181:182:158:183:26:134:184:179:175:185:116:186:186:180:95:187:173:185:184:46:62:139:187:189:220:191:150:24:113:192:90:191:179:193:191:134:105:194:110:138:189:183:67:186:195:194:196:197:220:27:132:197:198:195:199:143:74:184:106:98:155:196:200:166:152:192:181:5:57:183:201:141:138:202:200:51:203:391:199:190:205:205:104:206:46:207:207:208:201:168:203:198:243:209:66:6:211:2:111:172:208:211:200:209:164:212:202:213:194:212:117:536:176:193:167:210:206:170:114:201:137:135:168:20:147:122:161:188:169:213:216:217:217:85:153:55:218:219:360:151:146:92:22:221:220:219:221:165:195:222:223:224:223:224:221:163:222:215:174:156:182:184:225:226:227:218:228:229:228:226:155:218:210:230:123:225:136:231:50:74:224:554:231:212:230:197:102:45:77:98:234:234:235:234:236:221:237:238:154:88:236:199:239:118:208:240:237:554:241:240:241:242:308:239:235:62:27:223:219:63:243:133:243:176:230:242:76:108:227:244:226:245:244:246:222:228:247:248:246:145:235:249:250:247:210:249:252:135:225:253:239:248:229:233:250:252:110:249:209:166:97:17:86:231:240:242:254:255:245:256:257:255:258:185:259:256:254:258:257:260:32:261:360:162:263:264:178:265:259:213:263:261:238:266:259:267:211:254:260:248:265:268:252:268:269:270:264:271:272:243:9:57:193:196:273:269:26:267:227:274:275:276:277:276:275:278:279:272:270:273:274:280:163:282:86:71:38:277:268:284:278:285:239:282:116:286:246:247:149:287:274:286:284:270:266:165:139:266:202:384:289:411:290:260:180:92:300:285:169:292:289:290:271:279:293:108:294:284:206:245:287:295:294:296:121:91:40:292:297:273:298:162:299:300:286:524:288:157:295:302:231:303:300:69:283:297:524:271:293:260:219:98:265:304:305:304:261:205:86:306:292:188:308:302:309:298:305:205:237:295:308:287:296:191:310:311:24:198:311:313:189:314:315:142:316:266:250:313:314:317:306:314:92:298:230:299:253:14:303:111:158:318:289:309:257:238:317:320:321:320:113:299:316:317:315:321:318:322:267:60:323:323:323:203:157:324:325:326:140:68:310:327:319:324:214:104:305:325:288:328:329:285:330:322:294:331:331:332:460:332:334:335:336:337:338:334:339:222:339:321:340:335:460:341:340:338:330:329:342:214:229:342:343:335:282:336:188:235:337:72:326:327:344:345:346:347:269:345:341:348:349:349:85:346:350:348:351:351:343:352:241:255:299:342:310:353:344:1:159:354:349:524:23:350:339:189:352:315:355:355:353:279:356:328:335:65:347:357:356:318:358:357:359:354:354:337:83:327:94:199:361:362:449:311:121:365:361:556:359:355:46:366:367:368:332:360:102:264:365:358:366:252:338:370:371:272:206:368:372:438:373:370:374:25:125:297:375:338:376:262:100:263:273:362:371:8:377:378:245:376:375:377:171:373:333:367:368:378:126:372:52:276:376:311:345:379:380:370:284:381:382:225:106:383:344:554:383:262:384:309:381:296:386:362:262:129:207:359:381:379:322:387:319:333:244:258:388:342:389:213:380:329:42:356:389:382:16:390:310:366:388:390:347:17:274:346:391:385:306:392:393:386:58:394:304:371:395:395:367:280:396:396:229:357:392:256:397:397:320:376:54:316:398:399:400:393:156:163:402:400:403:350:365:391:399:404:251:290:394:405:0:406:326:404:375:406:402:361:28:403:369:407:385:341:408:291:336:313:410:411:379:372:278:297:398:408:357:18:291:407:413:178:464:399:118:283:380:218:331:377:348:400:386:414:400:253:414:356:416:415:416:99:417:353:418:373:351:418:106:330:420:350:434:173:421:417:262:307:212:382:452:424:553:275:402:425:420:303:308:425:427:161:112:410:283:406:553:325:429:254:302:429:329:393:421:10:265:430:194:99:387:280:397:352:285:208:431:427:432:228:420:258:430:433:434:241:434:405:431:234:433:468:406:432:383:410:437:384:438:383:384:439:198:440:440:425:417:441:415:442:15:307:499:450:120:437:523:441:450:399:185:321:446:405:447:447:448:427:265:441:447:445:444:389:413:446:385:422:408:216:452:247:407:523:374:434:436:439:453:411:454:454:275:340:453:455:471:179:427:237:495:465:293:422:455:456:442:288:287:449:187:403:459:448:448:416:454:459:421:59:392:444:236:164:429:463:419:460:606:464:465:143:463:409:421:442:390:369:465:466:280:467:227:143:424:468:466:470:415:436:469:471:418:439:203:343:455:103:370:414:353:452:168:429:472:440:281:378:470:469:475:468:186:569:476:456:449:314:478:422:479:358:481:324:304:301:478:483:475:476:479:481:484:494:444:281:201:432:486:388:485:446:471:460:187:301:59:119:398:467:489:483:556:445:490:182:433:489:348:490:491:491:176:569:426:303:454:11:328:369:498:494:56:347:495:209:491:170:44:328:446:497:496:494:456:369:306:226:486:209:496:325:409:396:301:419:164:500:514:547:590:207:488:333:488:459:476:500:377:438:390:471:415:466:554:251:519:519:508:509:581:154:530:364:510:510:131:475:368:593:508:511:512:498:181:509:364:494:513:512:514:105:483:426:47:431:484:470:93:64:339:387:397:504:215:364:512:459:497:53:373:216:504:419:519:499:283:451:520:381:545:12:334:351:485:520:523:490:313:291:469:405:525:217:511:238:525:590:90:467:463:43:413:333:520:307:581:319:277:529:188:295:294:464:473:127:532:530:263:46:267:276:540:529:452:277:479:462:530:523:528:80:516:322:497:355:95:537:485:445:467:537:92:539:522:539:499:541:249:96:541:534:255:320:528:532:542:543:544:598:542:543:522:425:312:592:496:598:364:388:513:490:544:546:141:426:546:547:465:513:539:499:401:591:152:293:29:545:484:302:394:281:404:495:474:436:451:483:581:175:553:493:514:379:472:555:372:555:544:493:319:547:456:401:374:489:557:548:550:578:197:556:272:601:601:560:561:562:560:546:535:575:575:562:557:560:166:561:411:551:413:537:458:510:535:462:550:566:540:600:492:458:239:568:323:390:568:458:569:498:570:204:590:360:409:440:389:474:566:519:500:603:462:578:574:145:501:566:474:478:574:450:545:576:580:577:576:214:565:577:437:448:160:551:395:508:569:576:579:580:580:509:540:516:579:582:420:583:211:473:570:585:430:30:488:453:586:517:522:437:428:529:457:525:518:528:582:341:73:551:473:578:565:511:591:577:592:428:591:593:593:367:457:586:457:592:343:594:548:424:595:595:80:167:595:518:594:585:474:541:204:576:594:601:391:188:598:9:106:586:583:517:532:585:251:600:542:600:601:602:300:479:603:574:602:481:491:543:534:586:583:30:501:561:48:431:555:451:579:557:311:486:49:525:575:523:582:433:24
450,425,560,0,6429,43:1:2:32:2:4:5:6:7:4:8:63:1:9:10:160:10:12:11:312:12:14:9:8:15:16:20:15:18:19:503:19:81:22:48:36:23:18:14:503:24:4:16:6:25:12:38:26:0:28:131:25:29:29:503:492:45:24:26:31:606:7:33:317:28:33:20:492:23:4:34:32:16:34:312:48:36:312:22:0:37:21:31:492:38:23:39:39:606:215:41:7:42:43:2:38:215:41:33:44:160:20:0:21:47:45:606:49:31:190:10:50:49:44:51:77:34:47:52:51:53:54:55:36:53:32:57:28:48:94:93:42:60:49:61:61:62:120:55:64:65:54:52:62:43:64:93:66:67:1:73:67:68:60:37:69:57:65:233:182:69:22:71:8:60:71:72:56:40:68:29:120:19:74:124:74:65:75:37:43:76:75:77:81:45:78:233:76:72:596:61:80:596:11:82:83:84:56:64:596:70:85:86:85:80:81:86:80:73:87:83:63:69:55:88:89:78:90:88:91:67:91:89:14:70:78:81:88:94:21:95:40:82:31:52:44:55:94:87:95:97:192:40:97:72:21:144:50:136:99:100:101:102:103:82:104:25:103:101:105:106:103:73:107:105:104:108:98:109:108:51:109:39:100:27:15:160:71:107:111:112:113:114:54:159:116:102:110:83:116:94:114:36:107:117:118:68:119:77:70:132:112:58:63:159:121:122:122:119:111:42:90:5:123:113:159:99:124:125:126:118:41:5:124:127:126:128:129:130:29:130:131:122:132:125:133:123:117:133:127:18:126:129:128:34:132:109:19:134:97:135:58:134:137:135:138:109:96:139:127:78:140:141:31:142:84:96:137:130:101:141:142:144:145:136:146:129:91:146:139:27:84:119:147:144:138:121:149:150:147:233:95:151:53:151:123:147:120:125:87:152:153:41:153:145:152:149:100:149:39:154:155:150:50:157:107:156:133:155:47:136:158:154:157:75:158:93:190:142:160:143:146:161:162:163:59:162:161:59:37:143:128:150:140:190:112:167:153:168:169:58:124:169:168:170:89:6:84:131:56:171:172:172:137:156:89:167:171:173:66:174:173:175:174:165:166:17:166:170:536:175:164:11:17:178:536:503:179:180:180:181:181:182:158:183:26:134:184:179:175:185:116:186:186:180:95:187:173:185:184:46:62:139:187:189:220:191:150:24:113:192:90:191:179:193:191:134:105:194:110:138:189:183:67:186:195:194:196:197:220:27:132:197:198:195:199:143:74:184:106:98:155:196:200:166:152:192:181:5:57:183:201:141:138:202:200:51:203:391:199:190:205:205:104:206:46:207:207:208:201:168:203:198:243:209:66:6:211:2:111:172:208:211:110:209:164:212:202:213:194:212:117:536:176:193:167:210:206:170:114:201:137:135:168:20:147:122:161:188:169:213:216:217:217:85:153:55:218:219:360:151:146:92:22:221:220:219:221:165:195:222:223:224:223:224:221:163:222:215:174:156:182:184:225:226:227:218:228:229:228:226:155:218:210:230:123:225:136:231:50:74:224:554:231:212:230:197:102:45:77:98:234:234:235:234:236:221:237:238:154:88:236:199:239:118:208:240:237:554:241:240:241:242:308:239:235:62:27:223:219:63:243:133:243:176:230:242:76:108:227:244:226:245:244:246:222:228:247:248:246:145:235:249:250:247:210:249:252:135:225:253:239:248:229:233:250:252:110:249:209:166:97:17:86:231:240:242:254:255:245:256:257:255:258:185:259:256:254:258:257:260:32:261:360:162:263:264:178:265:259:213:263:261:238:266:259:267:211:254:260:248:265:268:252:268:269:270:264:271:272:243:9:57:193:196:273:269:26:267:227:274:275:276:277:276:275:278:279:272:270:273:274:280:163:282:86:71:38:277:268:284:278:285:239:282:116:286:246:247:149:287:274:286:284:270:266:165:139:266:202:384:289:411:290:260:180:92:300:285:169:292:289:290:271:279:293:108:294:284:206:245:287:295:294:296:121:91:40:292:297:273:298:162:299:300:286:524:288:157:295:302:231:303:300:69:283:297:524:271:293:260:219:98:265:304:305:304:261:205:86:306:292:188:308:302:309:298:305:205:237:295:308:287:296:191:310:311:24:198:311:313:189:314:315:142:316:266:250:313:314:317:306:314:92:298:230:299:253:14:303:111:158:318:289:309:257:238:317:320:321:320:113:299:316:317:315:321:318:322:267:60:323:323:323:203:157:324:325:326:140:68:310:327:319:324:214:104:305:325:288:328:329:285:330:322:294:331:331:332:460:332:334:335:336:337:338:334:339:222:339:321:340:335:460:341:340:338:330:329:342:214:229:342:343:335:282:336:188:235:337:72:326:327:344:345:346:347:269:345:341:348:349:349:85:346:350:348:351:351:343:352:241:255:299:342:310:353:344:1:159:354:349:524:23:350:339:189:352:315:355:355:353:279:356:328:335:65:347:357:356:318:358:357:359:354:354:337:83:327:94:199:361:362:449:311:121:365:361:556:359:355:46:366:367:368:332:360:102:264:365:358:366:252:338:370:371:272:206:368:372:438:373:370:374:25:125:297:375:338:376:262:100:263:273:362:371:8:377:378:245:376:375:377:171:373:333:367:368:378:126:372:52:276:376:311:345:379:380:370:284:381:382:225:106:383:344:554:383:262:384:309:200:296:386:362:262:129:207:359:381:379:322:387:319:333:244:258:388:342:389:213:380:329:42:356:389:382:16:390:310:366:388:390:347:17:274:346:391:385:306:392:393:386:58:394:304:371:395:395:367:280:396:396:229:357:392:256:397:397:320:376:54:316:398:399:400:393:156:163:402:400:403:350:365:391:399:404:251:290:394:405:0:406:326:404:375:406:402:361:28:403:369:407:385:341:408:291:336:313:410:411:379:372:278:297:398:408:357:18:291:407:413:178:464:399:118:283:380:218:331:377:348:400:386:414:400:253:414:356:416:415:416:99:417:353:418:373:351:418:106:330:420:350:434:173:421:417:262:307:212:382:452:424:553:275:402:425:420:303:308:425:427:161:112:410:283:406:553:325:429:254:302:429:329:393:421:10:265:430:194:99:387:280:397:352:285:208:431:427:432:228:420:258:430:433:434:241:434:405:431:234:433:468:406:432:383:410:437:384:438:383:384:439:198:440:440:425:417:441:415:442:15:307:499:450:120:437:523:441:450:399:185:321:381:405:447:447:448:427:265:441:447:445:444:389:413:446:385:422:408:216:452:247:407:523:374:434:436:439:453:411:454:454:275:340:453:455:471:179:427:237:495:465:293:422:455:456:442:288:287:449:187:403:459:448:448:416:454:459:421:59:392:444:236:164:429:463:419:460:606:464:465:143:463:409:421:442:390:369:465:466:280:467:227:143:424:468:466:470:415:436:469:471:418:439:203:343:455:103:370:414:353:452:168:429:472:440:281:378:470:469:475:468:186:569:476:456:449:314:478:422:479:358:481:324:304:301:478:483:475:476:479:481:484:494:444:281:201:432:486:388:485:446:471:460:187:301:59:119:398:467:489:483:556:445:490:182:433:489:348:490:491:491:176:569:426:303:454:11:328:369:498:494:56:347:495:209:491:170:44:328:446:497:496:494:456:369:306:226:486:209:496:325:409:396:301:419:164:500:514:547:590:207:488:333:488:459:476:500:377:438:390:471:415:466:554:251:519:519:508:509:581:154:530:364:510:510:131:475:368:593:508:511:512:498:181:509:364:494:513:512:514:105:483:426:47:431:484:470:93:64:339:387:397:504:215:364:512:459:497:53:373:216:504:419:519:499:283:451:520:381:545:12:334:351:485:520:523:490:313:291:469:405:525:217:511:238:525:590:90:467:463:43:413:333:520:307:581:319:277:529:188:295:294:464:473:127:532:530:263:46:267:276:540:529:452:277:479:462:530:523:528:80:516:322:497:355:95:537:485:445:467:537:92:539:522:539:499:541:249:96:541:534:255:320:528:532:542:543:544:598:542:543:522:425:312:592:496:598:364:388:513:490:544:546:141:426:546:547:465:513:539:499:401:591:152:293:29:545:484:302:394:281:404:495:474:436:451:483:581:175:553:493:514:379:472:555:372:555:544:493:319:547:456:401:374:489:557:548:550:578:197:556:272:601:601:560:561:562:560:546:535:575:575:562:557:560:166:561:411:551:413:537:458:510:535:462:550:566:540:600:492:458:239:568:323:390:568:458:569:498:570:204:590:360:409:440:389:474:566:519:500:603:462:578:574:145:501:566:474:478:574:450:545:576:580:577:576:214:565:577:437:448:551:278:395:508:569:576:579:580:580:509:540:516:579:582:420:583:211:473:570:585:430:30:488:453:586:517:522:437:428:529:457:525:518:528:582:341:73:445:473:578:565:511:591:577:592:428:591:593:593:367:457:586:457:592:343:594:548:424:595:595:80:167:595:518:594:585:474:541:204:576:594:601:391:188:598:9:106:586:583:517:532:585:251:600:542:600:601:602:300:479:603:574:602:481:491:543:534:586:583:30:501:561:48:431:555:451:579:557:311:486:49:525:575:523:582:433:24
474,454,560,0,6428,43:1:2:32:2:4:5:6:7:4:8:63:1:9:10:160:10:12:11:312:12:14:9:8:15:16:20:15:18:19:503:19:81:22:48:36:23:18:14:503:24:4:16:6:25:12:38:26:0:28:131:25:29:29:503:492:45:24:26:31:606:7:33:317:28:33:20:492:23:4:34:32:16:34:312:48:36:312:22:0:37:21:31:492:38:23:39:39:606:215:41:7:42:43:2:38:215:41:33:44:160:20:0:21:47:45:606:49:31:190:10:50:49:44:51:77:34:47:52:51:53:54:55:36:53:32:57:28:48:94:93:42:60:49:61:61:62:120:55:64:65:54:52:62:43:64:93:66:67:1:73:67:68:60:37:69:57:65:233:182:69:22:71:8:60:71:72:56:40:68:29:120:19:74:124:74:65:75:37:43:76:75:77:81:45:78:233:76:72:596:61:80:596:11:82:83:84:56:64:596:70:85:86:85:80:81:86:80:73:87:83:63:69:55:88:89:78:90:88:91:67:91:89:14:70:78:81:88:94:21:95:40:82:31:52:44:55:94:87:95:97:192:40:97:72:21:144:50:136:99:100:101:102:103:82:104:25:103:101:105:106:103:73:107:105:104:108:98:109:108:51:109:39:100:27:15:160:71:107:111:112:113:114:54:159:116:102:110:83:116:94:114:36:107:117:118:68:119:77:70:132:112:58:63:159:121:122:122:119:111:42:90:5:123:113:159:99:124:125:126:118:41:5:124:127:126:128:129:130:29:130:131:122:132:125:133:123:117:133:127:18:126:129:128:34:132:109:19:134:97:135:58:134:137:135:138:109:96:139:127:78:140:141:31:142:84:96:137:130:101:141:142:144:145:136:146:129:91:146:139:27:84:119:147:144:138:121:149:150:147:233:95:151:53:151:123:147:120:125:87:152:153:41:153:145:152:149:100:149:39:154:155:150:50:157:107:156:133:155:47:136:158:154:157:75:158:93:190:142:160:143:146:161:162:163:59:162:161:59:37:143:128:150:140:190:112:167:153:168:169:58:124:169:168:170:89:6:84:131:56:171:172:172:137:156:89:167:171:173:66:174:173:175:174:165:166:17:166:170:536:175:164:11:17:178:536:503:179:180:180:181:181:182:158:183:26:134:184:179:175:185:116:186:186:180:95:187:173:185:184:46:62:139:187:189:220:191:150:24:113:192:90:191:179:193:191:134:105:194:110:138:189:183:67:186:195:194:196:197:220:27:132:197:198:195:199:143:74:184:106:98:155:196:200:166:152:192:181:5:57:183:201:141:138:202:200:51:203:391:199:190:205:205:104:206:46:207:207:208:201:168:203:198:243:209:66:6:211:2:111:172:208:211:110:209:164:212:202:213:194:212:117:536:176:193:167:210:206:170:114:201:137:135:168:20:147:122:161:188:169:213:216:217:217:85:153:55:218:219:360:151:146:92:22:221:220:219:221:165:195:222:223:224:223:224:221:163:222:215:174:156:182:184:225:226:227:218:228:229:228:226:155:218:210:230:123:225:136:231:50:74:224:554:231:212:230:197:102:45:77:98:234:234:235:234:236:221:237:238:154:88:236:199:239:118:208:240:237:554:241:240:241:242:308:239:235:62:27:223:219:63:243:133:243:176:230:242:76:108:227:244:226:245:244:246:222:228:247:248:246:145:235:249:250:247:210:249:252:135:225:253:239:248:229:233:250:252:110:249:209:166:97:17:86:231:240:242:254:255:245:256:257:255:258:185:259:256:254:258:257:260:32:261:360:162:263:264:178:265:259:213:263:261:238:266:259:267:211:254:260:248:265:268:252:268:269:270:264:271:272:243:9:57:193:196:273:269:26:267:227:274:275:276:277:276:275:278:279:272:270:273:274:280:163:282:86:71:38:277:268:284:278:285:239:282:116:286:246:247:149:287:274:286:284:270:266:165:139:266:202:384:289:411:290:260:180:92:300:285:169:292:289:290:271:279:293:108:294:284:206:245:287:295:294:296:121:91:40:292:297:273:298:162:299:300:286:524:288:157:295:302:231:303:300:69:283:297:140:271:293:260:219:98:265:304:305:304:261:205:86:306:292:188:308:302:309:298:305:205:237:295:308:287:296:191:310:311:24:198:311:313:189:314:315:142:316:266:250:313:314:317:306:314:92:298:230:299:253:14:303:111:158:318:289:309:257:238:317:320:321:320:113:299:316:317:315:321:318:322:267:60:323:323:323:203:157:324:325:326:140:68:310:327:319:324:214:104:305:325:288:328:329:285:330:322:294:331:331:332:460:332:334:335:336:337:338:334:339:222:339:321:340:335:460:341:340:338:330:329:342:214:229:342:343:335:282:336:188:235:337:72:326:327:344:345:346:347:269:345:341:348:349:349:85:346:350:348:351:351:343:352:241:255:299:342:310:353:344:1:159:354:349:524:23:350:339:189:352:315:355:355:353:279:356:328:335:65:347:357:356:318:358:357:359:354:354:337:83:327:94:199:361:362:449:311:121:365:361:556:359:355:46:366:367:368:332:360:102:264:365:358:366:252:338:370:371:272:206:368:372:438:373:370:374:25:125:297:375:338:376:404:100:263:273:362:371:8:377:378:245:376:375:377:171:373:333:367:368:378:126:372:52:276:376:311:345:379:380:370:284:381:382:225:106:383:344:554:383:336:384:309:200:296:386:362:524:129:207:359:381:379:322:387:319:333:244:258:388:342:389:213:380:329:42:356:389:382:16:390:310:366:388:390:347:17:274:346:391:385:306:392:393:386:58:394:304:371:395:395:367:280:396:396:229:357:392:256:397:397:320:376:54:316:398:399:400:393:156:163:402:400:403:350:365:391:399:404:251:290:394:405:0:406:326:404:375:406:402:361:28:403:369:407:385:341:408:291:336:313:410:411:379:372:278:297:398:408:357:18:291:407:413:178:464:399:118:283:380:218:331:377:348:400:386:414:400:253:414:356:416:415:416:99:417:353:418:373:351:418:106:330:420:350:434:173:421:417:262:307:212:382:452:424:553:275:402:425:420:303:308:425:427:161:112:410:283:406:553:325:429:254:302:429:329:393:421:10:265:430:194:99:387:280:397:352:285:208:431:427:432:228:420:258:430:433:434:241:434:405:431:234:433:468:406:432:383:410:437:384:438:383:384:439:198:440:440:425:417:441:415:442:15:307:499:450:120:437:523:441:450:399:185:321:381:405:447:447:448:427:265:441:447:445:444:389:413:446:385:422:408:216:452:247:407:523:374:434:436:439:453:411:454:454:275:340:453:455:471:179:427:237:495:465:293:422:455:456:442:288:287:449:187:403:459:448:448:416:454:459:421:59:392:444:236:164:429:463:419:460:606:464:465:143:463:409:421:442:390:369:465:466:280:467:227:143:424:468:466:470:415:436:469:471:418:439:203:343:455:103:370:414:353:452:168:429:472:440:281:378:470:469:475:468:186:569:476:456:449:314:478:422:479:358:481:324:304:301:478:483:475:476:479:481:484:494:444:281:201:432:486:388:485:446:471:460:187:301:59:119:398:467:489:483:556:445:490:182:433:489:348:490:491:491:176:569:426:303:454:11:328:369:498:494:56:347:495:209:491:170:44:328:446:497:496:494:456:369:306:226:486:209:496:325:409:396:301:419:164:500:514:547:590:207:488:333:488:459:476:500:377:438:390:471:415:466:554:251:519:519:508:509:581:154:530:364:510:510:131:475:368:593:508:511:512:498:181:509:364:494:513:512:514:105:483:426:47:431:484:470:93:64:339:387:397:504:215:364:512:459:497:53:373:216:504:419:519:499:283:451:520:381:545:12:334:351:485:520:523:490:313:291:469:405:525:217:511:238:525:590:90:467:463:43:413:333:520:307:581:319:277:529:188:295:294:464:473:127:532:530:263:46:267:276:540:529:452:277:479:462:530:523:528:80:516:322:497:355:95:537:485:445:467:537:92:539:522:539:499:541:249:96:541:534:255:320:528:532:542:543:544:598:542:543:522:425:312:592:496:598:364:388:513:490:544:546:141:426:546:547:465:513:539:499:401:591:152:293:29:545:484:302:394:281:556:495:474:436:451:483:581:175:553:493:514:379:472:555:372:555:544:493:319:547:456:401:374:489:557:548:550:578:197:556:272:601:601:560:561:562:560:546:535:575:575:562:557:560:166:561:411:551:413:537:458:510:535:462:550:566:540:600:492:458:239:568:323:390:568:458:569:498:570:204:590:360:409:440:389:474:566:519:500:603:462:578:574:145:501:566:474:478:574:450:545:576:580:577:576:214:565:577:437:448:551:278:395:508:569:576:579:580:580:509:540:516:579:582:420:583:211:473:570:585:430:30:488:453:586:517:522:437:428:529:457:525:518:528:582:341:73:445:473:578:565:511:591:577:592:428:591:593:593:367:457:586:457:592:343:594:548:424:595:595:80:167:595:518:594:585:474:541:204:576:594:601:391:188:598:9:106:586:583:517:532:585:251:600:542:600:601:602:300:479:603:574:602:481:491:543:534:586:583:30:501:561:48:431:555:451:579:557:311:486:49:525:575:523:582:433:24
477,456,560,0,6427,43:1:2:32:2:4:5:6:7:4:8:63:1:9:10:160:10:12:11:312:12:14:9:8:15:16:20:15:18:19:503:19:81:22:48:36:23:18:14:503:24:4:16:6:25:12:38:26:0:28:131:25:29:29:503:492:45:24:26:31:606:7:33:317:28:33:20:492:23:4:34:32:16:34:312:48:36:312:22:0:37:21:31:492:38:23:39:39:606:215:41:7:42:43:2:38:215:41:33:44:160:20:0:21:47:45:606:49:31:190:10:50:49:44:51:77:34:47:52:51:53:54:55:36:53:32:57:28:48:94:93:42:60:49:61:61:62:120:55:64:65:54:52:62:43:64:93:66:67:1:73:67:68:60:37:69:57:65:233:182:69:22:71:8:60:71:72:56:40:68:29:120:19:74:124:74:65:75:37:43:76:75:77:81:45:78:233:76:72:596:61:80:596:11:82:83:84:56:64:596:70:85:86:85:80:81:86:80:73:87:83:63:69:55:88:89:78:90:88:91:67:91:89:14:70:78:81:88:94:21:95:40:82:31:52:44:55:94:87:95:97:192:40:97:72:21:144:50:136:99:100:101:102:103:82:104:25:103:101:105:106:103:73:107:105:104:108:98:109:108:51:109:39:100:27:15:160:71:107:111:112:113:114:54:159:116:102:110:83:116:94:114:36:107:117:118:68:119:77:70:132:112:58:63:159:121:122:122:119:111:42:90:5:123:113:159:99:124:125:126:118:41:5:124:127:126:128:129:130:29:130:131:122:132:125:133:123:117:133:127:18:126:129:128:34:132:109:19:134:97:135:58:134:137:135:138:109:96:139:127:78:140:141:31:142:84:96:137:130:101:141:142:144:145:136:146:129:91:146:139:27:84:119:147:144:138:121:149:150:147:233:95:151:53:151:123:147:120:125:87:152:153:41:153:145:152:149:100:149:39:154:155:150:50:157:107:156:133:155:47:136:158:154:157:75:158:93:190:142:160:143:146:161:162:163:59:162:161:59:37:143:128:150:140:190:112:167:153:168:169:58:124:169:168:170:89:6:84:131:56:171:172:172:137:156:89:167:171:173:66:174:173:175:174:165:166:17:166:170:536:175:164:11:17:178:536:503:179:180:180:181:181:182:158:183:26:134:184:179:175:185:116:186:186:180:95:187:173:185:184:46:62:139:187:189:220:191:150:24:113:192:90:191:179:193:191:134:105:194:110:138:189:183:67:186:195:194:196:197:220:27:132:197:198:195:199:143:74:184:106:98:155:196:200:166:152:192:181:5:57:183:201:141:138:202:200:51:203:391:199:190:205:205:104:206:46:207:207:208:201:168:203:198:243:209:66:6:211:2:111:172:208:211:110:209:164:212:202:213:194:212:117:536:176:193:167:210:206:170:114:201:137:135:168:20:147:122:161:188:169:213:216:217:217:85:153:55:218:219:360:151:146:92:22:221:220:219:221:165:195:222:223:224:223:224:221:163:222:215:174:156:182:184:225:226:227:218:228:229:228:226:155:218:210:230:123:225:136:231:50:74:224:554:231:212:230:197:102:45:77:98:234:234:235:234:236:221:237:238:154:88:236:199:239:118:208:240:237:554:241:240:241:242:308:239:235:62:27:223:219:63:243:133:243:176:230:242:76:108:227:244:226:245:244:246:222:228:247:248:246:145:235:249:250:247:210:249:252:135:225:253:239:248:229:233:250:252:110:249:209:166:97:17:86:231:240:242:254:255:245:256:257:255:258:185:259:256:254:258:257:260:32:261:360:162:263:264:178:265:259:213:263:261:238:266:259:267:211:254:260:248:265:268:252:268:269:270:264:271:272:243:9:57:193:196:273:269:26:267:227:274:275:276:277:276:275:278:279:272:270:273:274:280:163:282:86:71:38:277:268:284:278:285:239:282:116:286:246:247:149:287:274:286:284:270:266:165:139:266:202:384:289:411:290:260:180:92:300:285:169:292:289:290:271:279:293:108:294:284:206:245:287:295:294:296:121:91:40:292:297:273:298:162:299:300:286:524:288:157:295:302:231:303:300:69:283:297:140:271:293:260:219:98:265:304:305:304:261:205:86:306:292:188:308:302:309:298:305:205:237:295:308:287:296:191:310:311:24:198:311:313:189:314:315:142:316:266:250:313:314:317:306:314:92:298:230:299:253:14:303:111:158:318:289:309:257:238:317:320:321:320:113:299:316:317:315:321:318:322:267:60:323:323:323:203:157:324:325:326:140:68:310:327:319:324:214:104:305:325:288:328:329:285:330:322:294:331:331:332:460:332:334:335:336:337:338:334:339:222:339:321:340:335:460:341:340:338:330:329:342:214:229:342:343:335:282:336:188:235:337:72:326:327:344:345:346:347:269:345:341:348:349:349:85:346:350:348:351:351:343:352:241:255:299:342:310:353:344:1:159:354:349:524:23:350:339:189:352:315:355:355:353:279:356:328:335:65:347:357:356:318:358:357:359:354:354:337:83:327:94:199:361:362:449:311:121:365:361:556:359:355:46:366:367:368:332:360:102:264:365:358:366:252:338:370:371:272:206:368:372:438:373:370:374:25:125:297:375:338:376:404:100:263:273:362:371:8:377:378:245:376:375:377:171:373:333:367:368:378:126:372:52:276:376:311:345:379:380:370:284:381:382:225:106:383:344:554:383:336:384:309:200:296:386:362:524:129:207:359:381:379:322:387:319:333:244:258:388:342:389:213:380:329:42:356:389:382:16:390:310:366:388:390:347:17:274:346:391:385:306:392:393:386:58:394:304:371:395:395:367:280:396:396:229:357:392:256:397:397:320:376:54:316:398:399:400:393:156:163:402:400:403:350:365:391:399:404:251:290:394:405:0:406:326:404:375:406:402:361:28:403:369:407:385:341:408:291:336:313:410:411:379:372:278:297:398:408:357:18:291:407:413:178:464:399:118:283:380:218:331:377:348:400:386:414:400:253:414:356:416:415:416:99:417:353:418:373:351:418:106:330:420:350:434:173:421:417:262:307:212:382:452:424:553:275:402:425:420:303:308:425:427:161:112:410:283:406:553:325:429:254:302:429:329:393:421:10:265:430:194:99:387:280:397:352:285:208:431:427:432:228:420:258:430:433:434:241:434:405:431:234:433:468:406:432:383:410:437:384:438:383:384:439:198:440:440:425:417:441:415:442:15:307:499:450:120:437:523:441:450:399:185:321:381:405:447:447:448:427:265:441:447:445:444:389:413:446:385:422:408:216:452:247:407:523:374:434:436:439:453:411:454:454:275:340:453:455:471:179:427:237:495:465:293:422:455:456:442:288:287:449:187:403:459:448:448:416:454:459:421:59:392:444:236:164:429:463:419:460:606:464:465:143:463:409:421:442:390:369:465:466:280:467:227:143:424:468:466:470:415:436:469:471:418:439:203:343:455:103:370:414:353:452:168:429:472:440:281:378:470:469:475:468:186:569:476:456:449:314:478:422:479:358:481:324:304:301:478:483:475:476:479:481:484:494:444:281:201:432:486:388:485:446:471:460:187:301:59:119:398:467:489:483:556:445:490:182:433:489:348:490:491:491:176:569:426:303:454:11:328:369:498:494:56:347:495:209:491:170:44:328:446:497:496:494:456:369:306:226:486:209:496:325:409:396:301:419:164:500:514:547:590:207:488:333:488:459:476:500:377:438:390:471:415:466:554:251:519:519:508:509:581:154:530:364:510:510:131:475:368:593:508:511:512:498:181:509:364:494:513:512:514:105:483:426:47:431:484:470:93:64:339:387:397:504:215:364:512:459:497:53:373:216:504:419:519:499:283:451:520:381:545:12:334:351:485:520:523:490:313:291:469:405:525:217:511:238:525:590:90:467:463:43:413:333:520:307:581:319:277:529:188:295:294:464:473:127:532:530:263:46:267:276:540:529:452:277:479:462:530:523:528:80:516:322:497:355:95:537:485:445:467:537:92:539:522:539:499:541:249:96:541:534:255:320:528:532:542:543:544:598:542:543:522:425:312:592:496:598:364:388:513:490:544:546:141:426:546:547:465:513:539:499:262:591:152:293:29:545:484:302:394:281:556:495:474:436:451:483:581:175:553:493:514:379:472:555:372:555:544:493:319:547:456:401:374:489:557:548:550:578:197:556:272:601:601:560:561:562:560:546:535:575:575:562:557:560:166:561:411:551:413:537:458:510:535:462:550:566:540:600:492:458:239:568:323:390:568:458:569:498:570:204:590:360:409:440:389:474:566:519:500:603:462:578:574:145:501:566:474:478:574:450:545:576:580:577:576:214:565:577:437:448:551:278:395:508:569:576:579:580:580:509:540:516:579:582:420:583:211:473:570:585:430:30:488:453:586:517:522:437:428:529:457:525:518:528:582:341:73:445:473:578:565:511:591:577:592:428:591:593:593:367:457:586:457:592:343:594:548:424:595:595:80:167:595:518:594:585:474:541:204:576:594:601:391:188:598:9:106:586:583:517:532:585:251:600:542:600:601:602:300:479:603:574:602:481:491:543:534:586:583:30:501:561:48:431:555:451:579:557:311:486:49:525:575:523:582:433:24
482,461,559,0,6425,43:1:2:32:2:4:5:6:7:4:8:63:1:9:10:160:10:12:11:312:12:14:9:8:15:16:20:15:18:19:503:19:81:22:48:36:23:18:14:503:24:4:16:6:25:12:38:26:0:28:131:25:29:29:503:492:45:24:26:31:606:7:33:317:28:33:20:492:23:4:34:32:16:34:312:48:36:312:22:0:37:21:31:492:38:23:39:39:606:215:41:7:42:43:2:38:215:41:33:44:160:20:0:21:47:45:606:49:31:190:10:50:49:44:51:77:34:47:52:51:53:54:55:36:53:32:57:28:48:94:93:42:60:49:61:61:62:120:55:64:65:54:52:62:43:64:93:66:67:1:73:67:68:60:37:69:57:65:233:182:69:22:71:8:60:71:72:56:40:68:29:120:19:74:124:74:65:75:37:43:76:75:77:81:45:78:233:76:72:596:61:80:596:11:82:83:84:56:64:596:70:85:86:85:80:81:86:80:73:87:83:63:69:55:88:89:78:90:88:91:67:91:89:14:70:78:81:88:94:21:95:40:82:31:52:44:55:94:87:95:97:192:40:97:72:21:144:50:136:99:100:101:102:103:82:104:25:103:101:105:106:103:73:107:105:104:108:98:109:108:51:109:39:100:27:15:160:71:107:111:112:113:114:54:159:116:102:110:83:116:94:114:36:107:117:118:68:119:77:70:132:112:58:63:159:121:122:122:119:111:42:90:5:123:113:159:99:124:125:126:118:41:5:124:127:126:128:129:130:29:130:131:122:132:125:133:123:117:133:127:18:126:129:128:34:132:109:19:134:97:135:58:134:137:135:138:109:96:139:127:78:140:141:31:142:84:96:137:130:101:141:142:144:145:136:146:129:91:146:139:27:84:119:147:144:138:121:149:150:147:233:95:151:53:151:123:147:120:125:87:152:153:41:153:145:152:149:100:149:39:154:155:150:50:157:107:156:133:155:47:136:158:154:157:75:158:93:190:142:160:143:146:161:162:163:59:162:161:59:37:143:128:150:140:190:112:167:153:168:169:58:124:169:168:170:89:6:84:131:56:171:172:172:137:156:89:167:171:173:66:174:173:175:174:165:166:17:166:170:536:175:164:11:17:178:536:503:179:180:180:181:181:182:158:183:26:134:184:179:175:185:116:186:186:180:95:187:173:185:184:46:62:139:187:189:220:191:150:24:113:192:90:191:179:193:191:134:105:194:110:138:189:183:67:186:195:194:196:197:220:27:132:197:198:195:199:143:74:184:106:98:155:196:200:166:152:192:181:5:57:183:201:141:138:202:200:51:203:391:199:190:205:205:104:206:46:207:207:208:201:168:203:198:243:209:66:6:211:2:111:172:208:211:110:209:164:212:202:213:194:212:117:536:176:193:167:210:206:170:114:201:137:135:168:20:147:122:161:188:169:213:216:217:217:85:153:55:218:219:360:151:146:92:22:221:220:219:221:165:195:222:223:224:223:224:221:163:222:215:174:156:182:184:225:226:227:218:228:229:228:226:155:218:210:230:123:225:136:231:50:74:224:554:231:212:230:197:102:45:77:98:234:234:235:234:236:221:237:238:154:88:236:199:239:118:208:240:237:554:241:240:241:242:308:239:235:62:27:223:219:63:243:133:243:176:230:242:76:108:227:244:226:245:244:246:222:228:247:248:246:145:235:249:250:247:210:249:252:135:225:253:239:248:229:233:250:252:110:249:209:166:97:17:86:231:240:242:254:255:245:256:257:255:258:185:259:256:254:258:257:260:32:261:360:162:263:264:178:265:259:213:263:261:238:266:259:267:211:254:260:248:265:268:252:268:269:270:264:271:272:243:9:57:193:196:273:269:26:267:227:274:275:276:277:276:275:278:279:272:270:273:274:280:163:282:86:71:38:277:268:284:278:285:239:282:116:286:246:247:149:287:274:286:284:270:266:165:139:266:202:384:289:411:290:260:180:92:300:285:169:292:289:290:271:279:293:108:294:284:206:245:287:295:294:296:121:91:40:292:297:273:298:162:299:300:286:524:288:157:295:302:231:303:300:69:283:297:140:271:293:260:219:98:265:304:305:304:261:205:86:306:292:188:308:302:309:298:305:205:237:295:308:287:296:191:310:311:24:198:311:313:189:314:315:142:316:266:250:313:314:317:306:314:92:298:230:299:253:14:303:111:158:318:289:309:257:238:317:320:321:320:113:299:316:317:315:321:318:322:267:60:323:323:323:203:157:324:325:326:140:68:310:327:319:324:214:104:305:325:288:328:329:285:330:322:294:331:331:332:460:332:334:335:336:337:338:334:339:222:339:321:340:335:460:341:340:338:330:329:342:214:229:342:343:335:282:336:188:235:337:72:326:327:344:345:346:347:269:345:341:348:349:349:85:346:350:348:351:351:343:352:241:255:299:342:310:353:344:1:159:354:349:524:23:350:339:189:352:315:355:355:353:279:356:328:335:65:347:357:356:318:358:357:359:354:354:337:83:327:94:199:361:362:449:311:121:365:361:556:359:355:46:366:367:368:332:360:102:264:365:358:366:252:338:370:371:272:206:368:372:438:373:370:374:25:125:297:375:338:376:404:100:263:273:362:371:8:377:378:245:376:375:377:171:373:333:367:368:378:126:372:52:276:376:311:345:379:380:370:284:381:382:225:106:383:344:554:383:336:384:309:200:296:386:362:524:129:207:359:381:379:322:387:319:333:244:258:388:342:389:213:380:329:42:356:389:382:16:390:310:366:388:390:347:17:274:346:391:385:306:392:393:386:58:394:304:371:395:395:367:280:396:396:229:357:392:256:397:397:320:376:54:316:398:399:400:393:156:163:402:400:403:350:365:391:399:404:251:290:394:405:0:406:326:404:375:406:402:361:28:403:369:407:385:341:408:291:336:313:410:411:379:372:278:297:398:408:357:18:291:407:413:178:464:399:118:283:380:218:331:377:348:400:386:414:400:253:414:356:416:415:416:99:417:353:418:373:351:418:106:330:420:350:434:173:421:417:262:307:212:382:452:424:553:275:402:425:420:303:308:425:427:161:112:410:283:406:553:325:429:254:302:429:329:393:421:10:265:430:194:99:387:280:397:352:285:208:431:427:432:228:420:258:430:433:434:241:434:405:431:234:433:468:406:432:383:410:437:384:438:383:384:439:198:440:440:425:417:441:415:442:15:307:499:450:120:437:523:441:450:399:185:321:381:405:447:447:448:427:265:441:447:445:444:389:413:446:385:422:408:216:452:247:407:523:374:434:436:439:453:411:454:454:275:340:453:455:471:179:427:237:495:465:293:422:455:456:442:288:287:449:187:403:459:448:448:416:454:459:421:59:392:444:236:164:429:463:419:460:606:464:465:143:463:409:421:442:390:369:465:466:280:467:227:143:424:468:466:470:415:436:469:471:418:439:203:343:455:103:370:414:353:452:168:429:472:440:281:378:470:469:475:468:186:569:476:456:449:314:478:422:479:358:481:324:304:301:478:483:475:476:479:481:484:494:444:281:201:432:486:388:485:446:471:460:187:301:59:119:398:467:489:483:556:445:490:182:433:489:348:490:491:491:176:569:426:303:454:11:328:369:498:494:56:347:495:209:491:170:44:328:446:497:496:494:456:369:306:226:486:209:496:325:409:396:301:419:164:500:514:547:590:207:488:333:488:459:476:500:377:438:390:471:415:466:554:251:519:519:508:509:581:154:530:364:510:510:131:475:368:593:508:511:512:498:181:509:364:494:513:512:514:105:483:426:47:431:484:470:93:64:339:387:397:504:215:364:512:459:497:53:373:216:504:419:519:499:283:451:520:381:545:12:334:351:485:520:523:490:313:291:469:405:525:217:511:238:525:590:90:467:463:43:413:333:520:307:581:319:277:529:188:295:294:464:473:127:532:530:263:46:267:276:540:529:452:277:479:462:530:523:528:80:516:322:497:355:95:537:485:445:467:537:92:539:522:539:499:541:249:96:541:534:255:320:528:532:542:543:544:598:542:543:522:425:312:592:496:598:364:388:513:490:544:546:141:426:546:547:465:513:539:499:262:591:152:293:29:545:484:302:394:281:556:495:474:436:451:483:581:175:553:493:514:379:472:555:372:555:544:493:319:547:456:401:374:489:557:548:534:578:197:556:272:601:601:560:561:562:560:546:535:575:575:562:557:560:166:561:411:551:413:537:458:510:535:462:401:566:540:600:492:458:239:568:323:390:568:458:569:498:570:204:590:360:409:440:389:474:566:519:500:603:462:578:574:145:501:566:474:478:574:450:545:576:580:577:576:214:565:577:437:448:551:278:395:508:569:576:579:580:580:509:540:516:579:582:420:583:211:473:570:585:430:30:488:453:586:517:522:437:428:529:457:525:518:528:582:341:73:445:473:578:565:511:591:577:592:428:591:593:593:367:457:586:457:592:343:594:548:424:595:595:80:167:595:518:594:585:474:541:204:576:594:601:391:188:598:9:106:586:583:517:532:585:251:600:542:600:601:602:300:479:603:574:602:481:491:543:251:586:583:30:501:561:48:431:555:451:579:557:311:486:49:525:575:523:582:433:24
485,464,558,0,6423,43:1:2:32:2:4:5:6:7:4:8:63:1:9:10:160:10:12:11:312:12:14:9:8:15:16:20:15:18:19:503:19:81:22:48:36:23:18:14:503:24:4:16:6:25:12:38:26:0:28:131:25:29:29:503:492:45:24:26:31:606:7:33:317:28:33:20:492:23:4:34:32:16:34:312:48:36:312:22:0:37:21:31:492:38:23:39:39:606:215:41:7:42:43:2:38:215:41:33:44:160:20:0:21:47:45:606:49:31:190:10:50:49:44:51:77:34:47:52:51:53:54:55:36:53:32:57:28:48:94:93:42:60:49:61:61:62:120:55:64:65:54:52:62:43:64:93:66:67:1:73:67:68:60:37:69:57:65:233:182:69:22:71:8:60:71:72:56:40:68:29:120:19:74:124:74:65:75:37:43:76:75:77:81:45:78:233:76:72:596:61:80:596:11:82:83:84:56:64:596:70:85:86:85:80:81:86:80:73:87:83:63:69:55:88:89:78:90:88:91:67:91:89:14:70:78:81:88:94:21:95:40:82:31:52:44:55:94:87:95:97:192:40:97:72:21:144:50:136:99:100:101:102:103:82:104:25:103:101:105:106:103:73:107:105:104:108:98:109:108:51:109:39:100:27:15:160:71:107:111:112:113:114:54:159:116:102:110:83:116:94:114:36:107:117:118:68:119:77:70:132:112:58:63:159:121:122:122:119:111:42:90:5:123:113:159:99:124:125:126:118:41:5:124:127:126:128:129:130:29:130:131:122:132:125:133:123:117:133:127:18:126:129:128:34:132:109:19:134:97:135:58:134:137:135:138:109:96:139:127:78:140:141:31:142:84:96:137:130:101:141:142:144:145:136:146:129:91:146:139:27:84:119:147:144:138:121:149:150:147:233:95:151:53:151:123:147:120:125:87:152:153:41:153:145:152:149:100:149:39:154:155:150:50:157:107:156:133:155:47:136:158:154:157:75:158:93:190:142:160:143:146:161:162:163:59:162:161:59:37:143:128:150:140:190:112:167:153:168:169:58:124:169:168:170:89:6:84:131:56:171:172:172:137:156:89:167:171:173:66:174:173:175:174:165:166:17:166:170:536:175:164:11:17:178:536:503:179:180:180:181:181:182:158:183:26:134:184:179:175:185:116:186:186:180:95:187:173:185:184:46:62:139:187:189:220:191:150:24:113:192:90:191:179:193:191:134:105:194:110:138:189:183:67:186:195:194:196:197:220:27:132:197:198:195:199:143:74:184:106:98:155:196:200:166:152:192:181:5:57:183:201:141:138:202:200:51:203:391:199:190:205:205:104:206:46:207:207:208:201:168:203:198:243:209:66:6:211:2:111:172:208:211:110:209:164:212:202:213:194:212:117:536:176:193:167:210:206:170:114:201:137:135:168:20:147:122:161:188:169:213:216:217:217:85:153:55:218:219:360:151:146:92:22:221:220:219:221:165:195:222:223:224:223:224:221:163:222:215:174:156:182:184:225:226:227:218:228:229:228:226:155:218:210:230:123:225:136:231:50:74:224:554:231:212:230:197:102:45:77:98:234:234:235:234:236:221:237:238:154:88:236:199:239:118:208:240:237:554:241:240:241:242:308:239:235:62:27:223:219:63:243:133:243:176:230:242:76:108:227:244:226:245:244:246:222:228:247:248:246:145:235:249:250:247:210:249:252:135:225:253:239:248:229:233:250:252:110:249:209:166:97:17:86:231:240:242:254:255:245:256:257:255:258:185:259:256:254:258:257:260:32:261:360:162:263:264:178:265:259:213:263:261:238:266:259:267:211:254:260:248:265:268:252:268:269:270:264:271:272:243:9:57:193:196:273:269:26:267:227:274:275:276:277:276:275:278:279:272:270:273:274:280:163:282:86:71:38:277:268:284:278:285:239:282:116:286:246:247:149:287:274:286:284:270:266:165:139:266:202:384:289:411:290:260:180:92:300:285:169:292:289:290:271:279:293:108:294:284:206:245:287:295:294:296:121:91:40:292:297:273:298:162:299:300:286:524:288:157:295:302:231:303:300:69:283:297:140:271:293:260:219:98:265:304:305:304:261:205:86:306:292:188:308:302:309:298:305:205:237:295:308:287:296:191:310:311:24:198:311:313:189:314:315:142:316:266:250:313:314:317:306:314:92:298:230:299:253:14:303:111:158:318:289:309:257:238:317:320:321:320:113:299:316:317:315:321:318:322:267:60:323:323:323:203:157:324:325:326:140:68:310:327:319:324:214:104:305:325:288:328:329:285:330:322:294:331:331:332:460:332:334:335:336:337:338:334:339:222:339:321:340:335:460:341:340:338:330:329:342:214:229:342:343:335:282:336:188:235:337:72:326:327:344:345:346:347:269:345:341:348:349:349:85:346:350:348:351:351:343:352:241:255:299:342:310:353:344:1:159:354:349:524:23:350:339:189:352:315:355:355:353:279:356:328:335:65:347:357:356:318:358:357:359:354:354:337:83:327:94:199:361:362:449:311:121:365:361:556:359:355:46:366:367:368:332:360:102:264:365:358:366:252:338:370:371:272:206:368:372:438:373:370:374:25:125:297:375:338:376:404:100:263:273:362:371:8:377:378:245:376:375:377:171:373:333:367:368:378:126:372:52:276:376:311:345:379:380:370:284:381:382:225:106:383:344:554:383:336:384:309:200:296:386:362:524:129:207:359:381:379:322:387:319:333:244:258:388:342:389:213:380:329:42:356:389:382:16:390:310:366:388:390:347:17:274:346:391:385:306:392:393:386:58:394:304:371:395:395:367:280:396:396:229:357:392:256:397:397:320:376:54:316:398:399:400:393:156:163:402:400:403:350:365:391:399:404:251:290:394:405:0:406:326:404:375:406:402:361:28:403:369:407:385:341:408:291:336:313:410:411:379:372:278:297:398:408:357:18:291:407:413:178:464:399:118:283:380:218:331:377:348:400:386:414:400:253:414:356:416:415:416:99:417:353:418:373:351:418:106:330:420:350:434:173:421:417:262:307:212:382:452:424:553:275:402:425:420:303:308:425:427:161:112:410:283:406:553:325:429:254:302:429:329:393:421:10:265:430:194:99:387:280:397:352:285:208:431:427:432:228:420:258:430:433:434:241:434:405:431:234:433:468:406:432:383:410:437:384:438:383:384:439:198:440:440:425:417:441:415:442:15:307:499:450:120:437:523:441:450:399:185:321:381:405:447:447:448:427:265:441:447:445:444:389:413:446:385:422:408:216:452:247:407:523:374:434:436:439:453:411:454:454:275:340:453:455:471:179:427:237:495:465:293:422:455:456:442:288:287:449:187:403:459:448:448:416:454:459:421:59:392:444:236:164:429:463:419:460:606:464:465:143:463:409:421:442:390:369:465:466:280:467:227:143:424:468:466:470:415:436:469:471:418:439:203:343:455:103:370:414:353:452:168:429:472:440:281:378:470:469:475:468:186:569:476:456:449:314:478:422:479:358:481:324:304:301:478:483:475:476:479:481:484:494:444:281:201:432:486:388:485:446:471:460:187:301:59:119:398:467:489:483:556:445:490:182:433:489:348:490:491:491:176:569:426:303:454:11:328:369:498:494:56:347:495:209:491:170:44:328:446:497:496:494:456:369:306:226:486:209:496:325:409:396:301:419:164:500:514:547:590:207:488:333:488:459:476:500:377:438:390:471:415:466:554:251:519:519:508:509:581:154:530:364:510:510:131:449:368:593:508:511:512:498:181:509:364:494:513:512:514:105:483:426:47:431:484:470:93:64:339:387:397:504:215:364:512:459:497:53:373:216:504:419:519:499:283:451:520:381:545:12:334:351:485:520:523:490:313:291:469:405:525:217:511:238:525:590:90:467:463:43:413:333:520:307:581:319:277:529:188:295:294:464:473:127:532:530:263:46:267:276:540:529:452:277:479:462:530:523:528:80:516:322:497:355:95:537:485:445:467:537:92:539:522:539:499:541:249:96:541:534:255:320:528:532:542:543:544:598:542:543:522:425:312:592:496:598:364:388:513:490:544:546:141:426:546:547:465:513:539:499:262:591:152:293:29:545:484:302:394:281:556:495:474:436:451:483:581:175:553:493:514:379:472:555:372:555:544:493:319:547:456:401:374:489:557:548:534:578:197:556:272:601:601:560:561:562:560:546:535:575:575:562:557:560:166:561:411:475:413:537:458:510:535:462:401:566:540:600:492:458:239:568:323:390:568:458:569:498:570:204:590:360:409:440:389:474:566:519:500:603:462:578:574:145:501:566:474:478:574:450:545:576:580:577:576:214:565:577:437:448:592:278:395:508:569:576:579:580:580:509:540:516:579:582:420:583:211:473:570:585:430:30:488:453:586:517:522:437:428:529:457:525:518:528:582:341:73:445:473:578:565:511:591:577:262:428:591:593:593:367:457:586:457:603:343:594:548:424:595:595:80:167:595:518:594:585:474:541:204:576:594:601:391:188:598:9:106:586:583:517:532:585:251:600:542:600:601:602:300:479:603:574:602:481:491:543:251:586:583:30:501:561:48:431:555:451:579:557:311:486:49:525:575:523:582:433:24
497,479,558,0,6421,43:1:2:32:2:4:5:6:7:4:8:63:1:9:10:160:10:12:11:312:12:14:9:8:15:16:20:15:18:19:503:19:81:22:48:36:23:18:14:503:24:4:16:6:25:12:38:26:0:28:131:25:29:29:503:492:45:24:26:31:606:7:33:317:28:33:20:492:23:4:34:32:16:34:312:48:36:312:22:0:37:21:31:492:38:23:39:39:606:215:41:7:42:43:2:38:215:41:33:44:160:20:0:21:47:45:606:49:31:190:10:50:49:44:51:77:34:47:52:51:53:54:55:36:53:32:57:28:48:94:93:42:60:49:61:61:62:120:55:64:65:54:52:62:43:64:93:66:67:1:73:67:68:60:37:69:57:65:233:182:69:22:71:8:60:71:72:56:40:68:29:120:19:74:124:74:65:75:37:43:76:75:77:81:45:78:233:76:72:596:61:80:596:11:82:83:84:56:64:596:70:85:86:85:80:81:86:80:73:87:83:63:69:55:88:89:78:90:88:91:67:91:89:14:70:78:81:88:94:21:95:40:82:31:52:44:55:94:87:95:97:192:40:97:72:21:144:50:136:99:100:101:102:103:82:104:25:103:101:105:106:103:73:107:105:104:108:98:109:108:51:109:39:100:27:15:160:71:107:111:112:113:114:54:159:116:102:110:83:116:94:114:36:107:117:118:68:119:77:70:132:112:58:63:159:121:122:122:119:111:42:90:5:123:113:159:99:124:125:126:118:41:5:124:127:126:128:129:130:29:130:131:122:132:125:133:123:117:133:127:18:126:129:128:34:132:109:19:134:97:135:58:134:137:135:138:109:96:139:127:78:140:141:31:142:84:96:137:130:101:141:142:144:145:136:146:129:91:146:139:27:84:119:147:144:138:121:149:150:147:233:95:151:53:151:123:147:120:125:87:152:153:41:153:145:152:149:100:149:39:154:155:150:50:157:107:156:133:155:47:136:158:154:157:75:158:93:190:142:160:143:146:161:162:163:59:162:161:59:37:143:128:150:140:190:112:167:153:168:169:58:124:169:168:170:89:6:84:131:56:171:172:172:137:156:89:167:171:173:66:174:173:175:174:165:166:17:166:170:536:175:164:11:17:178:536:503:179:180:180:181:181:182:158:183:26:134:184:179:175:185:116:186:186:180:95:187:173:185:184:46:62:139:187:189:220:191:150:24:113:192:90:191:179:193:191:134:105:194:110:138:189:183:67:186:195:194:196:197:220:27:132:197:198:195:199:143:74:184:106:98:155:196:200:166:152:192:181:5:57:183:201:141:138:202:200:51:203:391:199:190:205:205:104:206:46:207:207:208:201:168:203:198:243:209:66:6:211:2:111:172:208:211:110:209:164:212:202:213:194:212:117:536:176:193:167:210:206:170:114:201:137:135:168:20:147:122:161:188:169:213:216:217:217:85:153:55:218:219:360:151:146:92:22:221:220:219:221:165:195:222:223:224:223:224:221:163:222:215:174:156:182:184:225:226:227:218:228:229:228:226:155:218:210:230:123:225:136:231:50:74:224:554:231:212:230:197:102:45:77:98:234:234:235:234:236:221:237:238:154:88:236:199:239:118:208:240:237:554:241:240:241:242:308:239:235:62:27:223:219:63:243:133:243:176:230:242:76:108:227:244:226:245:244:246:222:228:247:248:246:145:235:249:250:247:210:249:252:135:225:253:239:248:229:233:250:252:110:249:209:166:97:17:86:231:240:242:254:255:245:256:257:255:258:185:259:256:254:258:257:260:32:261:360:162:263:264:178:265:259:213:263:261:238:266:259:267:211:254:260:248:265:268:252:268:269:270:264:271:272:243:9:57:193:196:273:269:26:267:227:274:275:276:277:276:275:278:279:272:270:273:274:280:163:282:86:71:38:277:268:284:278:285:239:282:116:286:246:247:149:287:274:286:284:270:266:165:139:266:202:384:289:411:290:260:180:92:300:285:169:292:289:290:271:279:293:108:294:284:206:245:287:295:294:296:121:91:40:292:297:273:298:162:299:300:286:524:288:157:295:302:231:303:300:69:283:297:140:271:293:260:219:98:265:304:305:304:261:205:86:306:292:188:308:302:309:298:305:205:237:295:308:287:296:191:310:311:24:198:311:313:189:314:315:142:316:266:250:313:314:317:306:314:92:298:230:299:253:14:303:111:158:318:289:309:257:238:317:320:321:320:113:299:316:317:315:321:318:322:267:60:323:323:323:203:157:324:325:326:140:68:310:327:319:324:214:104:305:325:288:328:329:285:330:322:294:331:331:332:460:332:334:335:336:337:338:334:339:222:339:321:340:335:460:341:340:338:330:329:342:214:229:342:343:335:282:336:188:235:337:72:326:327:344:345:346:347:269:345:341:348:349:349:85:346:350:348:351:351:343:352:241:255:299:342:310:353:344:1:159:354:349:524:23:350:339:189:352:315:355:355:353:279:356:328:335:65:347:357:356:318:358:357:359:354:354:337:83:327:94:199:361:362:449:311:121:365:361:556:359:355:46:366:367:368:332:360:102:264:365:358:366:252:338:370:371:272:206:368:372:438:373:370:374:25:125:297:375:338:376:404:100:263:273:362:371:8:377:378:245:376:375:377:171:373:333:367:368:378:126:372:52:276:376:311:345:379:380:370:284:381:382:225:106:383:344:554:383:336:384:309:200:296:386:362:524:129:207:359:381:379:322:387:319:333:244:258:388:342:389:213:380:329:42:356:389:382:16:390:310:366:388:390:347:17:274:346:391:385:306:392:393:386:58:394:304:371:395:395:367:280:396:396:229:357:392:256:397:397:320:376:54:316:398:399:400:393:156:163:402:400:403:350:365:391:399:404:251:290:394:405:0:406:326:404:375:406:402:361:28:403:369:407:385:341:408:291:336:313:410:411:379:372:278:297:398:408:357:18:291:407:413:178:464:399:118:283:380:218:331:377:348:400:386:414:400:253:414:356:416:415:416:99:417:353:418:373:351:418:106:330:420:350:434:173:421:417:262:307:212:382:452:424:553:275:402:425:420:303:308:425:66:161:112:410:283:406:553:325:429:254:302:429:329:393:421:10:265:430:194:99:387:280:397:352:285:208:431:427:432:228:420:258:430:433:434:241:434:405:431:234:433:468:406:432:383:410:437:384:438:383:384:439:198:440:440:425:417:441:415:442:15:307:499:450:120:437:523:441:450:399:185:321:381:405:447:447:448:427:265:441:447:445:444:389:413:446:385:422:408:216:452:247:407:523:374:434:436:439:453:411:454:454:275:340:453:455:471:179:427:237:495:465:293:422:455:456:442:288:287:449:187:403:459:448:448:416:454:459:421:59:392:444:236:164:429:463:419:460:606:464:465:143:463:409:421:442:390:369:465:466:280:467:227:143:424:468:466:470:415:436:469:471:418:439:203:343:455:103:370:414:353:452:168:429:472:440:281:378:470:469:475:468:186:569:476:456:449:314:478:422:479:358:481:324:304:301:478:483:475:476:479:481:484:494:444:281:201:432:486:388:485:446:471:460:187:301:59:119:398:467:489:483:556:445:490:182:433:489:348:490:491:491:176:569:426:303:454:11:328:369:498:494:56:347:495:209:491:170:44:328:446:497:496:494:456:369:306:226:486:209:496:325:409:396:301:419:164:500:514:547:590:207:488:333:488:459:476:500:377:438:390:471:415:466:554:251:519:519:508:509:581:154:530:364:510:510:131:449:368:593:508:511:512:498:181:509:364:494:513:512:514:105:483:426:47:431:484:470:93:64:339:387:397:504:215:364:512:459:497:53:373:216:504:419:519:499:283:451:520:381:545:12:334:351:485:520:523:490:313:291:469:405:525:217:511:238:525:590:90:467:463:43:413:333:520:307:581:319:277:529:188:295:294:464:473:127:524:530:263:46:267:276:540:529:452:277:479:462:530:523:528:80:516:322:497:355:95:537:485:445:467:537:92:539:522:539:499:541:249:96:541:534:255:320:528:532:542:543:544:598:542:543:522:425:312:592:496:598:364:388:513:490:544:427:141:426:532:547:465:513:539:499:262:591:152:293:29:545:484:302:394:281:556:495:474:436:451:483:581:175:553:493:514:379:472:555:372:555:544:493:319:547:456:401:374:489:557:548:534:578:197:556:272:601:601:560:561:562:560:546:535:575:575:562:557:560:166:561:411:475:413:537:458:510:535:462:401:566:540:600:492:458:239:568:323:390:568:458:569:498:570:204:590:360:409:440:389:474:566:519:500:603:462:578:574:145:501:566:474:478:574:450:545:576:580:577:576:214:565:577:437:448:592:278:395:508:569:576:579:580:580:509:540:516:579:582:420:583:211:473:570:585:430:30:488:453:586:517:522:437:428:529:457:525:518:528:582:341:73:445:473:578:565:511:591:577:262:428:591:593:593:367:457:586:457:603:343:594:548:424:595:595:80:167:595:518:594:585:474:541:204:576:594:601:391:188:598:9:106:586:583:517:546:585:251:600:542:600:601:602:300:479:603:574:602:481:491:543:251:586:583:30:501:561:48:431:555:451:579:557:311:486:49:525:575:523:582:433:24
551,548,557,0,6420,43:1:2:32:2:4:5:6:7:4:8:63:1:9:10:160:10:12:11:312:12:14:9:8:15:16:20:15:18:19:503:19:81:22:48:36:23:18:14:503:24:4:16:6:25:12:38:26:0:28:131:25:29:29:503:492:45:24:26:31:606:7:33:317:28:33:20:492:23:4:34:32:16:34:312:48:36:312:22:0:37:21:31:492:38:23:39:39:606:215:41:7:42:43:2:38:215:41:33:44:160:20:0:21:47:45:606:49:31:190:10:50:49:44:51:77:34:47:52:51:53:54:55:36:53:32:57:28:48:94:93:42:60:49:61:61:62:120:55:64:65:54:52:62:43:64:93:66:67:1:73:67:68:60:37:69:57:65:233:182:69:22:71:8:60:71:72:56:40:68:29:120:19:74:124:74:65:75:37:43:76:75:77:81:45:78:233:76:72:596:61:80:596:11:82:83:84:56:64:596:70:85:86:85:80:81:86:80:73:87:83:63:69:55:88:89:78:90:88:91:67:91:89:14:70:78:81:88:94:21:95:40:82:31:52:44:55:94:87:95:97:192:40:97:72:21:144:50:136:99:100:101:102:103:82:104:25:103:101:105:106:103:73:107:105:104:108:98:109:108:51:109:39:100:27:15:160:71:107:111:112:113:114:54:159:116:102:110:83:116:94:114:36:107:117:118:68:119:77:70:132:112:58:63:159:121:122:122:119:111:42:90:5:123:113:159:99:124:125:126:118:41:5:124:127:126:128:129:130:29:130:131:122:132:125:133:123:117:133:127:18:126:129:128:34:132:109:19:134:97:135:58:134:137:135:138:109:96:139:127:78:140:141:31:142:84:96:137:130:101:141:142:144:145:136:146:129:91:146:139:27:84:119:147:144:138:121:149:150:147:233:95:151:53:151:123:147:120:125:87:152:153:41:153:145:152:149:100:149:39:154:155:150:50:157:107:156:133:155:47:136:158:154:157:75:158:93:190:142:160:143:146:161:162:163:59:162:161:59:37:143:128:150:140:190:112:167:153:168:169:58:124:169:168:170:89:6:84:131:56:171:172:172:137:156:89:167:171:173:66:174:173:175:174:165:166:17:166:170:536:175:164:11:17:178:536:503:179:180:180:181:181:182:158:183:26:134:184:179:175:185:116:186:186:180:95:187:173:185:184:46:62:139:187:189:220:191:150:24:113:192:90:191:179:193:191:134:105:194:110:138:189:183:67:186:195:194:196:197:312:27:132:197:198:195:199:143:74:184:106:98:155:196:200:166:152:192:181:5:57:183:201:141:138:202:200:51:203:391:199:190:205:205:104:206:46:207:207:208:201:168:203:198:243:209:66:6:211:2:111:172:208:211:110:209:164:212:202:213:194:212:117:536:176:193:167:210:206:170:114:201:137:135:168:20:147:122:161:188:169:213:216:217:217:85:153:55:218:219:360:151:146:92:22:221:220:219:221:165:195:222:223:224:223:224:221:163:222:215:174:156:182:184:225:226:227:218:228:229:228:226:155:218:210:230:123:225:136:231:50:74:224:554:231:212:230:197:102:45:77:98:234:234:235:234:236:221:237:238:154:88:236:199:239:118:208:165:237:554:241:240:241:242:308:239:235:62:27:223:219:63:243:133:243:176:230:242:76:108:227:244:226:245:244:246:222:228:247:248:246:145:235:249:250:247:210:249:252:135:225:253:239:248:229:233:250:252:110:249:209:166:97:17:86:231:240:242:254:255:245:256:257:255:258:185:259:256:254:258:257:260:32:261:360:162:263:264:178:265:259:213:263:261:238:266:259:267:211:254:260:248:265:268:252:268:269:270:264:271:272:243:9:57:193:196:273:269:26:267:227:274:275:276:277:276:275:278:279:272:270:273:274:280:163:282:86:71:38:277:268:284:278:285:239:282:116:286:246:247:149:287:274:286:284:270:266:220:139:266:202:384:289:411:290:260:180:92:300:285:169:292:289:290:271:279:293:108:294:284:206:245:287:295:294:296:121:91:40:292:297:273:298:162:299:300:286:524:288:157:295:302:231:303:300:69:283:297:140:271:293:260:219:98:265:304:305:304:261:205:86:306:292:188:308:302:309:298:305:205:237:295:308:287:296:191:310:311:24:198:311:313:189:314:315:142:316:266:250:313:314:317:306:314:92:298:230:299:253:14:303:111:158:318:289:309:257:238:317:320:321:320:113:299:318:317:315:321:198:322:267:60:323:323:323:203:157:324:325:326:140:68:310:316:319:324:214:104:305:325:288:328:329:285:330:322:294:331:331:332:460:332:334:335:336:337:338:334:339:222:339:321:340:335:460:341:340:338:330:329:342:214:229:342:343:335:282:336:188:235:337:72:326:240:344:345:346:347:269:345:341:348:349:349:85:346:350:348:351:351:343:352:241:255:299:342:310:353:344:1:159:354:349:524:23:350:339:189:352:315:355:355:353:279:356:328:335:65:347:357:356:318:358:357:359:354:354:337:83:595:94:199:361:362:449:311:121:365:361:556:359:355:46:366:367:368:332:360:102:264:365:358:366:252:338:370:371:272:206:368:372:438:373:370:374:25:125:297:375:338:376:404:100:263:273:362:371:8:377:378:245:376:375:377:171:373:333:367:368:378:126:372:52:276:376:311:345:379:380:370:284:381:382:225:106:383:344:554:383:336:384:309:200:296:386:362:524:129:207:359:381:379:322:387:319:333:244:258:388:342:389:213:380:329:42:356:389:382:16:390:310:366:388:390:347:17:274:346:391:385:306:392:393:386:58:394:304:371:395:395:367:280:396:396:229:357:392:256:397:397:320:376:54:316:398:399:400:393:156:163:402:400:403:350:365:391:399:404:251:290:394:405:0:406:326:404:375:406:402:361:28:403:369:407:385:341:408:291:336:313:410:411:379:372:278:297:398:408:357:18:291:407:413:178:464:399:118:283:380:218:331:377:348:400:386:414:400:253:414:356:416:415:416:99:417:353:418:373:351:418:106:330:420:350:434:173:421:417:262:307:212:382:452:424:553:275:402:425:420:303:308:425:66:161:112:410:283:406:553:325:429:254:302:429:329:393:421:10:265:430:194:99:387:280:397:352:285:208:431:427:432:228:420:258:430:433:434:241:434:405:431:234:433:468:406:432:383:410:437:384:438:383:384:439:198:440:440:425:417:441:415:442:15:307:499:450:120:437:523:441:450:399:185:321:381:405:447:447:448:427:265:441:447:445:444:389:413:446:385:422:408:216:452:247:407:523:374:434:436:439:453:411:454:454:275:340:453:455:471:179:427:237:495:465:293:422:455:456:442:288:287:449:187:403:459:448:448:416:454:459:421:59:392:444:236:164:429:463:419:460:606:464:465:143:463:409:421:442:390:369:465:466:280:467:227:143:424:468:466:470:415:436:469:471:418:439:203:343:455:103:370:414:353:452:168:429:472:440:281:378:470:469:475:468:186:569:476:456:449:314:478:422:479:358:481:324:304:301:478:483:475:476:479:481:484:494:444:281:201:432:486:388:485:446:471:460:187:301:59:119:398:467:489:483:556:445:490:182:433:489:348:490:491:491:176:569:426:303:454:11:328:369:498:494:56:347:495:209:491:170:44:328:446:497:496:494:456:369:306:226:486:209:496:325:409:396:301:419:164:500:514:547:590:207:488:333:488:459:476:500:377:438:390:471:415:466:554:251:519:519:508:509:581:154:530:364:510:510:131:449:368:593:508:511:512:498:181:509:364:494:513:512:514:105:483:426:426:431:484:470:93:64:339:387:397:504:215:364:512:459:497:545:373:216:504:419:519:499:283:451:520:381:545:12:334:351:485:520:523:490:313:291:469:405:525:217:511:238:525:590:90:467:463:43:413:333:520:307:581:319:277:529:188:295:294:464:473:127:524:530:263:46:267:276:540:529:452:277:479:462:530:523:528:80:516:322:497:355:95:537:485:445:467:537:92:539:522:539:499:541:249:96:541:534:255:320:528:532:542:543:544:598:542:543:522:425:516:592:496:598:364:388:513:490:544:427:141:426:532:547:465:513:539:499:262:591:152:293:29:545:484:302:394:281:556:495:474:436:451:483:581:175:553:493:514:379:472:555:372:555:544:493:319:547:456:401:374:489:557:548:534:578:197:556:272:601:601:560:561:562:560:546:535:575:575:562:557:560:166:561:411:475:413:537:458:510:535:462:401:566:540:600:492:458:239:568:323:390:568:458:569:498:570:204:590:360:409:440:389:474:566:519:500:603:462:578:574:145:501:566:474:478:574:450:545:576:580:577:576:214:565:577:437:448:592:278:395:508:569:576:579:580:580:509:540:546:579:582:420:583:211:473:570:585:430:30:488:453:586:517:522:437:428:529:457:525:518:528:582:341:73:445:473:578:565:511:591:577:262:428:591:593:593:367:457:586:457:603:343:594:548:424:595:595:80:167:595:518:594:585:474:541:204:576:594:601:391:188:598:9:106:586:583:517:546:585:251:600:542:600:601:602:300:479:603:574:602:481:491:543:251:586:583:30:501:561:48:431:555:451:579:557:311:486:49:525:575:523:582:433:24
557,555,557,0,6418,43:1:2:32:2:4:5:6:7:4:8:63:1:9:10:160:10:12:11:312:12:14:9:8:15:16:20:15:18:19:503:19:81:22:48:36:23:18:14:503:24:4:16:6:25:12:38:26:0:28:131:25:29:29:503:492:45:24:26:31:606:7:33:317:28:33:20:492:23:4:34:32:16:34:312:48:36:312:22:0:37:21:31:492:38:606:39:39:606:215:41:7:42:43:2:38:215:41:33:44:160:20:0:21:47:45:606:49:31:190:10:50:49:44:51:77:34:47:52:51:53:54:55:36:53:32:57:28:48:94:93:42:60:49:61:61:62:120:55:64:65:54:52:62:43:64:93:66:67:1:73:67:68:60:37:69:57:65:233:182:69:22:71:8:60:71:72:56:40:68:29:120:19:74:124:74:65:75:37:43:76:75:77:81:45:78:233:76:72:596:61:80:596:11:82:83:84:56:64:596:70:85:86:85:80:81:86:80:73:87:83:63:69:55:88:89:78:90:88:91:67:91:89:14:70:78:81:88:94:21:95:40:82:31:52:44:55:94:87:95:97:192:40:97:72:21:144:50:136:99:100:101:102:103:82:104:25:103:101:105:106:103:73:107:105:104:108:98:109:108:51:109:39:100:27:15:160:71:107:111:112:113:114:54:159:116:102:110:83:116:94:114:36:107:117:118:68:119:77:70:132:112:58:63:159:121:122:122:119:111:42:90:5:123:113:159:99:124:125:126:118:41:5:124:127:126:128:129:130:29:130:131:122:132:125:133:123:117:133:127:18:126:129:128:34:132:109:19:134:97:135:58:134:137:135:138:109:96:139:127:78:140:141:31:142:84:96:137:130:101:141:142:144:145:136:146:129:91:146:139:27:84:119:147:144:138:121:149:150:147:233:95:151:53:151:123:147:120:125:87:152:153:41:153:145:152:149:100:149:39:154:155:150:50:157:107:156:133:155:47:136:158:154:157:75:158:93:190:142:160:143:146:161:162:163:59:162:161:59:37:143:128:150:140:190:112:167:153:168:169:58:124:169:168:170:89:6:84:131:56:171:172:172:137:156:89:167:171:173:66:174:173:175:174:165:166:17:166:170:536:175:164:11:17:178:536:503:179:180:180:181:181:182:158:183:26:134:184:179:175:185:116:186:186:180:95:187:173:185:184:46:62:139:187:189:220:191:150:24:113:192:90:191:179:193:191:134:105:194:110:138:189:183:67:186:195:194:196:197:312:27:132:197:198:195:199:143:74:184:106:98:155:196:200:166:152:192:181:5:57:183:201:141:138:202:200:51:203:391:199:190:205:205:104:206:46:207:207:208:201:168:203:198:243:209:66:6:211:2:111:172:208:211:110:209:164:212:202:213:194:212:117:536:176:193:167:210:206:170:114:201:137:135:168:20:147:122:161:188:169:213:216:217:217:85:153:55:218:219:360:151:146:92:22:221:220:219:221:165:195:222:223:224:223:224:221:163:222:215:174:156:182:184:225:226:227:218:228:229:228:226:155:218:210:230:123:225:136:231:50:74:224:554:231:212:230:197:102:45:77:98:234:234:235:234:236:221:237:238:154:88:236:199:239:118:208:165:237:554:241:240:241:242:308:239:235:62:27:223:219:63:243:133:243:176:230:242:76:108:227:244:226:245:244:246:222:228:247:248:246:145:235:249:250:247:210:249:252:135:225:253:239:248:229:233:250:252:110:249:209:166:97:17:86:231:240:242:254:255:245:256:257:255:258:185:259:256:254:258:257:260:32:261:360:162:263:264:178:265:259:213:263:261:238:266:259:267:211:254:260:248:265:268:252:268:269:270:264:271:272:243:9:57:193:196:273:269:26:267:227:274:275:276:277:276:275:278:279:272:270:273:274:280:163:282:86:71:38:277:268:284:278:285:239:282:116:286:246:247:149:287:274:286:284:270:266:220:139:266:202:384:289:411:290:260:180:92:300:285:169:292:289:290:271:279:293:108:294:284:206:245:287:295:294:296:121:91:40:292:297:273:298:162:299:300:286:524:288:157:295:302:231:303:300:69:283:297:140:271:293:260:219:98:265:304:305:304:261:205:86:306:292:188:308:302:309:298:305:205:237:295:308:287:296:191:310:311:24:198:311:313:189:314:315:142:316:266:250:313:314:317:306:314:92:298:230:299:253:14:303:111:158:318:289:309:257:238:317:320:321:320:113:299:318:317:315:321:198:322:267:60:323:323:323:203:157:324:325:326:140:68:310:316:319:324:214:104:305:325:288:328:329:285:330:322:294:331:331:332:460:332:334:335:336:337:338:334:339:222:339:321:340:335:460:341:340:338:330:329:342:214:229:342:343:335:282:336:188:235:337:72:326:240:344:345:346:347:269:345:341:348:349:349:85:346:350:348:351:351:343:352:241:255:299:342:310:353:344:1:159:354:349:524:23:350:339:189:352:315:355:355:353:279:356:328:335:65:347:357:356:318:358:357:359:354:354:337:83:595:94:199:361:362:449:311:121:365:361:556:359:355:46:366:367:368:332:360:102:264:365:358:366:252:338:370:371:272:206:368:372:438:373:370:374:25:125:297:375:338:376:404:100:263:273:362:371:8:377:378:245:376:375:377:171:373:333:367:368:378:126:372:52:276:376:311:345:379:380:370:284:215:382:225:106:383:344:554:383:336:384:309:200:296:386:362:524:129:207:359:200:379:322:387:319:333:244:258:388:342:389:213:380:329:42:356:389:382:16:390:310:366:388:390:347:17:274:346:391:385:306:392:393:386:58:394:304:371:395:395:367:280:396:396:229:357:392:256:397:397:320:376:54:316:398:399:400:393:156:163:402:400:403:350:365:391:399:404:251:290:394:405:0:406:326:404:375:406:402:361:28:403:369:407:385:341:408:291:336:313:410:411:379:372:278:297:398:408:357:18:291:407:413:178:464:399:118:283:380:218:331:377:348:400:386:414:400:253:414:356:416:415:416:99:417:353:418:373:351:418:106:330:420:350:434:173:421:417:262:307:212:382:452:424:553:275:402:425:420:303:308:425:66:161:112:410:283:406:553:325:429:254:302:429:329:393:421:10:265:430:194:99:387:280:397:352:285:208:431:427:432:228:420:258:430:433:434:241:434:405:431:234:433:468:406:432:383:410:437:384:438:383:384:439:198:440:440:425:417:441:415:442:15:307:499:450:120:437:523:441:450:399:185:321:381:405:447:447:448:427:265:441:447:445:444:389:413:446:385:422:408:216:452:247:407:523:374:434:436:439:453:411:454:454:275:340:453:455:471:179:427:237:495:465:293:422:455:456:442:288:287:449:187:403:459:448:448:416:454:459:421:59:392:444:236:164:429:463:419:460:381:464:465:143:463:409:421:442:390:369:465:466:280:467:227:143:424:468:466:470:415:436:469:471:418:439:203:343:455:103:370:414:353:452:168:429:472:440:281:378:470:469:475:468:186:569:476:456:449:314:478:422:479:358:481:324:304:301:478:483:475:476:479:481:484:494:444:281:201:432:486:388:485:446:471:460:187:301:59:119:398:467:489:483:556:445:490:182:433:489:348:490:491:491:176:569:426:303:454:11:328:369:498:494:56:347:495:209:491:170:44:328:446:497:496:494:456:369:306:226:486:209:496:325:409:396:301:419:164:500:514:547:590:207:488:333:488:459:476:500:377:438:390:471:415:466:554:251:519:519:508:509:581:154:530:364:510:510:131:449:368:593:508:511:512:498:181:509:364:494:513:512:514:105:483:426:426:431:484:470:93:64:339:387:397:504:215:364:512:459:497:545:373:216:504:419:519:499:283:451:520:381:545:12:334:351:485:520:523:490:313:291:469:405:525:217:511:238:525:590:90:467:463:43:413:333:520:307:581:319:277:529:188:295:294:464:473:127:524:530:263:46:267:276:540:529:452:277:479:462:530:523:528:80:516:322:497:355:95:537:485:445:467:537:92:539:522:539:499:541:249:96:541:534:255:320:528:532:542:543:544:598:542:543:522:425:516:592:496:598:364:388:513:490:544:427:141:426:532:547:465:513:539:499:262:591:152:293:29:545:484:302:394:281:556:495:474:436:451:483:581:175:553:493:514:379:472:555:372:555:544:493:319:547:456:401:374:489:557:548:534:578:197:556:272:601:601:560:561:562:560:546:535:575:575:562:557:560:166:561:411:475:413:537:458:510:535:462:401:566:540:600:492:458:239:568:323:390:568:458:569:498:570:204:590:360:409:440:389:474:566:519:500:603:462:578:574:145:501:566:474:478:574:450:545:576:580:577:576:214:565:577:437:448:592:278:395:508:569:576:579:580:580:509:540:546:579:582:420:583:211:473:570:585:430:30:488:453:586:517:522:437:428:529:457:525:518:528:582:341:73:445:473:578:565:511:591:577:262:428:591:593:593:367:457:586:457:603:343:594:548:424:595:595:80:167:595:518:594:585:474:541:204:576:594:601:391:188:598:9:106:586:583:517:546:585:251:600:542:600:601:602:300:479:603:574:602:481:491:543:251:586:583:30:501:561:48:431:555:451:579:557:311:486:49:525:575:523:582:433:24
599,609,556,0,6417,43:1:2:32:2:4:245:6:7:4:8:63:1:9:10:160:10:12:11:312:12:14:9:8:15:16:20:15:18:19:503:19:81:22:48:36:23:18:14:503:24:4:16:6:25:12:38:26:0:28:131:25:29:29:503:492:45:24:26:31:606:7:33:317:28:33:20:492:23:4:34:32:16:34:312:48:36:312:22:0:37:21:31:492:38:23:39:39:606:215:41:7:42:43:2:38:215:41:33:44:160:20:0:21:47:45:606:49:31:190:10:50:49:44:51:77:34:47:52:51:53:54:55:36:53:32:57:28:48:94:93:42:60:49:61:61:62:120:55:64:65:54:52:62:43:64:93:66:67:1:73:67:68:60:37:69:57:65:322:182:69:22:71:8:60:71:72:56:40:68:29:120:19:74:124:74:65:75:37:43:76:75:77:81:45:78:233:76:72:596:61:80:596:11:82:83:84:56:64:596:70:85:86:85:80:233:86:80:73:87:83:63:69:55:88:89:78:90:88:91:67:91:89:14:70:78:81:88:94:21:95:40:82:31:52:44:55:94:87:95:97:192:40:97:72:21:144:50:136:99:100:101:102:103:82:104:25:103:101:105:106:103:73:107:105:104:108:98:109:108:51:109:39:100:27:15:160:71:107:111:112:113:114:54:159:116:102:110:83:116:94:114:36:107:117:118:68:119:77:70:132:112:58:63:159:121:122:122:119:111:42:90:5:123:113:159:606:124:125:126:118:41:5:124:127:126:128:129:130:29:130:131:122:132:125:133:123:117:133:127:18:126:129:128:34:132:109:19:134:97:135:58:134:137:135:138:109:96:139:127:78:140:141:31:142:84:96:137:130:101:141:142:144:145:136:146:129:91:146:139:27:84:119:147:5:138:121:149:150:147:233:95:151:53:151:123:147:120:125:87:152:153:41:153:145:152:149:100:149:39:154:155:150:50:157:107:156:133:155:47:136:158:154:157:75:158:93:190:142:160:143:146:161:162:163:59:162:161:59:37:143:128:150:140:190:112:167:153:168:169:58:124:169:168:170:89:6:84:131:56:171:172:172:137:156:89:167:171:173:66:174:173:175:174:165:166:17:166:170:536:175:164:11:17:178:536:503:179:180:180:181:181:182:158:183:26:134:184:179:175:185:116:186:186:180:95:187:173:185:184:46:62:139:187:189:220:191:150:24:113:192:90:191:179:193:191:134:105:194:110:138:189:183:67:186:195:194:196:197:312:27:132:197:198:195:199:143:74:184:106:98:155:196:200:166:152:192:181:5:57:183:201:141:138:202:200:51:203:391:199:190:205:205:104:206:46:207:207:208:201:168:203:198:243:209:66:6:211:2:111:172:208:211:110:209:164:212:202:213:194:212:117:536:176:193:167:210:206:170:114:201:137:135:168:20:147:122:161:188:169:213:216:144:217:85:153:55:218:219:360:151:146:92:22:221:220:219:221:165:195:222:223:224:223:224:221:163:222:215:174:156:182:184:225:226:227:218:228:229:228:226:155:218:210:230:123:225:136:231:50:74:224:554:231:212:230:197:102:45:77:98:234:234:235:234:236:221:237:238:154:88:236:199:239:118:208:165:237:554:241:240:241:242:308:239:235:62:27:223:219:63:243:133:243:176:230:242:76:108:227:244:226:245:217:246:222:228:247:248:246:145:235:249:250:247:210:249:252:135:225:253:239:248:229:233:250:252:110:249:209:166:97:17:86:231:240:242:254:255:99:256:257:255:258:185:259:256:254:258:257:260:32:261:360:162:263:264:178:265:259:213:263:261:238:266:259:267:211:254:260:248:265:268:252:268:269:244:264:271:272:243:9:57:193:196:273:269:26:267:227:274:275:276:277:276:275:278:279:272:81:273:274:280:163:282:86:71:38:277:268:284:278:285:239:282:116:286:246:247:149:287:274:286:284:220:266:220:139:266:202:384:289:411:290:260:180:92:300:285:169:292:289:290:271:279:293:108:294:284:206:245:287:295:294:296:121:91:40:292:297:273:298:162:299:300:286:524:288:157:295:302:231:303:300:69:283:297:140:271:293:260:219:98:265:304:305:304:261:205:86:306:292:188:308:302:309:298:305:205:237:295:308:287:296:191:310:311:24:198:311:313:189:314:315:142:316:266:250:313:314:317:306:314:92:298:230:299:253:14:303:111:158:318:289:309:257:238:317:320:321:320:113:299:318:317:315:321:198:322:267:60:323:323:323:203:157:324:325:326:140:68:310:316:319:324:214:104:305:325:288:328:329:285:330:244:294:331:331:332:460:332:334:335:336:337:338:334:339:222:339:321:340:335:460:341:340:338:330:329:342:214:229:342:343:335:282:336:188:235:337:72:326:240:344:345:346:347:269:345:341:348:349:349:85:346:350:348:351:351:343:352:241:255:299:342:310:353:344:1:159:354:349:524:23:350:339:189:352:315:355:355:353:279:356:328:335:65:347:357:356:318:358:357:359:354:354:337:83:595:94:199:361:362:449:311:121:365:361:556:359:355:46:366:367:368:332:360:102:264:365:358:366:252:338:370:371:272:206:368:372:438:373:370:374:25:125:297:375:338:376:404:100:263:273:362:371:8:377:378:245:376:375:377:171:373:333:367:368:378:126:372:52:276:376:311:345:379:380:370:284:215:382:225:106:383:344:554:383:336:384:309:200:296:386:362:524:129:207:359:200:379:244:387:319:333:200:258:388:342:389:213:380:329:42:356:389:382:16:390:310:366:388:390:347:17:274:346:391:385:306:392:393:386:58:394:304:371:395:395:367:280:396:396:229:357:392:256:397:397:320:376:54:316:398:399:400:393:156:163:402:400:403:350:365:391:399:404:251:290:394:405:0:406:326:404:375:406:402:361:28:403:369:407:385:341:408:291:336:313:410:411:379:372:278:297:398:408:357:18:291:407:413:178:464:399:118:283:380:218:331:377:348:400:386:414:400:253:414:356:416:415:416:99:417:353:418:373:351:418:106:330:420:350:434:173:421:417:262:307:212:382:452:424:553:275:402:425:420:303:308:425:66:161:112:410:283:406:553:325:429:254:302:429:329:393:421:10:265:430:194:99:387:280:397:352:285:208:431:427:432:228:420:258:430:433:434:241:434:405:431:234:433:468:406:432:383:410:437:384:438:383:384:439:198:440:440:425:417:441:415:442:15:307:499:450:120:437:523:441:450:399:185:321:381:405:447:447:448:427:265:441:447:445:444:389:413:446:385:422:408:216:452:247:407:523:374:434:436:439:453:411:454:454:275:340:453:455:471:179:427:237:495:465:293:422:455:456:442:288:287:449:187:403:459:448:448:416:454:459:421:59:392:444:236:164:429:463:419:460:381:464:465:143:463:409:421:442:390:369:465:466:280:467:227:143:424:468:466:470:415:436:469:471:418:439:203:343:455:103:370:414:353:452:168:429:472:440:281:378:470:469:475:468:186:569:476:456:449:314:478:422:479:358:481:324:304:301:478:483:475:476:479:481:484:494:444:281:201:432:486:388:485:446:471:460:187:301:59:119:398:467:489:483:556:445:490:182:433:489:348:490:491:491:176:569:426:303:454:11:328:369:498:494:56:347:495:209:491:170:44:328:446:497:496:494:456:369:306:226:486:209:496:325:409:396:301:419:164:500:514:547:590:207:488:333:488:459:476:500:377:438:390:471:415:466:554:251:519:519:508:509:581:154:530:364:510:510:131:449:368:593:508:511:512:498:181:509:364:494:513:512:514:105:483:426:426:431:484:470:93:64:339:387:397:504:215:364:512:459:497:545:373:216:504:419:519:499:283:451:520:381:545:12:334:351:485:520:523:490:313:291:469:405:525:217:511:238:525:590:90:467:463:43:413:333:520:307:581:319:277:529:188:295:294:464:473:127:524:530:263:46:267:276:540:529:452:277:479:462:530:523:528:80:516:593:497:355:95:537:485:445:467:537:92:539:522:539:499:541:249:96:541:534:255:320:528:532:542:543:544:598:542:543:522:425:516:592:496:598:364:388:513:490:544:427:141:426:532:547:465:513:539:499:262:591:152:293:29:545:484:302:394:281:556:495:474:436:451:483:581:175:553:493:514:379:472:555:372:555:544:493:319:547:456:401:374:489:557:548:534:578:197:556:272:601:601:560:561:562:560:546:535:575:575:562:557:560:166:561:411:475:413:537:458:510:535:462:401:566:540:600:492:458:239:568:323:390:568:458:569:498:570:204:590:360:409:440:389:474:566:519:500:603:462:578:574:145:501:566:474:478:574:450:545:576:580:577:576:214:565:577:437:448:592:278:395:508:569:576:579:580:580:509:540:546:579:582:420:583:211:473:570:270:430:30:488:453:586:517:522:437:428:529:457:525:518:528:582:341:73:445:473:578:565:511:591:577:262:428:591:593:593:367:457:586:457:603:343:594:548:424:595:595:80:167:595:518:594:270:474:541:204:576:594:601:391:188:598:9:106:586:583:517:546:270:251:600:542:600:601:602:300:479:603:574:602:481:491:543:251:586:583:30:501:561:48:431:555:451:579:557:311:486:49:525:575:523:582:433:24
607,618,556,0,6416,43:1:2:32:2:4:245:6:7:4:8:63:1:9:10:160:10:12:322:312:12:14:9:8:15:16:20:15:18:19:503:19:81:22:48:36:23:18:14:503:24:4:16:6:25:12:38:26:0:28:131:25:29:29:503:492:45:24:26:31:606:7:33:317:28:33:20:492:23:4:34:32:16:34:312:48:36:312:22:0:37:21:31:492:38:23:39:39:606:215:41:7:42:43:2:38:215:41:33:44:160:20:0:21:47:45:606:49:31:190:10:50:49:44:51:77:34:47:52:51:53:54:55:36:53:32:57:28:48:94:93:42:60:49:61:61:62:120:55:64:65:54:52:62:43:64:93:66:67:1:73:67:68:60:37:69:57:65:322:182:69:22:71:8:60:71:72:56:40:68:29:120:19:74:124:74:65:75:37:43:76:75:77:81:45:78:233:76:72:596:61:80:596:11:82:83:84:56:64:596:70:85:86:85:80:233:86:80:73:87:83:63:69:55:88:89:78:90:88:91:67:91:89:14:70:78:81:88:94:21:95:40:82:31:52:44:55:94:87:95:97:192:40:97:72:21:144:50:136:99:100:101:102:103:82:104:25:103:101:105:106:103:73:107:105:104:108:98:109:108:51:109:39:100:27:15:160:71:107:111:112:113:114:54:159:116:102:110:83:116:94:114:36:107:117:118:68:119:77:70:132:112:58:63:159:121:122:122:119:111:42:90:5:123:113:159:606:124:125:126:118:41:5:124:127:126:128:129:130:29:130:131:122:132:125:133:123:117:133:127:18:126:129:128:34:132:109:19:134:97:135:58:134:137:135:138:109:96:139:127:78:140:141:31:142:84:96:137:130:101:141:142:144:145:136:146:129:91:146:139:27:84:119:147:5:138:121:149:150:147:233:95:151:53:151:123:147:120:125:87:152:153:41:153:145:152:149:100:149:39:154:155:150:50:157:107:156:133:155:47:136:158:154:157:75:158:93:190:142:160:143:146:161:162:163:59:162:161:59:37:143:128:150:140:190:112:167:153:168:169:58:124:169:168:170:89:6:84:131:56:171:172:172:137:156:89:167:171:173:66:174:173:175:174:165:166:17:166:170:536:175:164:11:17:178:536:503:179:180:180:181:181:182:158:183:26:134:184:179:175:185:116:186:186:180:95:187:173:185:184:46:62:139:187:189:220:191:150:24:113:192:90:191:179:193:191:134:105:194:110:138:189:183:67:186:195:194:196:197:312:27:132:197:198:195:199:143:74:184:106:98:155:196:200:166:152:192:181:5:57:183:201:141:138:202:200:51:203:391:199:190:205:205:104:206:46:207:207:208:201:168:203:198:243:209:66:6:211:2:111:172:208:211:110:209:164:212:202:213:194:212:117:536:176:193:167:210:206:170:114:201:137:135:168:20:147:122:161:188:169:213:216:144:217:85:153:55:218:219:360:151:146:92:22:221:220:219:221:165:195:222:223:224:223:224:221:163:222:215:174:156:182:184:225:226:227:218:228:229:228:226:155:218:210:230:123:225:136:231:50:74:224:554:231:212:230:197:102:45:77:98:234:234:235:234:236:221:237:238:154:88:236:199:239:118:208:165:237:554:241:240:241:242:308:239:235:62:27:223:219:63:243:133:243:176:230:242:76:108:227:244:226:245:217:246:222:228:247:248:246:145:235:249:250:247:210:249:252:135:225:253:239:248:229:233:250:252:110:249:209:166:97:17:86:231:240:242:254:255:99:256:257:255:258:185:259:256:254:258:257:260:32:261:360:162:263:264:178:265:259:213:263:261:238:266:259:267:211:254:260:248:265:268:252:268:269:244:264:271:272:243:9:57:193:196:273:269:26:267:227:274:275:276:277:276:275:278:279:272:81:273:274:280:163:282:86:71:38:277:268:284:278:285:239:282:116:286:246:247:149:287:274:286:284:220:266:220:139:266:202:384:289:411:290:260:180:92:300:285:169:292:289:290:271:279:293:108:294:284:206:245:287:295:294:296:121:91:40:292:297:273:298:162:299:300:286:524:288:157:295:302:231:303:300:69:283:297:140:271:293:260:219:98:265:304:305:304:261:205:86:306:292:188:308:302:309:298:305:205:237:295:308:287:296:191:310:311:24:198:311:313:189:314:315:142:316:266:250:313:314:317:306:314:92:298:230:299:253:14:303:111:158:318:289:309:257:238:317:320:321:320:113:299:318:317:315:321:198:322:267:60:323:323:323:203:157:324:325:326:140:68:310:316:319:324:214:104:305:325:288:328:329:285:330:244:294:331:331:332:460:332:334:335:336:337:338:334:339:222:339:321:340:335:460:341:340:338:330:329:342:214:229:342:343:335:282:336:188:235:337:72:326:240:344:345:346:347:269:345:341:348:349:349:85:346:350:348:351:351:343:352:241:255:299:342:310:353:344:1:159:354:349:524:23:350:339:189:352:315:355:355:353:279:356:328:335:65:347:357:356:318:358:357:359:354:354:337:83:595:94:199:361:362:449:311:121:365:361:556:359:355:46:366:367:368:332:360:102:264:365:358:366:252:338:370:371:272:206:368:372:438:373:370:374:25:125:297:375:338:376:404:100:263:273:362:371:8:377:378:245:376:375:377:171:373:333:367:368:378:126:372:52:276:376:311:345:379:380:370:284:215:382:225:106:383:344:554:383:336:384:309:200:296:386:362:524:129:207:359:200:379:244:387:319:333:200:258:388:342:389:213:380:329:42:356:389:382:16:390:310:366:388:390:347:17:274:346:391:385:306:392:393:386:58:394:304:371:395:395:367:280:396:396:229:357:392:256:397:397:320:376:54:316:398:399:400:393:156:163:402:400:403:350:365:391:399:404:251:290:394:405:0:406:326:404:375:406:402:361:28:403:369:407:385:341:408:291:336:313:410:411:379:372:278:297:398:408:357:18:291:407:413:178:464:399:118:283:380:218:331:377:348:400:386:414:400:253:414:356:416:415:416:99:417:353:418:373:351:418:106:330:420:350:434:173:421:417:262:307:212:382:452:424:553:275:402:425:420:303:308:425:66:161:112:410:283:406:553:325:429:254:302:429:329:393:421:10:265:430:194:99:387:280:397:352:285:208:431:427:432:228:420:258:430:433:434:241:434:405:431:234:433:468:406:432:383:410:437:384:438:383:384:439:198:440:440:425:417:441:415:442:15:307:499:450:120:437:11:441:450:399:185:321:381:405:447:447:448:427:265:441:447:445:444:389:413:446:385:422:408:216:452:247:407:523:374:434:436:439:453:411:454:454:275:340:453:455:471:179:427:237:495:465:293:422:455:456:442:288:287:449:187:403:459:448:448:416:454:459:421:59:392:444:236:164:429:463:419:460:381:464:465:143:463:409:421:442:390:369:465:466:280:467:227:143:424:468:466:470:415:436:469:471:418:439:203:343:455:103:370:414:353:452:168:429:472:440:281:378:470:469:475:468:186:569:476:456:449:314:478:422:479:358:481:324:304:301:478:483:475:476:479:481:484:494:444:281:201:432:486:388:485:446:471:460:187:301:59:119:398:467:489:483:556:445:490:182:433:489:348:490:491:491:176:569:426:303:454:11:328:369:498:494:56:347:495:209:491:170:44:328:446:497:496:494:456:369:306:226:486:209:496:325:409:396:301:419:164:500:514:547:590:207:488:333:488:459:476:500:377:438:390:471:415:466:554:251:519:519:508:509:581:154:530:364:510:510:131:449:368:593:508:511:512:498:181:509:364:494:513:512:514:105:483:426:426:431:484:470:93:64:339:387:397:504:215:364:512:459:497:545:373:216:504:419:519:499:283:451:520:381:545:12:334:351:485:520:523:490:313:291:469:405:525:217:511:238:525:590:90:467:463:43:413:333:520:307:581:319:277:529:188:295:294:464:473:127:524:530:263:46:267:276:540:529:452:277:479:462:530:523:528:80:516:593:497:355:95:537:485:445:467:537:92:539:522:539:499:541:249:96:541:534:255:320:528:532:542:543:544:598:542:543:522:425:516:592:496:598:364:388:513:490:544:427:141:426:532:547:465:513:539:499:262:591:152:293:29:545:484:302:394:281:556:495:474:436:451:483:581:175:553:493:514:379:472:555:372:555:544:493:319:547:456:401:374:489:557:548:534:578:197:556:272:601:601:560:561:562:560:546:535:575:575:562:557:560:166:561:411:475:413:537:458:510:535:462:401:566:540:600:492:458:239:568:323:390:568:458:569:498:570:204:590:360:409:440:389:474:566:519:500:603:462:578:574:145:501:566:474:478:574:450:545:576:580:577:576:214:565:577:437:448:592:278:395:508:569:576:579:580:580:509:540:546:579:582:420:583:211:473:570:270:430:30:488:453:586:517:522:437:428:529:457:525:518:528:582:341:73:445:473:578:565:511:591:577:262:428:591:593:593:367:457:586:457:603:343:594:548:424:595:595:80:167:595:518:594:270:474:541:204:576:594:601:391:188:598:9:106:586:583:517:546:270:251:600:542:600:601:602:300:479:603:574:602:481:491:543:251:586:583:30:501:561:48:431:555:451:579:557:311:486:49:525:575:523:582:433:24
692,729,556,0,6415,43:1:2:32:2:4:245:6:7:4:8:63:1:9:10:160:10:12:322:312:12:14:9:8:15:16:20:15:18:19:503:19:81:22:48:36:23:18:14:503:24:4:16:6:25:12:38:26:0:28:131:25:29:29:503:492:45:24:26:31:606:7:33:317:28:33:20:492:23:4:34:32:16:34:312:48:36:312:22:0:37:21:31:492:38:23:39:39:606:215:41:7:42:43:2:38:215:41:33:44:160:20:0:21:47:45:606:49:31:190:10:50:49:44:51:77:34:47:52:51:53:54:55:36:53:32:57:28:48:94:93:42:60:49:61:61:62:120:55:64:65:54:52:62:43:64:93:66:67:1:73:67:68:60:37:69:57:65:322:182:69:22:71:8:60:71:72:56:40:68:29:120:19:74:124:74:65:75:37:43:76:75:77:81:45:78:233:76:72:596:61:80:596:11:82:83:84:56:64:596:70:85:86:85:80:233:86:80:73:87:83:63:69:55:88:89:78:90:88:91:67:91:89:14:70:78:81:88:94:21:95:40:82:31:52:44:55:94:87:95:97:192:40:97:72:21:144:50:136:99:100:101:102:103:82:104:25:103:101:105:106:103:73:107:105:104:108:98:109:108:51:109:39:100:27:15:160:71:107:111:112:113:114:54:159:116:102:110:83:116:94:114:36:107:117:118:68:119:77:70:132:112:58:63:159:121:122:122:119:111:42:90:5:123:113:159:606:124:125:126:118:41:5:124:127:126:128:129:130:29:130:131:122:132:125:133:123:117:133:127:18:126:129:128:34:132:109:19:134:97:135:58:134:137:135:138:109:96:139:127:78:140:141:31:142:84:96:137:130:101:141:142:144:145:136:146:129:91:146:139:27:84:119:147:5:138:121:149:150:147:233:95:151:53:151:123:147:120:125:87:152:153:41:153:145:152:149:100:149:39:154:155:150:50:157:107:156:133:155:47:136:158:154:157:75:158:93:190:142:160:143:146:161:162:163:59:162:161:59:37:143:128:150:140:190:112:167:153:168:169:58:124:169:168:170:89:6:84:131:56:171:172:172:137:156:89:167:171:173:66:174:173:175:174:165:166:17:166:170:536:175:164:11:17:178:536:503:179:180:180:181:181:182:158:183:26:134:184:179:175:185:116:186:186:180:95:187:173:185:184:46:62:139:187:189:220:191:150:24:113:192:90:191:179:193:191:134:105:194:110:138:189:183:67:186:195:194:196:197:312:27:132:197:198:195:199:143:74:184:106:98:155:196:200:166:152:192:181:5:57:183:201:141:138:202:200:51:203:391:199:190:205:205:104:206:46:207:207:208:201:168:203:198:243:209:66:6:211:2:111:172:208:211:110:209:164:212:202:213:194:212:117:536:176:193:167:210:206:170:114:201:137:135:168:20:147:122:161:188:169:213:216:144:217:85:153:55:218:219:360:151:146:92:22:221:220:219:221:165:195:222:223:224:223:224:221:163:222:215:174:156:182:184:225:226:227:218:144:229:228:226:155:218:210:230:123:225:136:231:50:74:224:554:231:212:230:197:102:45:77:98:234:234:235:234:236:221:237:238:154:88:236:199:239:118:208:165:237:554:241:240:241:242:308:239:235:62:27:223:219:63:243:133:243:176:230:242:76:108:227:244:226:245:217:246:222:228:247:248:246:145:235:249:250:247:210:249:252:135:225:253:239:248:229:233:250:252:110:249:209:166:97:17:86:231:240:242:254:255:99:256:257:255:258:185:259:256:254:258:257:260:32:261:360:162:263:264:178:265:259:213:263:261:238:266:259:267:211:254:260:248:265:268:252:268:269:244:264:271:272:243:9:57:193:196:273:269:26:267:227:274:275:276:277:276:275:278:279:272:81:273:274:280:163:282:86:71:38:277:268:284:278:285:239:282:116:286:246:247:149:287:274:286:284:220:266:220:139:266:202:384:289:411:290:260:180:92:300:285:169:292:289:290:271:279:293:108:294:284:206:245:287:295:294:296:121:91:40:292:297:273:298:162:299:300:286:524:288:157:295:302:231:303:300:69:283:297:140:271:293:260:219:98:265:304:305:304:261:205:86:306:292:188:308:302:309:298:305:205:237:295:308:287:296:191:310:311:24:198:311:313:189:314:315:142:316:266:250:313:314:317:306:314:92:298:230:299:253:14:303:111:158:318:289:309:257:238:317:320:321:320:113:299:318:317:315:321:198:322:267:60:323:323:323:203:157:324:325:326:140:68:310:316:319:324:214:104:305:325:288:328:329:285:330:244:294:331:331:332:460:332:334:335:336:337:338:334:339:222:339:321:340:335:460:341:340:338:330:329:342:214:229:342:343:335:282:336:188:235:337:72:326:240:344:345:346:347:269:345:341:348:349:349:85:346:350:348:351:351:343:352:241:255:299:342:310:353:344:1:159:354:349:524:23:350:339:189:352:315:355:355:353:279:356:328:335:65:347:357:356:318:358:357:359:354:354:337:83:595:94:199:361:362:449:311:121:365:361:556:359:355:46:366:367:368:332:360:102:264:365:358:366:252:338:370:371:272:206:368:372:438:373:370:374:25:125:297:375:338:376:404:100:263:273:362:371:8:377:378:245:376:375:377:171:373:333:367:368:378:126:372:52:276:376:311:345:379:380:370:284:215:382:225:106:383:344:554:383:336:384:309:200:296:386:362:524:129:207:359:200:379:244:387:319:333:200:258:388:342:389:213:380:329:42:356:389:382:16:390:310:366:388:390:347:17:274:346:391:385:306:392:393:386:58:394:304:371:395:395:367:280:396:396:229:357:392:256:397:397:320:376:54:316:398:399:400:393:156:163:402:400:403:350:365:391:399:404:251:290:394:405:0:406:326:404:375:406:402:361:28:403:369:407:385:341:408:291:336:313:410:411:379:372:278:297:398:408:357:18:291:407:413:178:464:399:118:283:380:218:331:377:348:400:386:414:400:253:414:356:416:415:416:99:417:353:418:373:351:418:106:330:420:350:434:173:421:417:262:307:212:382:452:424:553:275:402:425:420:303:308:425:66:161:112:410:283:406:553:325:429:254:302:429:329:393:421:10:265:430:194:99:387:280:397:352:285:208:431:427:432:228:420:258:430:433:434:241:434:405:431:234:433:468:406:432:383:410:437:384:438:383:384:439:198:440:440:425:417:441:415:442:15:307:499:450:120:437:11:441:450:399:185:321:381:405:447:447:448:427:265:441:447:445:444:389:413:446:385:422:408:216:452:247:407:523:374:434:436:439:453:411:454:454:275:340:453:455:471:179:427:237:495:465:293:422:455:456:442:288:287:449:187:403:459:448:448:416:454:459:421:59:392:444:236:164:429:463:419:460:381:464:465:143:463:409:421:442:390:369:465:466:280:467:227:143:424:468:466:470:415:436:469:471:418:439:203:343:455:103:370:414:353:452:168:429:472:440:281:378:470:469:475:468:186:569:476:456:449:314:478:422:479:358:481:324:304:301:478:483:475:476:479:481:484:494:444:281:201:432:486:388:485:446:471:460:187:301:59:119:398:467:489:483:556:445:490:182:433:489:348:490:491:491:176:569:426:303:454:11:328:369:498:494:56:347:495:209:491:170:44:328:446:497:496:494:456:369:306:226:486:209:496:325:409:396:301:419:164:500:514:547:590:207:488:333:488:459:476:500:377:438:390:471:415:466:554:251:519:519:508:509:581:154:530:364:510:510:131:449:368:593:508:511:512:498:181:509:364:494:513:512:514:105:483:426:426:431:484:470:93:64:339:387:397:504:215:364:512:459:497:545:373:216:504:419:519:499:283:451:520:381:545:12:334:351:485:520:523:490:313:291:469:405:525:217:511:238:525:590:90:467:463:43:413:333:520:307:581:319:277:529:188:295:294:464:473:127:524:530:263:46:267:276:540:529:452:277:479:462:530:523:528:80:516:593:497:355:95:537:485:445:467:537:92:539:522:539:499:541:249:96:541:534:255:320:528:532:542:543:544:598:542:543:522:425:516:592:496:598:364:388:513:490:544:427:141:426:532:547:465:513:539:499:262:591:152:293:29:545:484:302:394:281:556:495:474:436:451:483:581:175:553:493:514:379:472:555:372:555:544:493:319:547:456:401:374:489:557:548:534:578:197:556:272:601:601:560:561:562:560:546:535:575:575:562:557:560:166:561:411:475:413:537:458:510:535:462:401:566:540:600:492:458:239:568:323:390:568:458:569:498:570:204:590:360:409:440:389:474:566:519:500:603:462:578:574:145:501:566:474:478:574:450:545:576:580:577:576:214:565:577:437:448:592:278:395:508:569:576:579:580:580:509:540:546:579:582:420:583:211:473:570:270:430:30:488:453:586:517:522:437:428:529:457:525:518:528:582:341:73:445:473:578:565:511:591:577:262:428:591:593:593:367:457:586:457:603:343:594:548:424:595:595:80:167:595:518:594:270:474:541:204:576:594:601:391:188:598:9:106:586:583:517:546:270:251:600:542:600:601:602:300:479:603:574:602:481:491:543:251:586:583:30:501:561:48:431:555:451:579:557:311:486:49:525:575:523:582:433:24
737,786,555,0,6414,43:1:2:32:2:4:245:6:7:4:8:63:1:9:10:160:10:12:322:312:12:14:9:8:15:16:20:15:18:19:503:19:81:22:48:36:23:18:14:503:24:4:16:6:25:12:38:26:0:28:131:25:29:29:503:492:45:24:26:31:606:7:33:317:28:33:20:492:23:4:34:32:16:34:312:48:36:312:22:0:37:21:31:492:38:23:39:39:606:215:41:7:42:43:2:38:215:41:33:44:160:20:0:21:47:45:606:49:31:190:10:50:49:44:51:77:34:47:52:51:53:54:55:36:53:32:57:28:48:94:93:42:60:49:61:61:62:120:55:64:65:54:52:62:43:64:93:66:67:1:73:67:68:60:37:69:57:65:322:182:69:22:71:8:60:71:72:56:40:68:29:120:19:74:124:74:65:75:37:43:76:75:77:81:45:78:233:76:72:596:61:80:596:11:82:83:84:56:64:596:70:85:86:85:80:233:86:80:73:87:83:63:69:55:88:89:78:90:88:91:67:91:89:14:70:78:81:88:94:21:95:40:82:31:52:44:55:94:87:95:97:192:40:97:72:21:144:50:136:99:100:101:102:103:82:104:25:103:101:105:106:103:73:107:105:104:108:98:109:108:51:109:39:100:27:15:160:71:107:111:112:113:114:54:159:116:102:110:83:116:94:114:36:107:117:118:68:119:77:70:132:112:58:63:159:121:122:122:119:111:42:90:5:123:113:159:606:124:125:126:118:41:5:124:127:126:128:129:130:29:130:131:122:132:125:133:123:117:133:127:18:126:129:128:34:132:109:19:134:97:135:58:134:137:135:138:109:96:139:127:78:140:141:31:142:84:96:137:130:101:141:142:144:145:136:146:129:91:146:139:27:84:119:147:5:138:121:149:150:147:233:95:151:53:151:123:147:120:125:87:152:153:41:153:145:152:149:100:149:39:154:155:150:50:157:107:156:133:155:47:136:158:154:157:75:158:93:190:142:160:143:146:161:162:163:59:162:161:59:37:143:128:150:140:190:112:167:153:168:169:58:124:169:168:170:89:6:84:131:56:171:172:172:137:156:89:167:171:173:66:174:173:175:174:165:166:17:166:170:536:175:164:11:17:178:536:503:179:180:180:181:181:182:158:183:26:134:184:179:175:185:116:186:186:180:95:187:173:185:184:46:62:139:187:189:220:191:150:24:113:192:90:191:179:193:191:134:105:194:110:138:189:183:67:186:195:194:196:197:312:27:132:197:198:195:199:143:74:184:106:98:155:196:200:166:152:192:181:5:57:183:201:141:138:202:200:51:203:391:199:190:205:205:104:206:46:207:207:208:201:168:203:198:243:209:66:6:211:2:111:172:208:211:110:209:164:212:202:213:194:212:117:536:176:193:167:210:206:170:114:201:137:135:168:20:147:122:161:188:169:213:216:144:217:85:153:55:218:219:360:151:146:92:22:221:220:219:221:165:195:222:223:224:223:224:221:163:222:215:174:156:182:184:225:226:227:218:144:229:228:226:155:218:210:230:123:225:136:231:50:74:224:554:231:212:230:197:102:45:77:98:234:234:235:234:236:221:237:238:154:88:236:199:239:118:208:165:237:554:241:240:241:242:308:239:235:62:27:223:219:63:243:133:243:176:230:242:76:108:227:244:226:245:217:246:222:228:247:248:246:145:235:249:250:247:210:249:252:135:225:253:239:248:229:233:250:252:110:249:209:166:97:17:86:231:240:242:254:255:99:256:257:255:258:185:259:256:254:258:257:260:32:261:360:162:263:264:178:265:259:213:263:261:238:266:259:267:211:254:260:248:265:268:252:268:269:244:264:271:272:243:9:57:193:196:273:269:26:267:227:274:275:276:277:276:275:278:279:272:81:273:274:280:163:282:86:71:38:277:268:284:278:285:239:282:116:286:246:247:149:287:274:286:284:220:266:220:139:266:202:384:289:411:290:260:180:92:300:285:169:292:289:290:271:279:293:108:294:284:206:245:287:295:294:296:121:91:40:292:297:273:298:162:299:300:286:524:288:157:295:302:231:303:300:69:283:297:140:271:293:260:219:98:265:304:305:304:261:205:86:306:292:188:308:302:309:298:305:205:237:295:308:287:296:191:310:311:24:198:311:313:189:314:315:142:316:266:250:313:314:317:306:314:92:298:230:299:253:14:303:111:158:318:289:309:257:238:317:320:321:320:113:299:318:317:315:321:198:322:267:60:323:323:323:203:157:324:325:326:140:68:310:316:319:324:214:104:305:325:288:328:329:285:330:244:294:331:331:332:460:332:334:335:336:337:338:334:339:222:339:321:340:335:460:341:340:338:330:329:342:214:229:342:343:335:282:336:188:235:337:72:326:240:344:345:346:347:269:345:341:348:349:349:85:346:350:348:351:351:343:352:241:255:299:342:310:353:344:1:159:354:349:524:23:350:339:189:352:315:355:355:353:279:356:328:335:65:347:357:356:318:358:357:359:354:354:337:83:595:94:199:361:362:449:311:121:365:361:556:359:355:46:366:367:368:332:360:102:264:365:358:366:252:338:370:371:272:206:368:372:438:373:370:374:25:125:297:375:338:376:404:100:263:273:362:371:8:377:378:245:376:375:377:171:373:333:367:368:378:126:372:52:276:376:311:345:379:380:370:284:215:382:225:106:383:344:554:383:336:384:309:200:296:386:362:524:129:207:359:200:379:244:387:319:333:200:258:388:342:389:213:380:329:42:356:389:382:16:390:310:366:388:390:347:17:274:346:391:385:306:392:393:386:58:394:304:371:395:395:367:280:396:396:229:357:392:256:397:397:320:376:54:316:398:399:400:393:156:163:402:400:403:350:365:391:399:404:251:290:394:405:0:406:326:404:375:406:402:361:28:403:369:407:385:341:408:291:336:313:410:411:379:372:278:297:398:408:357:18:291:407:413:178:464:399:118:283:380:218:331:377:348:400:386:414:400:253:414:356:416:415:416:99:417:353:418:373:351:418:106:330:420:350:434:173:421:417:262:307:212:382:452:424:553:275:402:425:420:303:308:425:66:161:112:410:283:406:553:325:429:254:302:429:329:393:421:10:265:430:194:99:387:280:397:352:285:208:431:427:432:228:420:258:430:433:434:241:434:405:431:234:433:468:406:432:383:410:437:384:438:383:384:439:198:440:440:425:417:441:415:442:15:307:499:450:120:437:11:441:450:399:185:321:381:405:447:447:448:427:265:441:447:445:444:389:413:446:385:422:408:216:452:247:407:523:374:434:436:439:453:411:454:454:275:340:453:455:471:179:427:237:495:465:293:422:455:456:442:288:287:449:187:403:459:448:448:416:454:459:421:59:392:444:236:164:429:463:419:460:381:464:465:143:463:409:421:442:390:369:465:466:280:467:227:143:424:468:466:470:415:436:469:471:418:439:203:343:455:103:370:414:353:452:168:429:472:440:281:378:470:469:475:468:186:569:476:456:449:314:478:422:479:358:481:324:304:301:478:483:475:476:479:481:484:494:444:281:201:432:486:388:485:446:471:460:187:301:59:119:398:467:489:483:556:445:490:182:433:489:348:490:491:491:176:569:426:303:454:11:328:369:498:494:56:347:495:209:491:170:44:328:446:497:496:494:456:369:306:226:486:209:496:325:409:396:301:419:164:500:514:547:590:207:488:333:488:459:476:500:377:438:390:471:415:466:554:251:519:519:508:509:581:154:530:364:510:510:131:449:368:593:508:511:493:498:181:509:364:494:513:472:514:105:483:426:426:431:484:470:93:64:339:387:397:504:215:364:568:459:497:545:373:216:504:419:519:499:283:451:520:381:545:12:334:351:485:520:523:490:313:291:469:405:525:217:511:238:525:590:90:467:463:43:413:333:520:307:581:319:277:529:188:295:294:464:473:127:524:530:263:46:267:276:540:529:452:277:479:462:530:523:528:80:516:593:497:355:95:537:485:445:467:537:92:539:522:539:499:541:249:96:541:534:255:320:528:532:542:543:544:598:542:543:522:425:516:592:496:598:364:388:513:490:544:427:141:426:532:547:465:513:539:499:262:591:152:293:29:545:484:302:394:281:556:495:474:436:451:483:581:175:553:493:514:379:568:555:372:555:544:493:319:547:456:401:374:489:557:548:534:578:197:556:272:601:601:560:561:562:560:546:535:575:575:562:557:560:166:561:411:475:413:537:458:510:535:462:401:566:540:600:492:458:239:568:323:390:516:458:569:498:570:204:590:360:409:440:389:474:566:519:500:603:462:578:574:145:501:566:474:478:574:450:545:576:580:577:576:214:565:577:437:448:592:278:395:508:569:576:579:580:580:509:540:546:579:582:420:583:211:473:570:270:430:30:488:453:586:517:522:437:428:529:457:525:518:528:582:341:73:445:473:578:565:511:591:577:262:428:591:593:593:367:457:586:457:603:343:594:548:424:595:595:80:167:595:518:594:270:474:541:204:576:594:601:391:188:598:9:106:586:583:517:546:270:251:600:542:600:601:602:300:479:603:574:602:481:491:543:251:586:583:30:501:561:48:431:555:451:579:557:311:486:49:525:575:523:582:433:24
748,799,555,0,6411,43:1:2:32:2:4:245:6:7:4:8:63:1:9:10:160:10:12:322:312:12:14:9:8:15:16:20:15:18:19:503:19:81:22:48:36:23:18:14:503:24:4:16:6:25:12:38:26:0:28:131:25:29:29:503:492:45:24:26:31:606:7:33:317:28:33:20:492:23:4:34:32:16:34:312:48:36:312:22:0:37:21:31:492:38:23:39:39:606:215:41:7:42:43:2:38:215:41:33:44:160:20:0:21:47:45:606:49:31:190:10:50:49:44:51:77:34:47:52:51:53:54:55:36:53:32:57:28:48:94:93:42:60:49:61:61:62:120:55:64:65:54:52:62:43:64:93:66:67:1:73:67:68:60:37:69:57:65:322:182:69:22:71:8:60:71:72:56:40:68:29:120:19:74:124:74:65:75:37:43:76:75:77:81:45:78:233:76:72:596:61:80:596:11:82:83:84:56:64:596:70:85:86:85:80:233:86:80:73:87:83:63:69:55:88:89:78:90:88:91:67:91:89:14:70:78:81:88:94:21:95:40:82:31:52:44:55:94:87:95:97:192:40:97:72:21:144:50:136:99:100:101:102:103:82:104:25:103:101:105:106:103:73:107:105:104:108:98:109:108:51:109:39:100:27:15:160:71:107:111:112:113:114:54:159:116:102:110:83:116:94:114:36:107:117:118:68:119:77:70:132:112:58:63:159:121:122:122:119:111:42:90:5:123:113:159:606:124:125:126:118:41:5:124:127:126:128:129:130:29:130:131:122:132:125:133:123:117:133:127:18:126:129:128:34:132:109:19:134:97:135:58:134:137:135:138:109:96:139:127:78:140:141:31:142:84:96:137:130:101:141:142:144:145:136:146:129:91:146:139:27:84:119:147:5:138:121:149:150:147:233:95:151:53:151:123:147:120:125:87:152:153:41:153:145:152:149:100:149:39:154:155:150:50:157:107:156:133:155:47:136:158:154:157:75:158:93:190:142:160:143:146:161:162:163:59:162:161:59:37:143:128:150:140:190:112:167:153:168:169:58:124:169:168:170:89:6:84:131:56:171:172:172:137:156:89:167:171:173:66:174:173:175:174:165:166:17:166:170:536:175:164:11:17:178:536:503:179:180:180:181:181:182:158:183:26:134:184:179:175:185:116:186:186:180:95:187:173:185:184:46:62:139:187:189:220:191:150:24:113:192:90:191:179:193:191:134:105:194:110:138:189:183:67:186:195:194:196:197:312:27:132:197:198:195:199:143:74:184:106:98:155:196:200:166:152:192:181:5:57:183:201:141:138:202:200:51:203:391:199:190:205:205:104:206:46:207:207:208:201:168:203:198:243:209:66:6:211:2:111:172:208:211:110:209:164:212:202:213:194:212:117:536:176:193:167:210:206:170:114:201:137:135:168:20:147:122:161:188:169:213:216:144:217:85:153:55:218:219:360:151:146:92:22:221:220:219:221:165:195:222:223:224:223:224:221:163:222:215:174:156:182:184:225:226:227:218:144:229:228:226:155:218:210:230:123:225:136:231:50:74:224:554:231:212:230:197:102:45:77:98:234:234:235:234:236:221:237:238:154:88:236:199:239:118:208:165:237:554:241:240:241:242:308:239:235:62:27:223:219:63:243:133:243:176:230:242:76:108:227:244:226:245:217:246:222:228:247:248:246:145:235:249:250:247:210:249:252:135:225:253:239:248:229:233:250:252:110:249:209:166:97:17:86:231:240:242:254:255:99:256:257:255:258:185:259:256:254:258:257:260:32:261:360:162:263:264:178:265:259:213:263:261:238:266:259:267:211:254:260:248:265:268:252:268:269:244:264:271:272:243:9:57:193:196:273:269:26:267:227:274:275:276:277:276:275:278:279:272:81:273:274:280:163:282:86:71:38:277:268:284:278:285:239:282:116:286:246:247:149:287:274:286:284:220:266:220:139:266:202:384:289:411:290:260:180:92:300:285:169:292:289:290:271:279:293:108:294:284:206:245:287:295:294:296:121:91:40:292:297:273:298:162:299:300:286:524:288:157:295:302:231:303:300:69:283:297:140:271:293:260:219:98:265:304:305:304:261:205:86:306:292:188:308:302:309:298:305:205:237:295:308:287:296:191:310:311:24:198:311:313:189:314:315:142:316:266:250:313:314:317:306:314:92:298:230:299:253:14:303:111:158:318:289:309:257:238:317:320:321:320:113:299:318:317:315:321:198:322:267:60:323:323:323:203:157:324:325:326:140:68:310:316:319:324:214:104:305:325:288:328:329:285:330:244:294:331:331:332:460:332:334:335:336:337:338:334:339:222:339:321:340:335:460:341:340:338:330:329:342:214:229:342:343:335:282:336:188:235:337:72:326:240:344:345:346:347:269:345:341:348:349:349:85:346:350:348:351:351:343:352:241:255:299:342:310:353:344:1:159:354:349:524:23:350:339:189:352:315:355:355:353:279:356:328:335:65:347:357:356:318:358:357:359:354:354:337:83:595:94:199:361:362:449:311:121:365:361:556:359:355:46:366:367:368:332:360:102:264:365:358:366:252:338:370:371:272:206:368:372:438:373:370:374:25:125:297:375:338:376:404:100:263:273:362:371:8:377:378:245:376:375:377:171:373:333:367:368:378:126:372:52:276:376:311:345:379:380:370:284:215:382:225:106:383:344:554:383:336:384:309:200:296:386:362:524:129:207:359:200:379:244:387:319:333:200:258:388:342:389:213:380:329:42:356:389:382:16:390:310:366:388:390:347:17:274:346:391:385:306:392:393:386:58:394:304:371:395:395:367:280:396:396:229:357:392:256:397:397:320:376:54:316:398:399:400:393:156:163:402:400:403:350:365:391:399:404:251:290:394:405:0:406:326:404:375:406:402:361:28:403:369:407:385:341:408:291:336:313:410:411:379:372:278:297:322:408:357:18:291:407:413:178:464:399:118:283:380:218:331:377:348:400:386:414:400:253:414:356:416:415:416:99:417:353:418:373:351:418:106:330:420:350:434:173:421:417:262:307:212:382:452:424:553:275:402:425:420:303:308:425:66:161:112:410:283:406:553:325:429:254:302:429:329:393:421:10:265:430:194:99:387:280:397:352:285:208:431:427:432:228:420:258:430:433:434:241:434:405:431:234:433:468:406:432:383:410:437:384:438:383:384:439:198:440:440:425:417:441:415:442:15:307:499:450:120:437:11:441:450:399:185:321:381:405:447:447:448:427:265:441:447:445:444:389:413:446:385:422:408:216:452:247:407:523:374:434:436:439:453:411:454:454:275:340:453:455:471:179:427:237:495:465:293:422:455:456:442:288:287:449:187:403:459:448:448:416:454:459:421:59:392:444:236:164:429:463:419:460:381:464:465:143:463:409:421:442:390:369:465:466:280:467:227:143:424:468:466:470:415:436:469:471:418:439:203:343:455:103:370:414:353:452:168:429:472:440:281:378:470:469:475:468:186:569:476:456:449:314:478:422:479:358:481:324:304:301:478:483:475:476:479:481:484:494:444:281:201:432:486:388:485:446:471:460:187:301:59:398:398:467:489:483:556:445:490:182:433:489:348:490:491:491:176:569:426:303:454:11:328:369:498:494:56:347:495:209:491:170:44:328:446:497:496:494:456:369:306:226:486:209:496:325:409:396:301:419:164:500:514:547:590:207:488:333:488:459:476:500:377:438:390:471:415:466:554:251:519:519:508:509:581:154:530:364:510:510:131:449:368:593:508:119:493:498:181:509:364:494:513:472:514:105:483:426:426:431:484:470:93:64:339:387:397:504:215:364:568:459:497:545:373:216:504:419:519:499:283:451:520:381:545:12:334:351:485:520:523:490:313:291:469:405:525:217:398:238:525:590:90:467:463:43:413:333:520:307:581:319:277:529:188:295:294:464:473:127:524:530:263:46:267:276:540:529:452:277:479:462:530:523:528:80:516:593:497:355:95:537:485:445:467:537:92:539:522:539:499:541:249:96:541:534:255:320:528:532:542:543:544:598:542:543:522:425:516:592:496:598:364:388:513:490:544:427:141:426:532:547:465:513:539:499:262:591:152:293:29:545:484:302:394:281:556:495:474:436:451:483:581:175:553:493:514:379:568:555:372:555:544:493:319:547:456:401:374:489:557:548:534:578:197:556:272:601:601:560:561:562:560:546:535:575:575:562:557:560:166:561:411:475:413:537:458:510:535:462:401:566:540:600:492:458:239:568:323:390:516:458:569:498:570:204:590:360:409:440:389:474:566:519:500:603:462:578:574:145:501:566:474:478:574:450:545:576:580:577:576:214:565:577:437:448:592:278:395:508:569:576:579:580:580:509:540:546:579:582:420:583:211:473:570:270:430:30:488:453:586:517:522:437:428:529:457:525:518:528:582:341:73:445:473:578:565:511:591:577:262:428:591:593:593:367:457:586:457:603:343:594:548:424:595:595:80:167:595:518:594:270:474:541:204:576:594:601:391:188:598:9:106:586:583:517:546:270:251:600:542:600:601:602:300:479:603:574:602:481:491:543:251:586:583:30:501:561:48:431:555:451:579:557:311:486:49:525:575:523:582:433:24
749,799,555,0,6410,43:1:2:32:2:4:245:6:7:4:8:63:1:9:10:160:10:12:322:312:12:14:9:8:15:16:20:15:18:19:503:19:81:22:48:36:23:18:14:503:24:4:16:6:25:12:38:26:0:28:131:25:29:29:503:492:45:24:26:31:606:7:33:317:28:33:20:492:23:4:34:32:16:34:312:48:36:312:22:0:37:21:31:492:38:23:39:39:606:215:41:7:42:43:2:38:215:41:33:44:160:20:0:21:47:45:606:49:31:190:10:50:49:44:51:77:34:47:52:51:53:54:55:36:53:32:57:28:48:94:93:42:60:49:61:61:62:120:55:64:65:54:52:62:43:64:93:66:67:1:73:67:68:60:37:69:57:65:322:182:69:22:71:8:60:71:72:56:40:68:29:120:19:74:124:74:65:75:37:43:76:75:77:81:45:78:233:76:72:596:61:80:596:11:82:83:84:56:64:596:70:85:86:85:80:233:86:80:73:87:83:63:69:55:88:89:78:90:88:91:67:91:89:14:70:78:81:88:94:21:95:40:82:31:52:44:55:94:87:95:97:192:40:97:72:21:144:50:136:99:100:101:102:103:82:104:25:103:101:105:106:103:73:107:105:104:108:98:109:108:51:109:39:100:27:15:160:71:107:111:112:113:114:54:159:116:102:110:83:116:94:114:36:107:117:118:68:119:77:70:132:112:58:63:159:121:122:122:119:111:42:90:5:123:113:159:606:124:125:126:118:41:5:124:127:126:128:129:130:29:130:131:122:132:125:133:123:117:133:127:18:126:129:128:34:132:109:19:134:97:135:58:134:137:135:138:109:96:139:127:78:140:141:31:142:84:96:137:130:101:141:142:144:145:136:146:129:91:146:139:27:84:119:147:5:138:121:149:150:147:233:95:151:53:151:123:147:120:125:87:152:153:41:153:145:152:149:100:149:39:154:155:150:50:157:107:156:133:155:47:136:158:154:157:75:158:93:190:142:160:143:146:161:162:163:59:162:161:59:37:143:128:150:140:190:112:167:153:168:169:58:124:169:168:170:89:6:84:131:56:171:172:172:137:156:89:167:171:173:66:174:173:175:174:165:166:17:166:170:536:175:164:11:17:178:536:503:179:180:180:181:181:182:158:183:26:134:184:179:175:185:116:186:186:180:95:187:173:185:184:46:62:139:187:189:220:191:150:24:113:192:90:191:179:193:191:134:105:194:110:138:189:183:67:186:195:194:196:197:312:27:132:197:198:195:199:143:74:184:106:98:155:196:200:166:152:192:181:5:57:183:201:141:138:202:200:51:203:391:199:190:205:205:104:206:46:207:207:208:201:168:203:198:243:209:66:6:211:2:111:172:208:211:110:209:164:212:202:213:194:212:117:536:176:193:167:210:206:170:114:201:137:135:168:20:147:122:161:188:169:213:216:144:217:85:153:55:218:219:360:151:146:92:22:221:220:219:221:165:195:222:223:224:223:224:221:163:222:215:174:156:182:184:225:226:227:218:144:229:228:226:155:218:210:230:123:225:136:231:50:74:224:554:231:212:230:197:102:45:77:98:234:234:235:234:236:221:237:238:154:88:236:199:239:118:208:165:237:554:241:240:241:242:308:239:235:62:27:223:219:63:243:133:243:176:230:242:76:108:227:244:226:245:217:246:222:228:247:248:246:145:235:249:250:247:210:249:252:135:225:253:239:248:229:233:250:252:110:249:209:166:97:17:86:231:240:242:254:255:99:256:257:255:258:185:259:256:254:258:257:260:32:261:360:162:263:264:178:265:259:213:263:261:238:266:259:267:211:254:260:248:265:268:252:268:269:244:264:271:272:243:9:57:193:196:273:269:26:267:227:274:275:276:277:276:275:278:279:272:81:273:274:280:163:282:86:71:38:277:268:284:278:285:239:282:116:286:246:247:149:287:274:286:284:220:266:220:139:266:202:384:289:411:290:260:180:92:300:285:169:292:289:290:271:279:293:108:294:284:206:245:287:295:294:296:121:91:40:292:297:273:298:162:299:300:286:524:288:157:295:302:231:303:300:69:283:297:140:271:293:260:219:98:265:304:305:304:261:205:86:306:292:188:308:302:309:298:305:205:237:295:308:287:296:191:310:311:24:198:311:313:189:314:315:142:316:266:250:313:314:317:306:314:92:298:230:299:253:14:303:111:158:318:289:309:257:238:317:320:321:320:113:299:318:317:315:321:198:322:267:60:323:323:323:203:157:324:325:326:140:68:310:316:319:324:214:104:305:325:288:328:329:285:330:244:294:331:331:332:460:332:334:335:336:337:338:334:339:222:339:321:340:335:460:341:340:338:330:329:342:214:229:342:343:335:282:336:188:235:337:72:326:240:344:345:346:347:269:345:341:348:349:349:85:346:350:348:351:351:343:352:241:255:299:342:310:353:344:1:159:354:349:524:23:350:339:189:352:315:355:355:353:279:356:328:335:65:347:357:356:318:358:357:359:354:354:337:83:595:94:199:361:362:449:311:121:365:361:556:359:355:46:366:367:368:332:360:102:264:365:358:366:252:338:370:371:272:206:368:372:438:373:370:374:25:125:297:375:338:376:404:100:263:273:362:371:8:377:378:245:376:375:377:171:373:333:367:368:378:126:372:52:276:376:311:345:379:380:370:284:215:382:225:106:383:344:554:383:336:384:309:200:296:386:362:524:129:207:359:200:379:244:387:319:333:200:258:388:342:389:213:380:329:42:356:389:382:16:390:310:366:388:390:347:17:274:346:391:385:306:392:393:386:58:394:304:371:395:395:367:280:396:396:229:357:392:256:397:397:320:376:54:316:398:399:400:393:156:163:402:400:403:350:365:391:399:404:251:290:394:405:0:406:326:404:375:406:402:361:28:403:369:407:385:341:408:291:336:313:410:411:379:372:278:297:322:408:357:18:291:407:413:178:464:399:118:283:380:218:331:377:348:400:386:414:400:253:414:356:416:415:416:99:417:353:418:373:351:418:106:330:420:350:434:173:421:417:262:307:212:382:452:424:553:275:402:425:420:303:308:425:66:161:112:410:283:406:553:325:429:254:302:429:329:393:421:10:265:430:194:99:387:280:397:352:285:208:431:427:432:228:420:258:430:433:434:241:434:405:431:234:433:468:406:432:383:410:437:384:438:383:384:439:198:440:440:425:417:441:415:442:15:307:499:450:120:437:11:441:450:399:185:321:381:405:447:447:448:427:265:441:447:445:444:389:413:446:385:422:408:216:452:247:407:523:374:434:436:439:453:411:454:454:275:340:453:455:471:179:427:237:495:465:293:422:455:456:442:288:287:449:187:403:459:448:448:416:454:459:421:59:392:444:236:164:429:463:419:460:381:464:465:143:463:409:421:442:390:369:465:466:280:467:227:143:424:468:466:470:415:436:469:471:418:439:203:343:455:103:370:414:353:452:168:429:472:440:281:378:470:469:475:468:186:569:476:456:449:314:478:422:479:358:481:324:304:301:478:483:475:476:479:481:484:494:444:281:201:432:486:388:485:446:471:460:187:301:59:398:398:467:489:483:556:445:490:182:433:489:348:490:491:491:176:569:426:303:454:11:328:369:498:494:56:347:495:209:491:170:44:328:446:497:496:494:456:369:306:226:486:209:496:325:409:396:301:419:164:500:514:547:590:207:488:333:488:459:476:500:377:438:390:471:415:466:554:251:519:519:508:509:581:154:530:364:510:510:131:449:368:593:508:119:493:498:181:509:364:494:513:472:514:105:483:426:426:431:484:470:93:64:339:387:397:504:215:364:568:459:497:545:373:216:504:419:519:499:283:451:520:381:545:12:334:351:485:520:523:490:313:291:469:405:525:217:398:238:525:590:90:467:463:43:413:333:520:307:581:319:277:529:188:295:294:464:473:127:524:530:263:46:267:276:540:529:452:277:479:462:530:523:528:80:516:593:497:355:95:537:485:445:467:537:92:539:522:539:499:541:249:96:541:534:255:320:528:532:542:543:544:598:542:543:522:425:516:592:496:598:364:388:513:490:544:427:141:426:532:547:465:513:539:499:262:591:152:293:29:545:484:302:394:281:556:495:474:436:451:483:581:175:553:493:514:379:568:555:372:555:544:493:319:547:456:401:374:489:557:548:534:578:197:556:272:601:601:560:561:562:560:546:535:575:575:562:557:560:166:561:411:475:413:537:458:510:535:462:401:566:540:600:492:458:239:568:323:390:516:458:569:498:570:204:590:360:409:440:389:474:566:519:47:603:462:578:500:145:501:566:474:478:598:450:545:576:580:577:576:214:565:577:437:448:592:278:395:508:569:576:579:580:580:509:540:546:579:582:420:583:211:473:570:270:430:30:488:453:586:517:522:437:428:529:457:525:518:528:582:341:73:445:473:578:565:511:591:577:262:428:591:593:593:367:457:586:457:603:343:594:548:424:595:595:80:167:595:518:594:270:474:541:204:576:594:601:391:188:511:9:106:586:583:517:546:270:251:600:542:600:601:602:300:479:603:574:602:481:491:543:251:586:583:30:501:561:48:431:555:451:579:557:311:486:49:525:575:523:582:433:24
756,807,554,0,6409,43:1:2:32:2:4:245:6:7:4:8:63:1:9:10:160:10:12:322:312:12:14:9:8:15:16:20:15:18:19:503:19:81:22:48:36:23:18:14:503:24:4:16:6:25:12:38:26:0:28:131:25:29:29:503:492:45:24:26:31:606:7:33:317:28:33:20:492:23:4:34:32:16:34:312:48:36:312:22:0:37:21:31:492:38:23:39:39:606:215:41:7:42:43:2:38:215:41:33:44:160:20:0:21:47:45:606:49:31:190:10:50:49:44:51:77:34:47:52:51:53:54:55:36:53:32:57:28:48:94:93:42:60:49:61:61:62:120:55:64:65:54:52:62:43:64:93:66:67:1:73:67:68:60:37:69:57:65:322:182:69:22:71:8:60:71:72:56:40:68:29:120:19:74:124:74:65:75:37:43:76:75:77:81:45:78:233:76:72:596:61:80:596:11:82:83:84:56:64:596:70:85:86:85:80:233:86:80:73:87:83:63:69:55:88:89:78:90:88:91:67:91:89:14:70:78:81:88:94:21:95:40:82:31:52:44:55:94:87:95:97:192:40:97:72:21:144:50:136:99:100:101:102:103:82:104:25:103:101:105:106:103:73:107:105:104:108:98:109:108:51:109:39:100:27:15:160:71:107:111:112:113:114:54:159:116:102:110:83:116:94:114:36:107:117:118:68:119:77:70:132:112:58:63:159:121:122:122:119:111:42:90:5:123:113:159:606:124:125:126:118:41:5:124:127:126:128:129:130:29:130:131:122:132:125:133:123:117:133:127:18:126:129:128:34:132:109:19:134:97:135:58:134:137:135:138:109:96:139:127:78:140:141:31:142:84:96:137:130:101:141:142:144:145:136:146:129:91:146:139:27:84:119:147:5:138:121:149:150:147:233:95:151:53:151:123:147:120:125:87:152:153:41:153:145:152:149:100:149:39:154:155:150:50:157:107:156:133:155:47:136:158:154:157:75:158:93:190:142:160:143:146:161:162:163:59:162:161:59:37:143:128:150:140:190:112:167:153:168:169:58:124:169:168:170:89:6:84:131:56:171:172:172:137:156:89:167:171:173:66:174:173:175:174:165:166:17:166:170:536:175:164:11:17:178:536:503:179:180:180:181:181:182:158:183:26:134:184:179:175:185:116:186:186:180:95:187:173:185:184:46:62:139:187:189:220:191:150:24:113:192:90:191:179:193:191:134:105:194:110:138:189:183:67:186:195:194:196:197:312:27:132:197:198:195:199:143:74:184:106:98:155:196:200:166:152:192:181:5:57:183:201:141:138:202:200:51:203:391:199:190:205:205:104:206:46:207:207:208:201:168:203:198:243:209:66:6:211:2:111:172:208:211:110:209:164:212:202:213:194:212:117:536:176:193:167:210:206:170:114:201:137:135:168:20:147:122:161:188:169:213:216:144:217:85:153:55:218:219:360:151:146:92:22:221:220:219:221:165:195:222:223:224:223:224:221:163:222:215:174:156:182:184:225:226:227:218:144:229:228:226:155:218:210:230:123:225:136:231:50:74:224:554:231:212:230:197:102:45:77:98:234:234:235:234:236:221:237:238:154:88:236:199:239:118:208:165:237:554:241:240:241:242:308:239:235:62:27:223:219:63:243:133:243:176:230:242:76:108:227:244:226:245:217:246:222:228:247:248:246:145:235:249:250:247:210:249:252:135:225:253:239:248:229:233:250:252:110:249:209:166:97:17:86:231:240:242:254:255:99:256:257:255:258:185:259:256:254:258:257:260:32:261:360:162:263:264:178:265:259:213:263:261:238:266:259:267:211:254:260:248:265:268:252:268:269:244:264:271:272:243:9:57:193:196:273:269:26:267:227:274:275:276:277:276:275:278:279:272:81:273:274:280:163:282:86:71:38:277:268:284:278:285:239:282:116:286:246:247:149:287:274:286:284:220:266:220:139:266:202:384:289:411:290:260:180:92:300:285:169:292:289:290:271:279:293:108:294:284:206:245:287:295:294:296:121:91:40:292:297:273:298:162:299:300:286:524:288:157:295:302:231:303:300:69:283:297:140:271:293:260:219:98:265:304:305:304:261:205:86:306:292:188:308:302:309:298:305:205:237:295:308:287:296:191:310:311:24:198:311:313:189:314:315:142:316:266:250:313:314:317:306:314:92:298:230:299:253:14:303:111:158:318:289:309:257:238:317:320:321:320:113:299:318:317:315:321:198:322:267:60:323:323:323:203:157:324:325:326:140:68:310:316:319:324:214:104:305:325:288:328:329:285:330:244:294:331:331:332:460:332:334:335:336:337:338:334:339:222:339:321:340:335:460:341:340:338:330:329:342:214:229:342:343:335:282:336:188:235:337:72:326:240:344:345:346:347:269:345:341:348:349:349:85:346:350:348:351:351:343:352:241:255:299:342:310:353:344:1:159:354:349:524:23:350:339:189:352:315:355:355:353:279:356:328:335:65:347:357:356:318:358:357:359:354:354:337:83:595:94:199:361:362:449:311:121:365:361:556:359:355:46:366:367:368:332:360:102:264:365:358:366:252:338:370:371:272:206:368:372:438:373:370:374:25:125:297:375:338:376:404:100:263:273:362:371:8:377:378:245:376:375:377:171:373:333:367:368:378:126:372:52:276:376:311:345:379:380:370:284:215:382:225:106:383:344:554:383:336:384:309:200:296:386:362:524:129:207:359:200:379:244:387:319:333:200:258:388:342:389:213:380:329:42:356:389:382:16:390:310:366:388:390:347:17:274:346:391:385:306:392:393:386:58:394:304:371:395:395:367:280:396:396:229:357:392:256:397:397:320:376:54:316:398:399:400:393:156:163:402:400:403:350:365:391:399:404:251:290:394:405:0:406:326:404:375:406:402:361:28:403:369:407:385:341:408:291:336:313:410:411:379:372:278:297:322:408:357:18:291:407:413:178:464:399:118:283:380:218:331:377:348:400:386:414:400:253:414:356:416:415:416:99:417:353:418:373:351:418:106:330:420:350:434:173:421:417:262:307:212:382:452:424:553:275:402:425:420:303:308:425:66:161:112:410:283:406:553:325:429:254:302:429:329:393:421:10:265:430:194:99:387:280:397:352:285:208:431:427:432:228:420:258:430:433:434:241:434:405:431:234:433:468:406:432:383:410:437:384:438:383:384:439:198:440:440:425:417:441:415:442:15:307:499:450:120:437:11:441:450:399:185:321:381:405:447:447:448:427:265:441:447:445:444:389:413:446:385:422:408:216:452:247:407:523:374:434:436:439:453:411:454:454:275:340:453:455:471:179:427:237:495:465:293:422:455:456:442:288:287:449:187:403:459:448:448:416:454:459:421:59:392:444:236:164:429:463:419:460:381:464:465:143:463:409:421:442:390:369:465:466:280:467:227:143:424:468:466:470:415:436:469:471:418:439:203:343:455:103:370:414:353:452:168:429:472:440:281:378:470:469:475:468:186:569:476:456:449:314:478:422:479:358:481:324:304:301:478:483:475:476:479:481:484:494:444:281:201:432:486:388:485:446:471:460:187:301:59:398:398:467:489:483:556:445:490:182:433:489:348:490:491:491:176:569:426:303:454:11:328:369:498:494:56:347:495:209:491:170:44:328:446:497:496:494:456:369:306:226:486:209:496:325:409:396:301:419:164:500:514:547:590:207:488:333:488:459:476:500:377:438:390:471:415:466:554:251:519:519:508:509:581:154:530:364:510:510:131:449:368:593:508:119:493:498:181:509:364:494:513:472:514:105:483:426:426:431:484:470:93:64:339:387:397:504:215:364:568:459:497:545:373:216:504:419:519:499:283:451:520:381:545:12:334:351:485:520:523:490:313:291:469:405:525:217:398:238:525:590:90:467:463:43:413:333:520:307:581:319:277:529:188:295:294:464:473:127:524:530:263:46:267:276:540:529:452:277:479:462:530:523:528:80:516:593:497:355:95:537:485:445:467:537:92:539:522:539:499:541:249:96:541:534:255:320:528:532:542:543:544:598:542:543:522:425:516:592:496:598:364:388:513:490:544:427:141:426:532:547:465:513:539:499:262:591:152:293:29:545:484:302:394:281:556:495:474:436:451:483:581:175:553:493:514:379:568:555:372:555:544:493:319:547:456:401:374:489:557:548:534:578:197:556:272:601:601:560:561:562:560:546:535:575:575:562:557:560:166:561:411:475:413:537:458:510:535:462:401:566:540:600:492:458:239:568:323:390:516:458:569:498:570:204:590:360:409:440:389:474:566:519:47:603:462:578:500:145:501:566:474:478:598:450:545:576:580:577:576:214:565:577:437:448:592:278:395:508:569:576:579:580:580:509:540:546:579:582:420:583:211:473:570:270:430:30:488:453:586:517:522:437:428:529:472:525:518:528:582:341:73:445:473:578:565:511:591:577:262:428:591:593:593:367:574:586:574:603:343:594:548:424:595:595:80:167:595:518:594:270:474:541:204:576:594:601:391:188:511:9:106:586:583:517:546:270:251:600:542:600:601:602:300:479:603:565:602:481:491:543:251:586:583:30:501:561:48:431:555:451:579:557:311:486:49:525:575:523:582:433:24
763,815,554,0,6408,43:1:2:32:2:4:245:6:7:4:8:63:1:9:10:160:10:12:322:312:12:14:9:8:15:16:20:15:18:19:503:19:81:22:48:36:23:18:14:503:24:4:16:6:25:12:38:26:0:28:131:25:29:29:503:492:45:24:26:31:606:7:60:317:28:33:20:492:23:4:34:32:16:34:312:48:36:312:22:0:37:21:33:492:38:23:39:39:606:215:41:7:42:43:2:38:215:41:33:44:160:20:128:21:47:45:606:49:108:190:10:50:49:44:51:77:34:47:52:51:53:54:55:36:53:32:57:28:48:94:93:42:60:49:61:61:62:120:55:64:65:54:52:62:43:64:93:66:67:1:73:67:68:31:37:69:57:65:322:182:69:22:71:8:60:71:72:56:40:68:29:120:19:74:124:74:65:75:37:43:76:75:77:0:45:78:233:81:72:596:61:80:596:11:82:83:84:56:64:596:70:85:86:85:80:233:86:80:73:87:83:63:69:55:88:89:78:90:88:91:67:91:89:14:70:78:81:88:94:21:95:40:82:31:52:44:55:94:87:95:97:192:40:97:72:21:144:50:136:99:100:101:102:103:82:104:25:103:101:105:106:103:73:107:105:104:108:98:109:108:51:109:39:100:27:15:160:71:107:111:112:113:114:54:159:116:102:126:83:116:94:114:36:107:117:118:68:119:77:70:132:112:58:63:159:121:122:122:119:111:42:90:5:123:113:159:606:124:125:31:118:41:5:124:127:126:128:129:130:29:130:131:122:132:125:133:123:117:133:127:18:126:129:33:34:132:109:19:134:97:135:58:134:137:135:76:109:96:139:127:78:140:141:186:142:84:96:137:130:101:141:142:144:145:136:146:129:91:146:139:27:84:119:147:5:138:121:149:150:147:233:95:151:53:151:123:147:120:125:87:152:153:41:153:145:152:149:100:149:39:154:155:150:50:157:107:156:133:155:47:136:158:154:157:75:158:93:190:142:160:143:146:161:162:163:59:162:161:59:37:143:128:150:140:190:112:167:153:168:169:58:124:169:168:170:89:6:84:131:56:171:172:172:137:156:89:167:171:173:66:174:173:175:174:165:166:17:166:170:536:175:164:11:17:178:536:503:179:180:180:181:181:182:158:183:26:134:184:179:175:185:116:186:186:180:95:187:173:185:184:46:62:139:187:189:220:191:150:24:113:192:90:191:179:193:191:134:105:194:110:138:189:183:67:110:195:194:196:197:312:27:132:197:198:195:199:143:74:184:106:98:155:196:200:166:152:192:181:5:57:183:201:141:138:202:200:51:203:391:199:190:205:205:104:206:46:207:207:208:201:168:203:198:243:209:66:6:211:2:111:172:208:211:110:209:164:212:202:213:194:212:117:536:176:193:167:210:206:170:114:201:137:135:168:20:147:122:161:188:169:213:216:144:217:85:153:55:218:219:360:151:146:92:22:221:220:219:221:165:195:222:223:224:223:224:221:163:222:215:174:156:182:184:225:226:227:218:144:229:228:226:155:218:210:230:123:225:136:231:50:74:224:554:231:212:230:197:102:45:77:98:234:234:235:234:236:221:237:238:154:88:236:199:239:118:208:165:237:554:241:240:241:242:308:239:235:62:27:223:219:63:243:133:243:176:230:242:76:108:227:244:226:245:217:246:222:228:247:248:246:145:235:249:250:247:210:249:252:135:225:253:239:248:229:233:250:252:110:249:209:166:97:17:86:231:240:242:254:255:99:256:257:255:258:185:259:256:254:258:257:260:32:261:360:162:263:264:178:265:259:213:263:261:238:266:259:267:211:254:260:248:265:268:252:268:269:244:264:271:272:243:9:57:193:196:273:269:26:267:227:274:275:276:277:276:275:278:279:272:81:273:274:280:163:282:86:71:38:277:268:284:278:285:239:282:116:286:246:247:149:287:274:286:284:220:266:220:139:266:202:384:289:411:290:260:180:92:300:285:169:292:289:290:271:279:293:199:294:284:206:245:287:295:294:296:121:91:40:292:297:273:298:162:299:300:286:524:288:157:295:302:231:303:300:69:283:297:140:271:293:260:219:98:265:304:305:304:261:205:86:306:292:188:308:302:309:298:305:205:237:295:308:287:296:191:310:311:24:198:311:313:189:314:315:142:316:266:250:313:314:317:306:314:92:298:230:299:253:14:303:111:158:318:289:309:257:238:317:320:321:320:113:299:318:317:315:321:198:322:267:60:323:323:323:203:157:324:325:326:140:68:310:316:319:324:214:104:305:325:288:328:329:285:330:244:294:331:331:332:460:332:334:335:336:337:338:334:339:222:339:321:340:335:460:341:340:338:330:329:342:214:229:342:343:335:282:336:188:235:337:72:326:240:344:345:346:347:269:345:341:348:349:349:85:346:350:348:351:351:343:352:241:255:299:342:310:353:344:1:159:354:349:524:23:350:339:189:352:315:355:355:353:279:356:328:335:65:347:357:356:318:358:357:359:354:354:337:83:595:94:199:361:362:449:311:121:365:361:556:359:355:46:366:367:368:332:360:102:264:365:358:366:252:338:370:371:272:206:368:372:438:373:370:374:25:125:297:375:338:376:404:100:263:273:362:371:8:377:378:245:376:375:377:171:373:333:367:368:378:126:372:52:276:376:311:345:379:380:370:284:215:382:225:106:383:344:554:383:336:384:309:200:296:386:362:524:129:207:359:200:379:244:387:319:333:200:258:388:342:389:213:380:329:42:356:389:382:16:390:310:366:388:390:347:17:274:346:391:385:306:392:393:386:58:138:304:371:395:395:367:280:396:396:229:357:392:256:397:397:320:376:54:316:398:399:400:393:156:163:402:400:403:350:365:391:399:404:251:290:276:405:0:406:326:404:375:406:402:361:28:403:369:407:385:341:408:291:336:313:410:411:379:372:278:297:322:408:357:18:291:407:413:178:464:399:118:283:380:218:331:377:348:400:386:414:400:253:414:356:416:415:416:99:417:353:418:373:351:418:106:330:420:350:434:173:421:417:262:307:212:382:452:424:553:275:402:425:420:303:308:425:66:161:112:410:283:406:553:325:429:254:302:429:329:393:421:10:265:430:194:99:387:280:397:352:285:208:431:427:432:228:420:258:430:433:434:241:434:405:431:234:433:468:406:432:383:410:437:384:438:383:384:439:198:440:440:425:417:441:415:442:15:307:499:450:120:437:11:441:450:399:185:321:381:405:447:447:448:427:265:441:447:445:444:389:413:446:385:422:408:216:452:247:407:523:374:434:436:439:453:411:454:454:275:340:453:455:471:179:427:237:495:465:293:422:455:456:442:288:287:449:187:403:459:448:448:416:454:459:421:59:392:444:236:164:429:463:419:460:381:464:465:143:463:409:421:442:390:369:465:466:280:467:227:143:424:468:466:470:415:436:469:471:418:439:203:343:455:103:370:414:353:452:168:429:472:440:281:378:470:469:475:468:186:569:476:456:449:314:478:422:479:358:481:324:304:301:478:483:475:476:479:481:484:494:444:281:201:432:486:388:485:446:471:460:187:301:59:398:398:467:489:483:556:445:490:182:433:489:348:490:491:491:176:569:426:303:454:11:328:369:498:494:56:347:495:209:491:170:44:328:446:497:496:494:456:369:306:226:486:209:496:325:409:396:301:419:164:500:514:547:590:207:488:333:488:459:476:500:377:438:390:471:415:466:554:251:519:519:508:509:581:154:530:364:510:510:131:449:368:593:508:119:493:498:181:509:364:494:513:472:514:105:483:426:426:431:484:470:93:64:339:387:397:504:215:364:568:459:497:545:373:216:504:419:519:499:283:451:520:381:545:12:334:351:485:520:523:490:313:291:469:405:525:217:398:238:525:590:90:467:463:43:413:333:520:307:581:319:277:529:188:295:294:464:473:127:524:530:263:46:267:315:540:529:452:277:479:462:530:523:528:80:516:593:497:355:95:537:485:445:467:537:92:539:522:539:499:541:249:96:541:534:255:320:528:532:542:543:544:598:542:543:522:425:516:592:496:598:364:388:513:490:544:427:141:426:532:547:465:513:539:499:262:591:152:293:29:545:484:302:394:281:556:495:474:436:451:483:581:175:553:493:514:379:568:555:372:555:544:493:319:547:456:401:374:489:557:548:534:578:197:556:272:601:601:560:561:562:560:546:535:575:575:562:557:560:166:561:411:475:413:537:458:510:535:462:401:566:540:600:492:458:239:568:323:390:516:458:569:498:570:204:590:360:409:440:389:474:566:519:47:603:462:578:500:145:501:566:474:478:598:450:545:576:580:577:576:214:565:577:437:448:592:278:395:508:569:576:579:580:580:509:540:546:579:582:420:583:211:473:570:270:430:30:488:453:586:517:522:437:428:529:472:525:518:528:582:341:73:445:473:578:565:511:591:577:262:428:591:593:593:367:574:586:574:603:343:594:548:424:595:595:80:167:595:518:594:270:474:541:204:576:594:601:391:188:511:9:106:586:583:517:546:270:251:600:542:600:601:602:300:479:603:565:602:481:491:543:251:586:583:30:501:561:48:431:555:451:579:557:311:486:49:525:575:523:582:433:24
776,830,554,0,6407,43:1:2:32:2:4:245:6:7:4:8:63:1:9:10:160:10:12:322:312:12:14:9:8:15:16:20:15:18:19:503:19:81:22:48:36:23:18:14:503:24:4:16:6:25:12:38:26:0:28:131:25:29:29:503:492:45:24:26:31:606:7:60:317:28:33:20:492:23:4:34:32:16:34:312:48:36:312:22:0:37:21:33:492:38:23:39:39:606:215:41:7:42:43:2:38:215:41:33:44:160:20:128:21:47:45:606:49:108:190:10:50:49:44:51:77:34:47:52:51:53:54:55:36:53:32:57:28:48:94:93:42:60:49:61:61:62:120:55:64:65:54:52:62:43:64:93:66:67:1:73:67:68:31:37:69:57:65:322:182:69:22:71:8:60:71:72:56:40:68:29:120:19:74:124:74:65:75:37:43:76:75:77:0:45:78:233:81:72:596:61:80:596:11:82:83:84:56:64:596:70:85:86:85:80:233:86:80:73:87:83:63:69:55:88:89:78:90:88:91:67:91:89:14:70:78:81:88:94:21:95:40:82:31:52:44:55:94:87:95:97:192:40:97:72:21:144:50:136:99:100:101:102:103:82:104:25:103:101:105:106:103:73:107:105:104:108:98:109:108:51:109:39:100:27:15:160:71:107:111:112:113:114:54:159:116:102:126:83:116:94:114:36:107:117:118:68:119:77:70:132:112:58:63:159:121:122:122:119:111:42:90:5:123:113:159:606:124:125:31:118:41:5:124:127:126:128:129:130:29:130:131:122:132:125:133:123:117:133:127:18:126:129:33:34:132:109:19:134:97:135:58:134:137:135:76:109:96:139:127:78:140:141:186:142:84:96:137:130:101:141:142:144:145:136:146:129:91:146:139:27:84:119:147:5:138:121:149:150:147:233:95:151:53:151:123:147:120:125:87:152:153:41:153:145:152:149:100:149:39:154:155:150:50:157:107:156:133:155:47:136:158:154:157:75:158:93:190:142:160:143:146:161:162:163:59:162:161:59:37:143:128:150:140:190:112:167:153:168:169:58:124:169:168:170:89:6:84:131:56:171:172:172:137:156:89:167:171:173:66:174:173:175:174:165:166:17:166:170:536:175:164:11:17:178:536:503:179:180:180:181:181:182:158:183:26:134:184:179:175:185:116:186:186:180:95:187:173:185:184:46:62:139:187:189:220:191:150:24:113:192:90:191:179:193:191:134:105:194:110:138:189:183:67:110:195:194:196:197:312:27:132:197:198:195:199:143:74:184:106:98:155:196:200:166:152:192:181:5:57:183:201:141:138:202:200:51:203:391:199:190:205:205:104:206:46:207:207:208:201:168:203:198:243:209:66:6:211:2:111:172:208:211:110:209:164:212:202:213:194:212:117:536:176:193:167:210:206:170:114:201:137:135:168:20:147:122:161:188:169:213:216:144:217:85:153:55:218:219:360:151:146:92:22:221:220:219:221:165:195:222:223:224:223:224:221:163:222:215:174:156:182:184:225:226:227:218:144:229:228:226:155:218:210:230:123:225:136:231:50:74:224:554:231:212:230:197:102:45:77:98:234:234:235:234:236:221:237:238:154:88:236:199:239:118:208:165:237:554:241:240:241:242:308:239:235:62:27:223:219:63:243:133:243:176:230:242:76:108:227:244:226:245:217:246:222:228:247:248:246:145:235:249:250:247:210:249:252:135:225:253:239:248:229:233:250:252:110:249:209:166:97:17:86:231:240:242:254:255:99:256:257:255:258:185:259:256:254:258:257:260:32:261:360:162:263:264:178:265:259:213:263:261:238:266:259:267:211:254:260:248:265:268:252:268:269:244:264:271:272:243:9:57:193:196:273:269:26:267:227:274:275:276:277:276:275:278:279:272:81:273:274:280:163:282:86:71:38:277:268:284:278:285:239:282:116:286:246:247:149:287:274:286:284:220:266:220:139:266:202:384:289:411:290:260:180:92:300:285:169:292:289:290:271:279:293:199:294:284:206:245:287:295:294:296:121:91:40:292:297:273:298:162:299:300:286:524:288:157:295:302:231:303:300:69:283:297:140:271:293:260:219:98:265:304:305:304:261:205:86:306:292:188:308:302:309:298:305:205:237:295:308:287:296:191:310:311:24:198:311:313:189:314:315:142:316:266:250:313:314:317:306:314:92:298:230:299:253:14:303:111:158:318:289:309:257:238:317:320:321:320:113:299:318:317:315:321:198:322:267:60:323:323:323:203:157:324:325:326:140:68:310:316:319:324:214:104:305:325:288:328:329:285:330:244:294:331:331:332:460:332:334:335:336:337:338:334:339:222:339:321:340:335:460:341:340:338:330:329:342:214:229:342:343:335:282:336:188:235:337:72:326:240:344:345:346:347:269:345:341:348:349:349:85:346:350:348:351:351:343:352:241:255:299:342:310:353:344:1:159:354:349:524:23:350:339:189:352:315:355:355:353:279:356:328:335:65:347:357:356:318:358:357:359:354:354:337:83:595:94:199:361:362:449:311:121:365:361:556:359:355:46:366:367:368:332:360:102:264:365:358:366:252:338:370:371:272:206:368:372:438:373:370:374:25:125:297:375:338:376:404:100:263:273:362:371:8:377:378:245:376:375:377:171:373:333:367:368:378:126:372:52:276:376:311:345:379:380:370:284:215:382:225:106:383:344:554:383:336:384:309:200:296:386:362:524:129:207:359:200:379:244:387:319:333:200:258:388:342:389:213:380:329:42:356:389:382:16:390:310:366:388:390:347:17:274:346:391:385:306:392:393:386:58:138:304:371:395:395:367:280:396:396:229:357:392:256:397:397:320:376:54:316:398:399:400:393:156:163:402:400:403:350:365:391:399:404:251:290:276:405:0:406:326:404:375:406:402:361:28:403:369:407:385:341:408:291:336:313:410:411:379:372:278:297:322:408:357:18:291:407:413:178:464:399:118:283:380:218:331:377:348:400:386:414:400:253:414:356:416:415:416:99:417:353:418:373:351:418:106:330:420:350:434:173:421:417:262:307:212:382:452:424:553:275:402:425:420:303:308:425:66:161:112:410:283:406:553:325:429:254:302:429:329:393:421:10:265:430:194:99:387:280:397:352:285:208:431:427:432:228:420:258:430:433:434:241:434:405:431:234:433:468:406:432:383:410:437:384:438:383:384:439:198:440:440:425:417:441:415:442:15:307:499:450:120:437:11:441:450:399:185:321:381:405:447:447:448:427:265:441:447:445:444:389:413:446:385:422:408:216:452:247:407:523:374:434:436:439:453:411:454:454:275:340:453:455:471:179:427:237:495:465:293:422:455:456:442:288:287:449:187:403:459:448:448:416:454:459:421:59:392:444:236:164:429:463:419:460:381:464:465:143:463:409:421:442:390:369:465:466:280:467:227:143:424:468:466:470:415:436:469:471:418:439:203:343:455:103:370:414:353:452:168:429:472:440:281:378:470:469:475:468:186:569:476:456:449:314:478:422:479:358:481:324:304:301:478:483:475:476:479:481:484:494:444:281:201:432:486:388:485:446:471:460:187:301:59:398:398:467:489:483:556:445:490:182:433:489:348:490:491:491:176:569:426:303:454:11:328:369:498:494:56:347:495:209:491:170:44:328:446:497:496:494:456:369:306:226:486:209:496:325:409:396:301:419:164:500:514:547:590:207:488:333:488:459:476:500:377:438:390:471:415:466:554:251:519:519:508:509:581:154:530:364:510:510:131:449:368:593:508:119:493:498:181:509:364:494:513:472:514:105:483:426:426:431:484:470:93:64:339:387:397:504:215:364:568:459:497:545:373:216:504:419:519:499:283:451:520:381:545:12:334:351:485:520:523:490:313:291:469:405:525:217:398:238:525:590:90:467:463:43:413:333:520:307:581:319:277:529:188:295:294:464:473:127:524:530:263:46:267:315:540:529:452:277:479:462:530:523:528:80:516:593:497:355:95:537:485:445:467:537:92:539:522:539:499:541:249:96:541:534:255:320:528:532:542:543:544:394:542:543:522:425:516:592:496:394:364:388:513:490:544:427:141:426:532:547:465:513:539:499:262:591:152:293:29:545:484:302:394:281:556:495:474:436:451:483:581:175:553:493:514:379:568:555:372:555:544:493:319:547:456:401:374:489:557:548:534:578:197:556:272:601:601:560:561:562:560:546:535:575:575:562:598:560:166:561:411:475:413:537:458:510:535:462:401:566:540:600:492:458:239:568:323:390:516:458:569:498:570:204:590:360:409:440:389:474:566:519:47:603:462:578:500:145:501:566:474:478:598:450:545:576:580:577:576:214:565:577:437:448:592:278:395:508:569:576:579:580:580:509:540:546:579:582:420:583:211:473:570:270:430:30:488:453:586:517:522:437:428:529:472:525:518:528:582:341:73:445:473:578:565:511:591:577:262:428:591:593:593:367:574:586:574:603:343:594:548:424:595:595:80:167:595:518:594:270:474:541:204:576:594:601:391:188:511:9:106:586:583:517:546:270:251:600:542:600:601:602:300:479:603:565:602:481:491:543:251:586:583:30:501:561:48:431:555:451:579:557:311:486:49:525:575:523:582:433:24
810,874,554,0,6406,43:1:2:32:2:4:245:6:7:4:8:63:1:9:10:160:10:12:322:312:12:14:9:8:15:16:20:15:18:19:503:19:81:22:48:36:23:18:14:503:24:4:16:6:25:12:38:26:0:28:131:25:29:29:503:492:45:24:26:31:606:7:60:317:28:33:20:492:23:4:34:32:16:34:312:48:36:312:22:0:37:21:33:492:38:23:39:39:606:215:41:7:42:43:2:38:215:41:33:44:160:20:128:21:47:45:606:49:108:190:10:50:49:44:51:77:34:47:52:51:53:54:55:36:53:32:57:28:48:94:93:42:60:49:61:61:62:120:55:64:65:54:52:62:43:64:93:66:67:1:73:67:68:31:37:69:57:65:322:182:69:22:71:8:60:71:72:56:40:68:29:120:19:74:124:74:65:75:37:43:76:75:77:0:45:78:233:81:72:596:61:80:596:11:82:83:84:56:64:596:70:85:86:85:80:233:86:80:73:87:83:63:69:55:88:89:78:90:88:91:67:91:89:14:70:78:81:88:94:21:95:40:82:31:52:44:55:94:87:95:97:192:40:97:72:21:144:50:136:99:100:101:102:103:82:104:25:103:101:105:106:103:73:107:105:104:108:98:109:108:51:109:39:100:27:15:160:71:107:111:112:113:114:54:159:116:102:126:83:116:94:114:36:107:117:118:68:119:77:70:132:112:58:63:159:121:122:122:119:111:42:90:5:123:113:159:606:124:125:31:118:41:5:124:127:126:128:129:130:29:130:131:122:132:125:133:123:117:133:127:18:126:129:33:34:132:109:19:134:97:135:58:134:137:135:76:109:96:139:127:78:140:141:186:142:84:96:137:130:101:141:142:144:145:136:146:129:91:146:139:27:84:119:147:5:138:121:149:150:147:233:95:151:53:151:123:147:120:125:87:152:153:41:153:145:152:149:100:149:39:154:155:150:50:157:107:156:133:155:47:136:158:154:157:75:158:93:190:142:160:143:146:161:162:163:59:162:161:59:37:143:128:150:140:190:112:167:153:168:169:58:124:169:168:170:89:6:84:131:56:171:172:172:137:156:89:167:171:173:66:174:173:175:174:165:166:17:166:170:536:175:164:11:17:178:536:503:179:180:180:181:181:182:158:183:26:134:184:179:175:185:116:186:186:180:95:187:173:185:184:46:62:139:187:189:220:191:150:24:113:192:90:191:179:193:191:134:105:194:110:138:189:183:67:110:195:194:196:197:312:27:132:197:198:195:199:143:74:184:106:98:155:196:200:166:152:192:181:5:57:183:201:141:138:202:200:51:203:391:199:190:205:205:104:206:46:207:207:208:201:168:203:198:243:209:66:6:211:2:111:172:208:211:110:209:164:212:202:213:194:212:117:536:176:193:167:210:206:170:114:201:137:135:168:20:147:122:161:188:169:213:216:144:217:85:153:55:218:219:360:151:146:92:22:221:220:219:221:165:195:222:223:224:223:224:221:163:222:215:174:156:182:184:225:226:227:218:144:229:228:226:155:218:210:230:123:225:136:231:50:74:224:554:231:212:230:197:102:45:77:98:234:234:235:234:236:221:237:238:154:88:236:199:239:118:208:165:237:554:241:240:241:242:308:239:235:62:27:223:219:63:243:133:243:176:230:242:76:108:227:244:226:245:217:246:222:228:247:248:246:145:235:249:250:247:210:249:252:135:225:253:239:248:229:233:250:252:110:249:209:166:97:17:86:231:240:242:254:255:99:256:257:255:258:185:259:256:254:258:257:260:32:261:360:162:263:264:178:265:259:213:263:261:238:266:259:267:211:254:260:248:265:268:252:268:269:244:264:271:272:243:9:57:193:196:273:269:26:267:227:274:275:276:277:276:275:278:279:272:81:273:274:280:163:282:86:71:38:277:268:284:278:285:239:282:116:286:246:247:149:287:274:286:284:220:266:220:139:266:202:384:289:411:290:260:180:92:300:285:169:292:289:290:271:279:293:199:294:284:206:245:287:295:294:296:121:91:40:292:297:273:298:162:299:300:286:524:288:157:295:302:231:303:300:69:283:297:140:271:293:260:219:98:265:304:305:304:261:205:86:306:292:188:308:302:309:298:305:205:237:295:308:287:296:191:310:311:24:198:311:313:189:314:315:142:316:266:250:313:314:317:306:314:92:298:230:299:253:14:303:111:158:318:289:309:257:238:317:320:321:320:113:299:318:317:315:321:198:322:267:60:323:323:323:203:157:324:325:326:140:68:310:316:319:324:214:104:305:325:288:328:329:285:330:244:294:331:331:332:460:332:334:335:336:337:338:334:339:222:339:321:340:335:460:341:340:338:330:329:342:214:229:342:343:335:282:336:188:235:337:72:326:240:344:345:346:347:269:345:341:348:349:349:85:346:350:348:351:351:343:352:241:255:299:342:310:353:344:1:159:354:349:524:23:350:339:189:352:315:355:355:353:279:356:328:335:65:347:357:356:318:358:357:359:354:354:337:83:595:94:199:361:362:449:311:121:365:361:556:359:355:46:366:367:368:332:360:102:264:365:358:366:252:338:370:371:272:206:368:372:438:373:370:374:25:125:297:375:338:376:404:100:263:273:362:371:8:377:378:245:376:375:377:171:373:333:367:368:378:126:372:52:276:376:311:345:379:380:370:284:215:382:225:106:383:344:554:383:336:384:309:200:296:386:362:524:129:207:359:200:379:244:387:319:333:200:258:388:342:389:213:380:329:42:356:389:382:16:390:310:366:388:390:347:17:274:346:391:385:306:392:393:386:58:138:304:371:395:395:367:280:396:396:229:357:392:256:397:397:320:376:54:316:398:399:400:393:156:163:402:400:403:350:365:391:399:404:251:290:276:405:0:406:326:404:375:406:402:361:28:403:369:407:385:341:408:291:336:313:410:411:379:372:278:297:322:408:357:18:291:407:413:178:464:399:118:283:380:218:331:377:348:400:386:414:400:253:414:356:416:415:416:99:417:353:418:373:351:418:106:330:420:350:434:173:421:417:262:307:212:382:452:424:553:275:402:425:420:303:308:425:66:161:112:410:283:406:553:325:429:254:302:429:329:393:421:10:265:430:194:99:387:280:397:352:285:208:431:427:432:228:420:258:430:433:434:241:434:405:431:234:433:468:406:432:383:410:437:384:438:383:384:439:198:440:440:425:417:441:415:442:15:307:499:450:120:437:11:441:450:399:185:321:381:405:447:447:448:427:265:441:447:445:444:389:413:446:385:422:408:216:452:247:407:523:374:434:436:439:453:411:454:454:275:340:453:455:471:179:427:237:495:465:293:422:455:456:442:288:287:449:187:403:459:448:448:416:454:459:421:59:392:444:236:164:429:463:419:460:381:464:465:143:463:409:421:442:390:369:465:466:280:467:227:143:424:468:466:470:415:436:469:471:418:439:203:343:455:103:370:414:353:452:168:429:472:440:281:378:470:469:475:468:186:569:476:456:449:314:478:422:479:358:481:324:304:301:478:483:475:476:479:481:484:494:444:281:201:432:486:388:485:446:471:460:187:301:59:398:398:467:489:483:556:445:490:182:433:489:348:490:491:491:176:569:426:303:454:11:328:369:498:494:56:347:495:209:491:170:44:328:446:497:496:494:456:369:306:226:486:209:496:325:409:396:301:419:164:500:514:547:590:207:488:333:488:459:476:500:377:438:390:471:415:466:554:251:519:519:508:509:581:154:530:364:510:510:131:449:368:593:508:119:493:498:181:509:364:494:513:472:514:105:483:426:426:431:484:470:93:64:339:387:397:504:215:364:568:459:497:545:373:216:504:419:519:499:283:451:520:381:545:12:334:351:485:520:523:490:313:291:469:405:525:217:398:238:525:590:90:467:463:43:413:333:520:307:581:319:277:529:188:295:294:464:473:127:524:530:263:46:267:315:540:529:452:277:479:462:530:523:528:80:516:593:497:355:95:537:485:445:467:537:92:539:522:539:499:541:249:96:541:534:255:320:528:532:542:543:544:394:542:543:522:425:516:592:496:394:364:388:513:490:544:427:141:426:532:547:465:513:539:499:262:591:152:293:29:545:484:302:394:281:556:495:474:436:451:483:581:175:553:493:514:379:568:555:372:555:544:493:319:547:456:401:374:489:598:548:534:578:197:556:272:601:601:560:561:562:560:546:535:575:575:562:598:560:166:561:411:475:413:537:458:510:535:462:401:566:540:600:492:458:239:568:323:390:516:458:569:498:557:204:590:360:409:440:389:474:566:519:47:603:462:578:500:145:501:566:474:478:598:450:545:576:580:577:576:214:565:577:437:448:592:278:395:508:569:576:579:580:580:509:540:546:579:582:420:583:211:473:570:270:430:30:488:453:586:517:522:437:428:529:472:525:518:528:582:341:73:445:473:578:565:511:591:577:262:428:591:593:593:367:574:586:574:603:343:594:548:424:595:595:80:167:595:518:594:270:474:541:204:576:594:601:391:188:511:9:106:586:583:517:546:270:251:600:542:600:601:602:300:479:603:565:602:481:491:543:251:586:583:30:501:561:48:431:555:451:579:570:311:486:49:525:575:523:582:433:24
921,1015,554,0,6404,43:1:2:32:2:4:245:6:7:4:8:63:1:9:10:160:10:12:322:312:12:14:9:8:15:16:20:15:18:19:503:19:81:22:48:36:23:18:14:503:24:4:16:6:25:12:38:26:0:28:131:25:29:29:503:492:45:24:26:31:606:7:60:317:28:33:20:492:23:4:34:32:16:34:312:48:36:312:22:0:37:21:33:492:38:23:39:39:606:215:41:7:42:43:2:38:215:41:33:44:160:20:128:21:47:45:606:49:108:190:10:50:49:44:51:77:34:47:52:51:53:54:55:36:53:32:57:28:48:94:93:42:60:49:61:61:62:120:55:64:65:54:52:62:43:64:93:66:67:1:73:67:68:31:37:69:57:65:322:182:69:22:71:8:60:71:72:56:40:68:29:120:19:74:124:74:65:75:37:43:76:75:77:0:45:78:233:81:72:596:61:80:596:11:82:83:84:56:64:596:70:85:86:85:80:233:86:80:73:87:83:63:69:55:88:89:78:90:88:91:67:91:89:14:70:78:81:88:94:21:95:40:82:31:52:44:55:94:87:95:97:192:40:97:72:21:144:50:136:99:100:101:102:103:82:104:25:103:101:105:106:103:73:107:105:104:108:98:109:108:51:109:39:100:27:15:160:71:107:111:112:113:114:54:159:116:102:126:83:116:94:114:36:107:117:118:68:119:77:70:132:112:58:63:159:121:122:122:119:111:42:90:5:123:113:159:606:124:125:31:118:41:5:124:127:126:128:129:130:29:130:131:122:132:125:133:123:117:133:127:18:126:129:33:34:132:109:19:134:97:135:58:134:137:135:76:109:96:139:127:78:140:141:186:142:84:96:137:130:101:141:142:144:145:136:146:129:91:146:139:27:84:119:147:5:138:121:149:150:147:233:95:151:53:151:123:147:120:125:87:152:153:41:153:145:152:149:100:149:39:154:155:150:50:157:107:156:133:155:47:136:158:154:157:75:158:93:190:142:160:143:146:161:162:163:59:162:161:59:37:143:128:150:140:190:112:167:153:168:169:58:124:169:168:170:89:6:84:131:56:171:172:172:137:156:89:99:171:173:66:174:173:175:174:165:166:17:166:170:536:175:164:11:17:178:536:503:179:180:180:181:181:182:158:183:26:134:184:179:175:185:116:186:186:180:95:187:173:185:184:46:62:139:187:189:220:191:150:24:113:192:90:191:179:193:191:134:105:194:110:138:189:183:67:110:195:194:196:197:312:27:132:197:198:195:199:143:74:184:106:98:155:196:200:166:152:192:181:5:57:183:201:141:138:202:200:51:203:391:199:190:205:205:104:206:46:207:207:208:201:168:203:198:243:209:66:6:211:2:111:172:208:211:110:209:164:212:202:213:194:212:117:536:176:193:167:210:206:170:114:201:137:135:168:20:147:122:161:188:169:213:216:144:217:85:153:55:218:219:360:151:146:92:22:221:220:219:221:165:195:222:223:224:223:224:221:163:222:215:174:156:182:184:225:226:227:218:144:229:228:226:155:218:210:230:123:225:136:231:50:74:224:554:231:212:230:197:102:45:77:98:234:234:235:234:236:221:237:238:154:88:236:199:239:118:208:165:237:554:241:240:241:242:308:239:235:62:27:223:219:63:243:133:243:176:230:242:76:108:227:244:226:245:217:246:222:228:247:248:246:145:235:249:250:247:210:249:252:135:225:253:239:248:229:233:250:252:110:249:209:166:97:17:86:231:240:242:254:255:99:256:257:255:258:185:259:256:254:258:257:260:32:261:360:162:263:264:178:265:259:213:263:261:238:266:259:267:211:254:260:248:265:268:252:268:269:244:264:271:272:243:9:57:193:196:273:269:26:267:227:274:275:276:277:276:275:278:279:272:81:273:274:280:163:282:86:71:38:277:268:284:278:285:239:282:116:286:246:247:149:287:274:286:284:220:266:220:139:266:202:384:289:411:290:260:180:92:300:285:169:292:289:290:271:279:293:199:294:284:206:245:287:295:294:296:121:91:40:292:297:273:298:162:299:300:286:524:288:157:295:302:231:303:300:69:283:297:140:271:293:260:219:98:265:304:305:304:261:205:86:306:292:188:308:302:309:298:305:205:237:295:308:287:296:191:310:311:24:198:311:313:189:314:315:142:316:266:250:313:314:317:306:314:92:298:230:299:253:14:303:111:158:318:289:309:257:238:317:320:321:320:113:299:318:317:315:321:198:322:267:60:323:323:323:203:157:324:325:326:140:68:310:316:319:324:214:104:305:325:288:328:329:285:330:244:294:331:331:332:460:332:334:335:336:337:338:334:339:222:339:321:340:335:460:341:340:338:330:329:342:214:229:342:343:335:282:336:188:235:337:72:326:240:344:345:346:347:269:345:341:348:349:349:85:346:350:348:351:351:343:352:241:255:299:342:310:353:344:1:159:354:349:524:23:350:339:189:352:315:355:355:353:279:356:328:335:65:347:464:356:318:358:40:359:354:354:337:83:595:94:199:361:362:449:311:121:365:361:556:359:355:46:366:367:368:332:360:102:264:365:358:366:252:338:370:371:272:206:368:372:438:373:370:374:25:125:297:375:338:376:404:100:263:273:362:371:8:377:378:245:376:375:377:171:373:333:367:368:378:126:372:52:276:376:311:345:379:380:370:284:215:382:225:106:383:344:554:383:336:384:309:200:296:386:362:524:129:207:359:200:379:244:387:319:333:200:258:388:342:389:213:380:329:42:356:389:382:16:390:310:366:388:390:347:17:274:346:391:385:306:392:393:386:58:138:304:371:395:395:367:280:396:396:229:357:392:256:397:397:320:376:54:316:398:399:400:393:156:163:402:400:403:350:365:391:399:404:251:290:276:405:0:406:326:404:375:406:402:361:28:403:369:407:385:341:408:291:336:313:410:411:379:372:278:297:322:408:357:18:291:407:413:178:464:399:118:283:380:218:331:377:348:400:386:414:400:253:414:356:416:415:416:53:417:353:418:373:351:418:106:330:420:350:434:173:421:417:262:307:212:382:452:424:553:275:402:425:420:303:308:425:66:161:112:410:283:406:553:325:429:254:302:429:329:393:421:10:265:430:194:357:387:280:397:352:285:208:431:427:432:228:420:258:430:433:434:241:434:405:431:234:433:468:406:432:383:410:437:384:438:383:384:439:198:440:440:425:417:441:415:442:15:307:499:450:120:437:11:441:450:399:185:321:381:405:447:447:448:427:265:441:447:445:444:389:413:446:385:422:408:216:452:247:407:523:374:434:436:439:453:411:454:454:275:340:453:455:471:179:427:237:495:465:293:422:455:456:442:288:287:449:187:403:459:448:448:416:454:459:421:59:392:444:236:164:429:167:419:460:381:464:465:143:81:409:421:442:390:369:465:466:280:467:227:143:424:468:466:470:415:436:469:471:418:439:203:343:455:103:370:414:353:452:168:429:472:440:281:378:470:469:475:468:186:569:476:456:449:314:478:422:479:358:481:324:304:301:478:483:475:476:479:481:484:494:444:281:201:432:486:388:485:446:471:460:187:301:59:398:398:467:489:483:556:445:490:182:433:489:348:490:491:491:176:569:426:303:454:11:328:369:498:494:56:347:495:209:491:170:44:328:446:497:496:494:456:369:306:226:486:209:496:325:409:396:301:419:164:500:514:547:590:207:488:333:488:459:476:500:377:438:390:471:415:466:554:251:519:519:508:509:581:154:530:364:510:510:131:449:368:593:508:119:493:498:181:509:364:494:513:472:514:105:483:426:426:431:484:470:93:64:339:387:397:504:215:364:568:459:497:545:373:216:504:419:519:499:283:451:520:381:545:12:334:351:485:520:523:490:313:291:469:405:525:217:398:238:525:590:90:467:463:43:413:333:520:307:581:319:277:529:188:295:294:464:473:127:524:530:263:46:267:315:540:529:452:277:479:462:530:523:528:80:516:593:497:355:95:537:485:445:467:537:92:539:522:539:499:541:249:96:541:534:255:320:528:532:542:543:544:394:542:543:522:425:516:592:496:394:364:388:513:490:544:427:141:426:532:547:465:513:539:499:262:591:152:293:29:545:484:302:394:281:556:495:474:436:451:483:581:175:553:493:514:379:568:555:372:555:544:493:319:547:456:401:374:489:598:548:534:578:197:556:272:601:601:560:561:562:560:546:535:575:575:562:598:560:166:561:411:475:413:537:458:510:535:462:401:566:540:600:492:458:239:568:323:390:516:458:569:498:557:204:590:360:409:440:389:474:566:519:47:603:462:578:500:145:501:566:474:478:598:450:545:576:580:577:576:214:565:577:437:448:592:278:395:508:569:576:579:580:580:509:540:546:579:582:420:583:211:473:570:270:430:30:488:453:586:517:522:437:428:529:472:525:518:528:582:341:73:445:473:578:565:511:591:577:262:428:591:593:593:367:574:586:574:603:343:594:548:424:595:595:80:167:595:518:594:270:474:541:204:576:594:601:391:188:511:9:106:586:583:517:546:270:251:600:542:600:601:602:300:479:603:565:602:481:491:543:251:586:583:30:501:561:48:431:555:451:579:570:311:486:49:525:575:523:582:433:24
927,1022,553,0,6402,43:1:2:32:2:4:245:6:7:4:8:63:1:9:10:160:10:12:322:312:12:14:9:8:15:16:20:15:18:19:503:19:81:22:48:36:23:18:14:503:24:4:16:6:25:12:38:26:0:28:131:25:29:29:503:492:45:24:26:31:606:7:60:317:28:33:20:492:23:4:34:32:16:34:312:48:36:312:22:0:37:21:33:492:38:23:39:39:606:215:41:7:42:43:2:38:215:41:33:44:160:20:128:21:47:45:606:49:108:190:10:50:49:44:51:77:34:47:52:51:53:54:55:36:53:32:57:28:48:94:93:42:60:49:61:61:62:120:55:64:65:54:52:62:43:64:93:66:67:1:73:67:68:31:37:69:57:65:322:182:69:22:71:8:60:71:72:56:40:68:29:120:19:74:124:74:65:75:37:43:76:75:77:0:45:78:233:81:72:596:61:80:596:11:82:83:84:56:64:596:70:85:86:85:80:233:86:80:73:87:83:63:69:55:88:89:78:90:88:91:67:91:89:14:70:78:81:88:94:21:95:40:82:31:52:44:55:94:87:95:97:192:40:97:72:21:144:50:136:99:100:101:102:103:82:104:25:103:101:105:106:103:73:107:105:104:108:98:109:108:51:109:39:100:27:15:160:71:107:111:112:113:114:54:159:116:102:126:83:116:94:114:36:107:117:118:68:119:77:70:132:112:58:63:159:121:122:122:119:111:42:90:5:123:113:159:606:124:125:31:118:41:5:124:127:126:128:129:130:29:130:131:122:132:125:133:123:117:133:127:18:126:129:33:34:132:109:19:134:97:135:58:134:137:135:76:109:96:139:127:78:140:141:186:142:84:96:137:130:101:141:142:144:145:136:146:129:91:146:139:27:84:119:147:5:138:121:149:150:147:233:95:151:53:151:123:147:120:125:87:152:153:41:153:145:152:149:100:149:39:154:155:150:50:157:107:156:133:155:47:136:158:154:157:75:158:93:190:142:160:143:146:161:162:163:59:162:161:59:37:143:128:150:140:190:112:167:153:168:169:58:124:169:168:170:89:6:84:131:56:171:172:172:137:156:89:99:171:173:66:174:173:175:174:165:166:17:166:170:536:175:164:11:17:178:536:503:179:180:180:181:181:182:158:183:26:134:184:179:175:185:116:186:186:180:95:187:173:185:184:46:62:139:187:189:220:191:150:24:113:192:90:191:179:193:191:134:105:194:110:138:189:183:67:110:195:194:196:197:312:27:132:197:198:195:199:143:74:184:106:98:155:196:200:166:152:192:181:5:57:183:201:141:138:202:200:51:203:391:199:190:205:205:104:206:46:207:207:208:201:168:203:198:243:209:66:6:211:2:111:172:208:211:110:209:164:212:202:213:194:212:117:536:176:193:167:210:206:170:114:201:137:135:168:20:147:122:161:188:169:213:216:144:217:85:153:55:218:219:360:151:146:92:22:221:220:219:221:165:195:222:223:224:223:224:221:163:222:215:174:156:182:184:225:226:227:218:144:229:228:226:155:218:210:230:123:225:136:231:50:74:224:554:231:212:230:197:102:45:77:98:234:234:235:234:236:221:237:238:154:88:236:199:239:118:208:165:237:554:241:240:241:242:308:239:235:62:27:223:219:63:243:133:243:176:230:242:76:108:227:244:226:245:217:246:222:228:247:248:246:145:235:249:250:247:210:249:252:135:225:253:239:248:229:233:250:252:110:249:209:166:97:17:86:231:240:242:254:255:99:256:257:255:258:185:259:256:254:258:257:260:32:261:360:162:263:264:178:265:259:213:263:261:238:266:259:267:211:254:260:248:265:268:252:268:269:244:264:271:272:243:9:57:193:196:273:269:26:267:227:274:275:276:277:276:275:278:279:272:81:273:274:280:163:282:86:71:38:277:268:284:278:285:239:282:116:286:246:247:149:287:274:286:284:220:266:220:139:266:202:384:289:411:290:260:180:92:300:285:169:292:289:290:271:279:293:199:294:284:206:245:287:295:294:296:121:91:40:292:297:273:298:162:299:300:286:524:288:157:295:302:231:303:300:69:283:297:140:271:293:260:219:98:265:304:305:304:261:205:86:306:292:188:308:302:309:298:305:205:237:295:308:287:296:191:310:311:24:198:311:313:189:314:315:142:316:266:250:313:314:317:306:314:92:298:230:299:253:14:303:111:158:318:289:309:257:238:317:320:321:320:113:299:318:317:315:321:198:322:267:60:323:323:323:203:157:324:325:326:140:68:310:316:319:324:214:104:305:325:288:328:329:285:330:244:294:331:331:332:460:332:334:335:336:337:338:334:339:222:339:321:340:335:460:341:340:338:330:329:342:214:229:342:343:335:282:336:188:235:337:72:326:240:344:345:346:347:269:345:341:348:349:349:85:346:350:348:351:351:343:352:241:255:299:342:310:353:344:1:159:354:349:524:23:350:339:189:352:315:355:355:353:279:356:328:335:65:347:464:356:318:358:40:359:354:354:337:83:595:94:199:361:362:449:311:121:365:361:556:359:355:46:366:367:368:332:360:102:264:365:358:366:252:338:370:371:272:206:368:372:438:373:370:374:25:125:297:375:338:376:404:100:263:273:362:371:8:377:378:245:376:375:377:171:373:333:367:368:378:126:372:52:276:376:311:345:379:380:370:284:215:382:225:106:383:344:554:383:336:384:309:200:296:386:362:524:129:207:359:200:379:244:387:319:333:200:258:388:342:389:213:380:329:42:356:389:382:16:390:310:366:388:390:347:17:274:346:391:385:306:392:393:386:58:138:304:371:395:395:367:280:396:396:229:357:392:256:397:397:320:376:54:316:398:399:400:393:156:163:402:400:403:350:365:391:399:404:251:290:276:405:0:406:326:404:375:406:402:361:28:403:369:407:385:341:408:291:336:313:410:411:379:372:278:297:322:408:357:18:291:407:413:178:464:399:118:283:380:218:331:377:348:400:386:414:400:253:414:356:416:415:416:53:417:353:418:373:351:418:106:330:420:350:434:173:421:417:262:307:212:382:452:424:553:275:402:425:420:303:308:425:66:161:112:410:283:406:553:325:429:254:302:429:329:393:421:10:265:430:194:357:387:280:397:352:285:208:431:427:432:228:420:258:430:433:434:241:434:405:431:234:433:468:406:432:383:410:437:384:438:383:384:439:198:440:440:425:417:441:415:442:15:307:499:450:120:437:11:441:450:399:185:321:381:405:447:447:448:427:265:441:447:445:444:389:413:446:385:422:408:216:452:247:407:523:374:434:436:439:453:411:454:454:275:340:453:455:471:179:427:237:495:465:293:422:455:456:442:288:287:449:187:403:459:448:448:416:454:459:421:59:392:444:236:164:429:167:419:460:381:464:465:143:81:409:421:442:390:369:465:466:280:467:227:143:424:468:466:470:415:436:469:471:418:439:203:343:455:103:370:414:353:452:168:429:472:440:281:378:470:469:475:468:186:569:476:456:449:314:478:422:479:358:481:324:304:301:478:483:475:476:479:481:484:494:444:281:201:432:486:388:485:446:471:460:187:301:59:398:398:467:489:483:556:445:490:182:433:489:348:490:491:491:176:569:426:303:454:11:328:369:498:494:56:347:495:209:491:170:44:328:446:497:496:494:456:369:306:226:486:209:496:325:409:396:301:419:164:500:514:547:590:207:488:333:488:459:476:500:377:438:390:471:415:466:554:251:519:519:508:509:581:154:530:364:510:510:131:449:368:593:508:119:493:498:181:509:364:494:513:472:514:105:483:426:426:431:484:470:93:64:339:387:397:504:215:364:568:459:497:545:373:216:504:419:519:499:283:451:520:381:545:12:334:351:485:520:523:490:313:291:469:405:525:217:398:238:525:590:90:467:463:43:413:333:520:307:581:319:277:529:188:295:294:464:473:127:524:530:263:46:267:315:540:529:452:277:479:462:530:523:528:80:516:593:497:355:95:537:485:445:467:537:92:539:522:539:499:463:249:96:541:534:255:320:528:532:542:543:544:394:542:543:522:425:516:592:496:394:364:388:513:490:544:427:141:426:532:547:465:513:539:499:262:591:152:293:29:545:484:302:394:281:556:495:474:436:451:483:581:175:553:493:514:379:568:555:372:555:544:493:319:547:456:401:374:489:598:548:534:578:197:556:272:601:601:560:561:562:560:546:535:575:575:562:598:560:166:561:411:475:413:537:458:510:535:462:401:566:540:600:492:458:239:568:323:390:516:458:569:498:541:204:590:360:409:440:389:474:566:519:47:603:462:578:500:145:501:566:474:478:598:450:545:576:580:577:576:214:565:577:437:448:592:278:395:508:569:576:579:580:580:509:540:546:579:582:420:583:211:473:570:270:430:30:488:453:586:517:522:437:428:529:472:525:518:528:582:341:73:445:473:578:565:511:591:577:262:428:591:593:593:367:574:586:574:603:343:594:548:424:595:595:80:167:595:518:594:270:474:532:204:576:594:601:391:188:511:9:106:586:583:517:546:270:251:600:542:600:601:602:300:479:603:565:602:481:491:543:251:586:583:30:501:561:48:431:555:451:579:570:311:486:49:525:575:523:582:433:24
946,1047,553,0,6400,43:1:2:32:2:4:245:6:7:4:8:63:1:9:10:160:10:12:322:312:12:14:9:8:15:16:20:15:18:19:503:19:81:22:48:36:23:18:14:503:24:4:16:6:25:12:38:26:0:28:131:25:29:29:503:492:45:24:26:31:606:7:60:317:28:33:20:492:23:4:34:32:16:34:312:48:36:312:22:0:37:21:33:492:38:23:39:39:606:215:41:7:42:43:2:38:215:41:33:44:160:20:128:21:47:45:606:49:108:190:10:50:49:44:51:77:34:47:52:51:53:54:55:36:53:32:57:28:48:94:93:42:60:49:61:61:62:120:55:64:65:54:52:62:43:64:93:66:67:1:73:67:68:31:37:69:57:65:322:182:69:22:71:8:60:71:72:56:40:68:29:120:19:74:124:74:65:75:37:43:76:75:77:0:45:78:233:81:72:596:61:80:596:11:82:83:84:56:64:596:70:85:86:85:80:233:86:80:73:87:83:63:69:55:88:89:78:90:88:91:67:91:89:14:70:78:81:88:94:21:95:40:82:31:52:44:55:94:87:95:97:192:40:97:72:21:144:50:136:99:100:101:102:103:82:104:25:103:101:105:106:103:73:107:105:104:108:98:109:108:51:109:39:100:27:15:160:71:107:111:112:113:114:54:159:116:102:126:83:116:94:114:36:107:117:118:68:119:77:70:132:112:58:63:159:121:122:122:119:111:42:90:5:123:113:159:606:124:125:31:118:41:5:124:127:126:128:129:130:29:130:131:122:132:125:133:123:117:133:127:18:126:129:33:34:132:109:19:134:97:135:58:134:137:135:76:109:96:139:127:78:140:141:186:142:84:96:137:130:101:141:142:144:145:136:146:129:91:146:139:27:84:119:147:5:138:121:149:150:147:233:95:151:53:151:123:147:120:125:87:152:153:41:153:145:152:149:100:149:39:154:155:150:50:157:107:156:133:155:47:136:158:154:157:75:158:93:190:142:160:143:146:161:162:163:59:162:161:59:37:143:128:150:140:190:112:167:153:168:169:58:124:169:168:170:89:6:84:131:56:171:172:172:137:156:89:99:171:173:66:174:173:175:174:165:166:17:166:170:536:175:164:11:17:178:536:503:179:180:180:181:181:182:158:183:26:134:184:179:175:185:116:186:186:180:95:187:173:185:184:46:62:139:187:189:220:191:150:24:113:192:90:191:179:193:191:134:105:194:110:138:189:183:67:110:195:194:196:197:312:27:132:197:198:195:199:143:74:184:106:98:155:196:200:166:152:192:181:5:57:183:201:141:138:202:200:51:203:391:199:190:205:205:104:206:46:207:207:208:201:168:203:198:243:209:66:6:211:2:111:172:208:211:110:209:164:212:202:213:194:212:117:536:176:193:167:210:206:170:114:201:137:135:168:20:147:122:161:188:169:213:216:144:217:85:153:55:218:219:360:151:146:92:22:221:220:219:221:165:195:222:223:224:223:224:221:163:222:215:174:156:182:184:225:226:227:218:144:229:228:226:155:218:210:230:123:225:136:231:50:74:224:554:231:212:230:197:102:45:77:98:234:234:235:234:236:221:237:238:154:88:236:199:239:118:208:165:237:554:241:240:241:242:308:239:235:62:27:223:219:63:243:133:243:176:230:242:76:108:227:244:226:245:217:246:222:228:247:248:246:145:235:249:250:247:210:249:252:135:225:253:239:248:229:233:250:252:110:249:209:166:97:17:86:231:240:242:254:255:99:256:257:255:258:185:259:256:254:258:257:260:32:261:360:162:263:264:178:265:259:213:263:261:238:266:259:267:211:254:260:248:265:268:252:268:269:244:264:271:272:243:9:57:193:196:273:269:26:267:227:274:275:276:277:276:275:278:279:272:81:273:274:280:163:282:86:71:38:277:268:284:278:285:239:282:116:286:246:247:149:287:274:286:284:220:266:220:139:266:202:384:289:411:290:260:180:92:300:285:169:292:289:290:271:279:293:199:294:284:206:245:287:295:294:296:121:91:40:292:297:273:298:162:299:300:286:524:288:157:295:302:231:303:300:69:283:297:140:271:293:260:219:98:265:304:305:304:261:205:86:306:292:188:308:302:309:298:305:205:237:295:308:287:296:191:310:311:24:198:311:313:189:314:315:142:316:266:250:313:314:317:306:314:92:298:230:299:253:14:303:111:158:318:289:309:257:238:317:320:321:320:113:299:318:317:315:321:198:322:267:60:323:323:323:203:157:324:325:326:140:68:310:316:319:324:214:104:305:325:288:328:329:285:330:244:294:331:331:332:460:332:334:335:336:337:338:334:339:222:339:321:340:335:460:341:340:338:330:329:342:214:229:342:343:335:282:336:188:235:337:72:326:240:344:345:346:347:269:345:341:348:349:349:85:346:350:348:351:351:343:352:241:255:299:342:310:353:344:1:159:354:349:524:23:350:339:189:352:315:355:355:353:279:356:328:335:65:347:464:356:318:358:40:359:354:354:337:83:595:94:199:361:362:449:311:121:365:361:556:359:355:46:366:367:368:332:360:102:264:365:358:366:252:338:370:371:272:206:368:372:438:373:370:374:25:125:297:375:338:376:404:100:263:273:362:371:8:377:378:245:376:375:377:171:373:333:367:368:378:126:372:52:276:376:311:345:379:380:370:284:215:382:225:106:383:344:554:383:336:384:309:200:296:386:362:524:129:207:359:200:379:244:387:319:333:200:258:388:342:389:213:380:329:42:356:389:382:16:390:310:366:388:390:347:17:274:346:391:385:306:392:393:386:58:138:304:371:395:395:367:280:396:396:229:357:392:256:397:397:320:376:54:316:398:399:400:393:156:163:402:400:403:350:365:391:399:404:251:290:276:405:0:406:326:404:375:406:402:361:28:403:369:407:385:341:408:291:336:313:410:411:379:372:278:297:322:408:357:18:291:407:413:178:464:399:118:283:380:218:331:377:348:400:386:414:400:253:414:356:416:415:416:53:417:353:418:373:351:418:106:330:420:350:434:173:421:417:262:307:212:382:452:424:553:275:402:425:420:303:308:282:66:161:112:410:283:406:553:325:429:254:302:429:329:393:421:10:265:430:194:357:387:280:397:352:285:208:431:427:432:228:420:258:430:433:434:241:434:405:431:234:433:468:406:432:383:410:437:384:438:383:384:439:198:440:440:425:417:441:415:442:15:307:499:450:120:437:11:441:450:399:185:321:381:405:447:447:448:427:265:441:447:445:444:389:413:446:385:422:408:216:452:247:407:523:374:434:436:439:453:411:454:454:275:340:453:455:471:179:427:237:495:465:293:422:455:456:442:288:287:449:187:403:459:448:448:416:454:459:421:59:392:444:236:164:429:167:419:460:381:464:465:143:81:409:421:442:390:369:465:466:280:467:227:143:424:468:466:470:415:436:469:471:418:439:203:343:455:103:370:414:353:452:168:429:472:440:281:378:470:469:475:468:186:569:476:456:449:314:478:422:479:358:481:324:304:301:478:483:475:476:479:481:484:494:444:281:201:432:486:388:485:446:471:460:187:301:59:398:398:467:489:483:556:445:490:182:433:489:348:490:491:491:176:569:426:303:454:11:328:369:498:494:56:347:495:209:491:170:44:328:446:497:496:494:456:369:306:226:486:209:496:325:409:396:301:419:164:500:514:547:590:207:488:333:488:459:476:500:377:438:390:471:415:466:554:251:519:519:508:509:581:154:530:364:510:510:131:449:368:593:508:119:493:498:181:509:364:494:513:472:514:105:483:426:426:431:484:470:93:64:339:387:397:504:215:364:568:459:497:545:373:216:504:419:519:499:283:451:520:381:545:12:334:351:485:520:523:490:313:291:469:405:525:217:398:238:525:590:90:467:463:43:413:333:520:307:581:319:277:529:188:295:294:464:425:127:524:530:263:46:267:315:540:529:452:277:479:462:530:523:528:80:516:593:497:355:95:537:485:445:467:537:92:539:522:539:499:463:249:96:541:534:255:320:528:532:542:543:544:394:542:543:522:425:516:592:496:394:364:388:513:490:544:427:141:426:532:547:465:513:539:499:262:591:152:293:29:545:484:302:394:281:556:495:474:436:451:483:581:175:553:493:514:379:568:555:372:555:544:493:319:547:456:401:374:489:598:548:534:578:197:556:272:601:601:560:561:562:560:546:535:575:575:562:598:560:166:561:411:475:413:537:458:510:535:462:401:566:540:600:492:458:239:568:323:390:516:458:569:498:541:204:590:360:409:440:389:474:566:519:47:603:462:578:500:145:501:566:474:478:598:450:545:576:580:577:576:214:565:577:437:448:592:278:395:508:569:576:579:580:580:509:540:546:579:582:420:583:211:473:570:270:430:30:488:453:586:517:522:437:428:529:472:525:518:528:582:341:73:445:473:578:565:511:591:577:262:428:591:593:593:367:574:586:574:603:343:594:548:424:595:595:80:167:595:518:594:270:474:532:204:576:594:601:391:188:511:9:106:586:583:517:546:270:251:600:542:600:601:602:300:479:603:565:602:481:491:543:251:586:583:30:501:561:48:431:555:451:579:570:311:486:49:525:575:523:582:433:24
993,1106,553,0,6399,43:1:2:32:2:4:245:6:7:4:8:63:1:9:10:160:10:12:322:312:12:14:9:8:15:16:20:15:18:19:503:19:81:22:48:36:23:18:14:503:24:4:16:6:25:12:38:26:0:28:131:25:29:29:503:492:45:24:26:31:606:7:60:317:28:33:20:492:23:4:34:32:16:34:312:48:36:312:22:0:37:21:33:492:38:23:39:39:606:215:41:7:42:43:2:38:215:41:33:44:160:20:128:21:47:45:606:49:108:190:10:50:49:44:51:77:34:47:52:51:53:54:55:36:53:32:57:28:48:94:93:42:60:49:61:61:62:120:55:64:65:54:52:62:43:64:93:66:67:1:73:67:68:31:37:69:57:65:322:182:69:22:71:8:60:71:72:56:40:68:29:120:19:74:124:74:65:75:37:43:76:75:77:0:45:78:233:81:72:596:61:80:596:11:82:83:84:56:64:596:70:85:86:85:80:233:86:80:73:87:83:63:69:55:88:89:78:90:88:91:67:91:89:14:70:78:81:88:94:21:95:40:82:31:52:44:55:94:87:95:97:192:40:97:72:21:144:50:136:99:100:101:102:103:82:104:25:103:101:105:106:103:73:107:105:104:108:98:109:108:51:109:39:100:27:15:160:71:107:111:112:113:114:54:159:116:102:126:83:116:94:114:36:107:117:118:68:119:77:70:132:112:58:63:159:121:122:122:119:111:42:90:5:123:113:159:606:124:125:31:118:41:5:124:127:126:128:129:130:29:130:131:122:132:125:133:123:117:133:127:18:126:129:33:34:132:109:19:134:97:135:58:134:137:135:76:109:96:139:127:78:140:141:186:142:84:96:137:130:101:141:142:144:145:136:146:129:91:146:139:27:84:119:147:5:138:121:149:150:147:233:95:151:53:151:123:147:120:125:87:152:153:41:153:145:152:149:100:149:39:154:155:150:50:157:107:156:133:155:47:136:158:154:157:75:158:93:190:142:160:143:146:161:162:163:59:162:161:59:37:143:128:150:140:190:112:167:153:168:169:58:124:169:168:170:89:6:84:131:56:171:172:172:137:156:89:99:171:173:66:174:173:175:174:165:166:17:166:170:536:175:164:11:17:178:536:503:179:180:180:181:181:182:158:183:26:134:184:179:175:185:116:186:186:180:95:187:173:185:184:46:62:139:187:189:220:191:150:24:113:192:90:191:179:193:191:134:105:194:110:138:189:183:67:110:195:194:196:197:312:27:132:197:198:195:199:143:74:184:106:98:155:196:200:166:152:192:181:5:57:183:201:141:138:202:200:51:203:391:199:190:205:205:104:206:46:207:207:208:201:168:203:198:243:209:66:6:211:2:111:172:208:211:110:209:164:212:202:213:194:212:117:536:176:193:167:210:206:170:114:201:137:135:168:20:147:122:161:188:169:213:216:144:217:85:153:55:218:219:360:151:146:92:22:221:220:219:221:165:195:222:223:224:223:224:221:163:222:215:174:156:182:184:225:226:227:218:144:229:228:226:155:218:210:230:123:225:136:231:50:74:224:554:231:212:230:197:102:45:77:98:234:234:235:234:236:221:237:238:154:88:236:199:239:118:208:165:237:554:241:240:241:242:308:239:235:62:27:223:219:63:243:133:243:176:230:242:76:108:227:244:226:245:217:246:222:228:247:248:246:145:235:249:250:247:210:249:252:135:225:253:239:248:229:233:250:252:110:249:209:166:97:17:86:231:240:242:254:255:99:256:257:255:258:185:259:256:254:258:257:260:32:261:360:162:263:264:178:265:259:213:263:261:238:266:259:267:211:254:260:248:265:268:252:268:269:244:264:271:272:243:9:57:193:196:273:269:26:267:227:274:275:276:277:276:275:278:279:272:81:273:274:280:163:282:86:71:38:277:268:284:278:285:239:282:116:286:246:247:149:287:274:286:284:220:266:220:139:266:202:384:289:411:290:260:180:92:300:285:169:292:289:290:271:279:293:199:294:284:206:245:287:295:294:296:121:91:40:292:297:273:298:162:299:300:286:524:288:157:295:302:231:303:300:69:283:297:140:271:293:260:219:98:265:304:305:304:261:205:86:306:292:188:308:302:309:298:305:205:237:295:308:287:296:191:310:311:24:198:311:313:189:314:315:142:316:266:250:313:314:317:306:314:92:298:230:299:253:14:303:111:158:318:289:309:257:238:317:320:321:320:113:299:318:317:315:321:198:322:267:60:323:323:323:203:157:324:325:326:140:68:310:316:319:324:214:104:305:325:288:328:329:285:330:244:294:331:331:332:460:332:334:335:336:337:338:334:339:222:339:321:340:335:460:341:340:338:330:329:342:214:229:342:343:335:282:336:188:235:337:72:326:240:344:345:346:347:269:345:341:348:349:349:85:346:350:348:351:351:343:352:241:255:299:342:310:353:344:1:159:354:349:524:23:350:339:189:352:315:355:355:353:279:356:328:335:65:347:464:356:318:358:40:359:354:354:337:83:595:94:199:361:362:449:311:121:365:361:556:359:355:46:366:367:368:332:360:102:264:365:358:366:252:338:370:371:272:206:368:372:438:373:370:374:25:125:297:375:338:376:404:100:263:273:362:371:8:377:378:245:376:375:377:171:373:333:367:368:378:126:372:52:276:376:311:345:379:380:370:284:215:382:225:106:383:344:554:383:336:384:309:200:296:386:362:524:129:207:359:200:379:244:387:319:333:200:258:388:342:389:213:380:329:42:356:389:382:16:390:310:366:388:390:347:17:274:346:391:385:306:392:393:386:58:138:304:371:395:395:367:280:396:396:229:357:392:256:397:397:320:376:54:316:398:399:400:393:156:163:402:400:403:350:365:391:399:404:251:290:276:405:0:406:326:404:375:406:402:361:28:403:369:407:385:341:408:291:336:313:410:411:379:372:278:297:322:408:357:18:291:407:413:178:464:399:118:283:380:218:331:377:348:400:386:414:400:253:414:356:416:415:416:53:417:353:418:373:351:418:106:330:420:350:434:173:421:417:262:307:212:382:452:424:553:275:402:425:420:303:308:282:66:161:112:410:283:406:553:325:429:254:302:429:329:393:421:10:265:430:194:357:387:280:397:352:285:208:431:427:432:228:420:258:430:433:434:241:434:405:431:234:433:468:406:432:383:410:437:384:438:383:384:439:198:440:440:425:417:441:415:442:15:307:499:450:120:437:11:441:450:399:185:321:381:405:447:447:448:427:265:441:447:445:444:389:413:446:385:422:408:216:452:247:407:523:374:434:436:439:453:411:454:454:275:340:453:455:471:179:427:237:495:465:293:422:455:456:442:288:287:449:187:403:459:448:448:416:454:459:421:59:392:444:236:164:429:167:419:460:381:464:465:143:81:409:421:442:390:369:465:466:280:467:227:143:424:468:466:470:415:436:469:471:418:439:203:343:455:103:370:414:353:452:168:429:472:440:281:378:470:469:475:468:186:569:476:456:449:314:478:422:479:358:481:324:304:301:478:483:475:476:479:481:484:494:444:281:201:432:486:388:485:446:471:460:187:301:59:398:398:467:489:483:556:445:490:182:433:489:348:490:491:491:176:569:426:303:454:11:328:369:498:494:56:347:495:209:491:170:44:328:446:497:496:494:456:369:306:226:486:209:496:325:409:396:301:419:164:500:514:547:590:207:488:333:488:459:476:500:377:438:390:471:415:466:554:251:519:519:508:509:581:154:530:364:510:510:131:449:368:593:508:119:493:498:181:509:364:494:513:472:514:105:483:426:426:431:357:470:93:64:339:387:397:504:215:364:568:459:497:545:373:216:504:419:519:499:283:451:520:381:545:12:334:351:485:520:523:490:313:291:469:405:525:217:398:238:525:590:90:467:463:43:413:333:520:307:581:319:277:529:188:295:294:464:425:127:524:530:263:46:267:315:540:529:452:277:479:462:530:523:528:80:516:593:497:355:95:537:485:445:467:537:92:539:522:539:499:463:249:96:541:534:255:320:528:532:542:543:544:394:542:543:522:425:516:592:496:394:364:388:513:490:544:427:141:426:532:547:465:513:539:499:262:591:152:293:29:545:534:302:394:281:556:495:474:436:451:483:581:175:553:493:514:379:568:555:372:555:544:493:319:547:456:401:374:489:598:548:534:578:197:556:272:601:601:560:561:562:560:546:535:575:575:562:598:560:166:561:411:475:413:537:458:510:535:462:401:566:540:600:492:458:239:568:323:390:516:458:569:498:541:484:590:360:409:440:389:474:566:519:47:603:462:578:500:145:501:566:474:478:598:450:545:576:580:577:576:214:565:577:437:448:592:278:395:508:569:576:579:580:580:509:540:546:579:582:420:583:211:473:570:270:430:30:488:453:586:517:522:437:428:529:472:525:518:528:582:341:73:445:473:578:565:511:591:577:262:428:591:593:593:367:574:586:574:603:343:594:548:424:595:595:80:167:595:518:594:270:474:532:204:576:594:601:391:188:511:9:106:586:583:517:546:270:251:600:542:600:601:602:300:479:603:565:602:481:491:543:251:586:583:30:501:561:48:431:555:451:579:570:311:486:49:525:575:523:582:433:24
998,1110,552,0,6398,43:1:2:32:2:4:245:6:7:4:8:63:1:9:10:160:10:12:322:312:12:14:9:8:15:16:20:15:18:19:503:19:81:22:48:36:23:18:14:503:24:4:16:6:25:12:38:26:0:28:131:25:29:29:503:492:45:24:26:31:606:7:60:317:28:33:20:492:23:4:34:32:16:34:312:48:36:312:22:0:37:21:33:492:38:23:39:39:606:215:41:7:42:43:2:38:215:41:33:44:160:20:128:21:47:45:606:49:108:190:10:50:49:44:51:77:34:47:52:51:53:54:55:36:53:32:57:28:48:94:93:42:60:49:61:61:62:120:55:64:65:54:52:62:43:64:93:66:67:1:73:67:68:31:37:69:57:65:322:182:69:22:71:8:60:71:72:56:40:68:29:120:19:74:124:74:65:75:37:43:76:75:77:0:45:78:233:81:72:596:61:80:596:11:82:83:84:56:64:596:70:85:86:85:80:233:86:80:73:87:83:63:69:55:88:89:78:90:88:91:67:91:89:14:70:78:81:88:94:21:95:40:82:31:52:44:55:94:87:95:97:192:40:97:72:21:144:50:136:99:100:101:102:103:82:104:25:103:101:105:106:103:73:107:105:104:108:98:109:108:51:109:39:100:27:15:160:71:107:111:112:113:114:54:159:116:102:126:83:116:94:114:36:107:117:118:68:119:77:70:132:112:58:63:159:121:122:122:119:111:42:90:5:123:113:159:606:124:125:31:118:41:5:124:127:126:128:129:130:29:130:131:122:132:125:133:123:117:133:127:18:126:129:33:34:132:109:19:134:97:135:58:134:137:135:76:109:96:139:127:78:140:141:186:142:84:96:137:130:101:141:142:144:145:136:146:129:91:146:139:27:84:119:147:5:138:121:149:150:147:233:95:151:53:151:123:147:120:125:87:152:153:41:153:145:152:149:100:149:39:154:155:150:50:157:107:156:133:155:47:136:158:154:157:75:158:93:190:142:160:143:146:161:162:163:59:162:161:59:37:143:128:150:140:190:112:167:153:168:169:58:124:169:168:170:89:6:84:131:56:171:172:172:137:156:89:99:171:173:66:174:173:175:174:165:166:17:166:170:536:175:164:11:17:178:536:503:179:180:180:181:181:182:158:183:26:134:184:179:175:185:116:186:186:180:95:187:173:185:184:46:62:139:187:189:220:191:150:24:113:192:90:191:179:193:191:134:105:194:110:138:189:183:67:110:195:194:196:197:312:27:132:197:198:195:199:143:74:184:106:98:155:196:200:166:152:192:181:5:57:183:201:141:138:202:200:51:203:391:199:190:205:205:104:206:46:207:207:208:201:168:203:198:243:209:66:6:211:2:111:172:208:211:110:209:164:212:202:213:194:212:117:536:176:193:167:210:206:170:114:201:137:135:168:20:147:122:161:188:169:213:216:144:217:85:153:55:218:219:360:151:146:92:22:221:220:219:221:165:195:222:223:224:223:224:221:163:222:215:174:156:182:184:225:226:227:218:144:229:228:226:155:218:210:230:123:225:136:231:50:74:224:554:231:212:230:197:102:45:77:98:234:234:235:234:236:221:237:238:154:88:236:199:239:118:208:165:237:554:241:240:241:242:308:239:235:62:27:223:219:63:243:133:243:176:230:242:76:108:227:244:226:245:217:246:222:228:247:248:246:145:235:249:250:247:210:249:252:135:225:253:239:248:229:233:250:252:110:249:209:166:97:17:86:231:240:242:254:255:99:256:257:255:258:185:259:256:254:258:257:260:32:261:360:162:263:264:178:265:259:213:263:261:238:266:259:267:211:254:260:248:265:268:252:268:269:244:264:271:272:243:9:57:193:196:273:269:26:267:227:274:275:276:277:276:275:278:279:272:81:273:274:280:163:282:86:71:38:277:268:284:278:285:239:282:116:286:246:247:149:287:274:286:284:220:266:220:139:266:202:384:289:411:290:260:180:92:300:285:169:292:289:290:271:279:293:199:294:284:206:245:287:295:294:296:121:91:40:292:297:273:298:162:299:300:286:524:288:157:295:302:231:303:300:69:283:297:140:271:293:260:219:98:265:304:305:304:261:205:86:306:292:188:308:302:309:298:305:205:237:295:308:287:296:191:310:311:24:198:311:313:189:314:315:142:316:266:250:313:314:317:306:314:92:298:230:299:253:14:303:111:158:318:289:309:257:238:317:320:321:320:113:299:318:317:315:321:198:322:267:60:323:323:323:203:157:324:325:326:140:68:310:316:319:324:214:104:305:325:288:328:329:285:330:244:294:331:331:332:460:332:334:335:336:337:338:334:339:222:339:321:340:335:460:341:340:338:330:329:342:214:229:342:343:335:282:336:188:235:337:72:326:240:344:345:346:347:269:345:341:348:349:349:85:346:350:348:351:351:343:352:241:255:299:342:310:353:344:1:159:354:349:524:23:350:339:189:352:315:355:355:353:279:356:328:335:65:347:464:356:318:358:40:359:354:354:337:83:595:94:199:361:362:449:311:121:365:361:556:359:355:46:366:367:368:332:360:102:264:365:358:366:252:338:370:371:272:206:368:372:438:373:370:374:25:125:297:375:338:376:404:100:263:273:362:371:8:377:378:245:376:375:377:171:373:333:367:368:378:126:372:52:276:376:311:345:379:380:370:284:215:382:225:106:383:344:554:383:336:384:309:200:296:386:362:524:129:207:359:200:379:244:387:319:333:200:258:388:342:389:213:380:329:42:356:389:382:16:390:310:366:388:390:347:17:274:346:391:385:306:392:393:386:58:138:304:371:395:395:367:280:396:396:229:357:392:256:397:397:320:376:54:316:398:399:400:393:156:163:402:400:403:350:365:391:399:404:251:290:276:405:0:406:326:404:375:406:402:361:28:403:369:407:385:341:408:291:336:313:410:411:379:372:278:297:322:408:357:18:291:407:413:178:464:399:118:283:380:218:331:377:348:400:386:414:400:253:414:356:416:415:416:53:417:353:418:373:351:418:106:330:420:350:434:173:421:417:262:307:212:382:452:424:553:275:402:425:420:303:308:282:66:161:112:410:283:406:553:325:429:254:302:429:329:393:421:10:265:430:194:357:387:280:397:352:285:208:431:427:432:228:420:258:430:433:434:241:434:405:431:234:433:468:406:432:383:410:437:384:438:383:384:439:198:440:440:425:417:441:415:442:15:307:499:450:120:437:11:441:450:399:185:321:381:405:447:447:448:427:265:441:447:445:444:389:413:446:385:422:408:216:452:247:407:523:374:434:436:439:453:411:454:454:275:340:453:455:471:179:427:237:495:465:293:422:455:456:442:288:287:449:187:403:459:448:448:416:454:459:421:59:392:444:236:164:429:167:419:460:381:464:465:143:81:409:421:442:390:369:465:466:280:467:227:143:424:468:466:470:415:436:469:471:418:439:203:343:455:103:370:414:353:452:168:429:472:440:281:378:470:469:475:468:186:569:476:456:449:314:478:422:479:358:481:324:304:511:478:483:475:476:479:481:484:494:444:281:201:432:486:388:485:446:471:460:187:511:59:398:398:467:489:483:556:445:490:182:433:489:348:490:491:491:176:569:426:303:454:11:328:369:498:494:56:347:495:209:491:170:44:328:446:497:496:494:456:369:306:226:486:209:496:325:409:396:511:419:164:500:514:547:590:207:488:333:488:459:476:500:377:438:390:471:415:466:554:251:519:519:508:509:581:154:530:364:510:510:131:449:368:593:508:119:493:498:181:509:364:494:513:472:514:105:483:426:426:431:357:470:93:64:339:387:397:504:215:364:568:459:497:545:373:216:504:419:519:499:283:451:520:381:545:12:334:351:485:520:523:490:313:291:469:405:525:217:398:238:525:590:90:467:463:43:413:333:520:307:581:319:277:529:188:295:294:464:425:127:524:530:263:46:267:315:540:529:452:277:479:462:530:523:528:80:516:593:497:355:95:537:485:445:467:537:92:539:522:539:499:463:249:96:541:534:255:320:528:532:542:543:544:394:542:543:522:425:516:592:496:394:364:388:513:490:544:427:141:426:532:547:465:513:539:499:262:591:152:293:29:545:534:302:394:281:556:495:474:436:451:483:581:175:553:493:514:379:568:555:372:555:544:493:319:547:456:401:374:489:598:548:534:578:197:556:272:601:601:560:561:562:560:546:535:575:575:562:598:560:166:561:411:475:413:537:458:510:535:462:401:566:540:600:492:458:239:568:323:390:516:458:569:498:541:484:590:360:409:440:389:474:566:519:47:603:462:578:500:145:501:566:474:478:598:450:545:576:580:577:576:214:565:577:437:448:592:278:395:508:569:576:579:580:580:509:540:546:579:582:420:583:211:473:570:270:430:30:488:453:586:517:522:437:428:529:472:525:518:528:582:341:73:445:473:578:565:204:591:577:262:428:591:593:593:367:574:586:574:603:343:594:548:424:595:595:80:167:595:518:594:270:474:532:204:576:594:601:391:188:570:9:106:586:583:517:546:270:251:600:542:600:601:602:300:479:603:565:602:481:491:543:251:586:583:30:501:561:48:431:555:451:579:570:311:486:49:525:575:523:582:433:24
1007,1122,551,0,6395,43:1:2:32:2:4:245:6:7:4:8:63:1:9:10:160:10:12:322:312:12:14:9:8:15:16:20:15:18:19:503:19:81:22:48:36:23:18:14:503:24:4:16:6:25:12:38:26:0:28:131:25:29:29:503:492:45:24:26:31:606:7:60:317:28:33:20:492:23:4:34:32:16:34:312:48:36:312:22:0:37:21:33:492:38:23:39:39:606:215:41:7:42:43:2:38:215:41:33:44:160:20:128:21:47:45:606:49:108:190:10:50:49:44:51:77:34:47:52:51:53:54:55:36:53:32:57:28:48:94:93:42:60:49:61:61:62:120:55:64:65:54:52:62:43:64:93:66:67:1:73:67:68:31:37:69:57:65:322:182:69:22:71:8:60:71:72:56:40:68:29:120:19:74:124:74:65:75:37:43:76:75:77:0:45:78:233:81:72:596:61:80:596:11:82:83:84:56:64:596:70:85:86:85:80:233:86:80:73:87:83:63:69:55:88:89:78:90:88:91:67:91:89:14:70:78:81:88:94:21:95:40:82:31:52:44:55:94:87:95:97:192:40:97:72:21:144:50:136:99:100:101:102:103:82:104:25:103:101:105:106:103:73:107:105:104:108:98:109:108:51:109:39:100:27:15:160:71:107:111:112:113:114:54:159:116:102:126:83:116:94:114:36:107:117:118:68:119:77:70:132:112:58:63:159:121:122:122:119:111:42:90:5:123:113:159:606:124:125:31:118:41:5:124:127:126:128:129:130:29:130:131:122:132:125:133:123:117:133:127:18:126:129:33:34:132:109:19:134:97:135:58:134:137:135:76:109:96:139:127:78:140:141:186:142:84:96:137:130:101:141:142:144:145:136:146:129:91:146:139:27:84:119:147:5:138:121:149:150:147:233:95:151:53:151:123:147:120:125:87:152:153:41:153:145:152:149:100:186:39:154:155:150:50:157:107:156:133:155:47:136:158:154:157:75:158:93:190:142:160:143:146:161:162:163:59:162:161:59:37:143:128:150:140:190:112:167:153:168:169:58:124:169:168:170:89:6:84:131:56:171:172:172:137:156:89:99:171:173:66:174:173:175:174:165:166:17:166:170:536:175:164:11:17:178:536:503:179:180:180:181:181:182:158:183:26:134:184:179:175:185:116:186:186:180:95:187:173:185:184:46:62:139:187:189:220:191:150:24:113:192:90:191:179:193:191:134:105:194:110:138:189:183:67:110:195:194:196:197:312:27:132:197:198:195:199:143:74:184:106:98:155:196:200:166:152:192:181:5:57:183:201:141:138:202:200:51:203:391:199:190:205:205:104:206:46:207:207:208:201:168:203:198:243:209:66:6:211:2:111:172:208:211:110:209:164:212:202:213:194:212:117:536:176:193:167:210:206:170:114:201:137:135:168:20:147:122:161:188:169:213:216:144:217:85:153:55:218:219:360:151:146:92:22:221:220:219:221:165:195:222:223:224:223:224:221:163:222:215:174:156:182:184:225:226:227:218:144:229:228:226:155:218:210:230:123:225:136:231:50:74:224:554:231:212:230:197:102:45:77:98:234:234:235:234:236:221:237:238:154:88:236:199:239:118:208:165:237:554:241:240:241:242:308:239:235:62:27:223:219:63:243:133:243:176:230:242:76:108:227:244:226:245:217:246:222:228:247:248:246:145:235:249:250:247:210:249:252:135:225:253:239:248:229:233:250:252:110:249:209:166:97:17:86:231:240:242:254:255:99:256:257:255:258:185:259:256:254:258:257:260:32:261:360:162:263:264:178:265:259:213:263:261:238:266:259:267:211:254:260:248:265:268:252:268:269:244:264:245:272:243:9:57:193:196:273:269:26:267:227:274:275:276:277:276:275:278:279:272:81:273:274:280:163:282:86:71:38:277:268:284:278:285:239:282:116:286:246:247:149:287:274:286:284:220:266:220:139:266:202:384:289:411:290:260:180:92:300:285:169:292:289:290:271:279:293:199:294:284:206:149:287:295:294:296:121:91:40:292:297:273:298:162:299:300:286:524:288:157:295:302:231:303:300:69:283:297:140:271:293:260:219:98:265:304:305:304:261:205:86:306:292:188:308:302:309:298:305:205:237:295:308:287:296:191:310:311:24:198:311:313:189:314:315:142:316:266:250:313:314:317:306:314:92:298:230:299:253:14:303:111:158:318:289:309:257:238:317:320:321:320:113:299:318:317:315:321:198:322:267:60:323:323:323:203:157:324:325:326:140:68:310:316:319:324:214:104:305:325:288:328:329:285:330:244:294:331:331:332:460:332:334:335:336:337:338:334:339:222:339:321:340:335:460:341:340:338:330:329:342:214:229:342:343:335:282:336:188:235:337:72:326:240:344:345:346:347:269:345:341:348:271:382:85:346:350:348:351:351:343:352:241:255:299:342:310:353:344:1:159:354:525:524:23:350:339:189:352:315:355:355:353:279:356:328:335:65:347:464:356:318:358:40:359:354:354:337:83:595:94:199:361:362:449:311:121:365:361:556:359:355:46:366:367:368:332:360:102:264:365:358:366:252:338:370:371:272:206:368:372:438:373:370:374:25:125:297:375:338:376:404:100:263:273:362:371:8:377:378:245:376:375:377:171:373:333:367:368:378:126:372:52:276:376:311:345:379:380:370:284:215:382:225:106:383:344:554:383:336:384:309:200:296:386:362:524:129:207:359:200:379:244:387:319:333:200:258:388:342:389:213:380:329:42:356:389:382:16:390:310:366:388:390:347:17:274:346:391:385:306:392:393:386:58:138:304:371:395:395:367:280:396:396:229:357:392:256:397:397:320:376:54:316:398:399:400:393:156:163:402:400:403:350:365:391:399:404:251:290:276:405:0:406:326:404:375:406:402:361:28:403:369:407:385:341:408:291:336:313:410:411:379:372:278:297:322:408:357:18:291:407:413:178:464:399:118:283:380:218:331:377:348:400:386:414:400:253:414:356:416:415:416:53:417:353:418:373:351:418:106:330:420:350:434:173:421:417:262:307:212:382:452:424:553:275:402:425:420:303:308:282:66:161:112:410:283:406:553:325:429:254:302:429:329:393:421:10:265:430:194:357:387:280:397:352:285:208:431:427:432:228:420:258:430:433:434:241:434:405:431:234:433:468:406:432:383:410:437:384:438:383:384:439:198:440:440:425:417:441:415:442:15:307:499:450:120:437:11:441:450:399:185:321:381:405:447:447:448:427:265:441:447:445:444:389:413:446:385:422:408:216:452:247:407:523:374:434:436:439:453:411:454:454:275:340:453:455:471:179:427:237:495:465:293:422:455:456:442:288:287:449:187:403:459:448:448:416:454:459:421:59:392:444:236:164:429:167:419:460:381:464:465:143:81:409:421:442:390:369:465:466:280:467:227:143:424:468:466:470:415:436:469:471:418:439:203:343:455:103:370:414:353:452:168:429:472:440:281:378:470:469:475:468:374:569:476:456:449:314:478:422:479:358:481:324:304:511:478:483:475:476:479:481:484:494:444:281:201:432:486:388:485:446:471:460:187:511:59:398:398:467:489:483:556:445:490:182:433:489:348:490:491:491:176:569:426:303:454:11:328:369:498:494:56:347:495:209:491:170:44:328:446:497:496:494:456:369:306:226:486:209:496:325:409:396:511:419:164:500:514:547:590:207:488:333:488:459:476:500:377:438:390:471:415:466:554:251:519:519:508:509:581:154:530:364:510:510:131:449:368:593:508:119:493:498:181:509:364:494:513:472:514:105:483:426:426:431:357:470:93:64:339:387:397:504:215:364:568:459:497:545:373:216:504:419:519:499:283:451:520:381:545:12:334:351:485:520:523:490:313:291:469:405:525:217:398:238:525:590:90:467:463:43:413:333:520:307:581:319:277:529:188:295:294:464:425:127:524:530:263:46:267:315:540:529:452:277:479:462:530:523:528:80:516:593:497:355:95:537:485:445:467:537:92:539:522:539:499:463:249:96:541:534:255:320:528:532:542:543:544:394:542:543:522:425:516:592:496:394:364:388:513:490:544:427:141:426:532:547:465:513:539:499:262:591:152:293:29:545:534:302:394:281:556:495:474:436:451:483:581:175:553:493:514:379:568:555:372:555:544:493:319:547:456:401:374:489:598:548:534:578:197:556:272:601:601:560:561:562:560:546:535:575:575:562:598:560:166:561:411:475:413:537:458:510:535:462:401:566:540:600:492:458:239:568:323:390:516:458:569:498:541:484:590:360:409:440:389:474:566:519:47:603:462:578:500:145:501:566:474:478:598:450:545:576:580:577:576:214:565:577:437:448:592:278:395:508:569:576:579:580:580:509:540:546:579:582:420:583:211:473:570:270:430:30:488:453:586:517:522:437:428:529:472:165:518:528:582:341:73:445:473:578:565:204:591:577:262:428:591:593:593:367:574:586:574:603:343:594:548:424:595:595:80:167:595:518:594:270:474:532:204:576:594:601:391:188:570:9:106:586:583:517:546:270:251:600:542:600:601:602:300:479:603:565:602:481:491:543:251:586:583:30:501:561:48:431:555:451:579:570:311:486:49:428:575:523:582:433:24
1078,1214,551,0,6394,43:1:2:32:2:4:245:6:7:4:8:63:1:9:10:160:10:12:322:312:12:14:9:8:15:16:20:15:18:19:503:19:81:22:48:36:23:18:14:503:24:4:16:6:25:12:38:26:0:28:131:25:29:29:503:492:45:24:26:31:606:7:60:317:28:33:20:492:23:4:34:32:16:34:312:48:36:312:22:0:37:21:33:492:38:23:39:39:606:215:41:7:42:43:2:38:215:41:33:44:160:20:128:21:47:45:606:49:108:190:10:50:49:44:51:77:34:47:52:51:53:54:55:36:53:32:57:28:48:94:93:42:60:49:61:61:62:120:55:64:65:54:52:62:43:64:93:66:67:1:73:67:68:31:37:69:57:65:322:182:69:22:71:8:60:71:72:56:40:68:29:120:19:74:124:74:65:75:37:43:76:75:77:0:45:78:233:81:72:596:61:80:596:11:82:83:84:56:64:596:70:85:86:85:80:233:86:80:73:87:83:63:69:55:88:89:78:90:88:91:67:91:89:14:70:78:81:88:94:21:95:40:82:31:52:44:55:94:87:95:97:192:40:97:72:21:144:50:136:99:100:101:102:103:82:104:25:103:101:105:106:103:73:107:105:104:108:98:109:108:51:109:39:100:27:15:160:71:107:111:112:113:114:54:159:116:102:126:83:116:94:114:36:107:117:118:68:119:77:70:132:112:58:63:159:121:122:122:119:111:42:90:5:123:113:159:606:124:125:31:118:41:5:124:127:126:128:129:130:29:130:131:122:132:125:133:123:117:133:127:18:126:129:33:34:132:109:19:134:97:135:58:134:137:135:76:109:96:139:127:78:140:141:186:142:84:96:137:130:101:141:142:144:145:136:146:129:91:146:139:27:84:119:147:5:138:121:149:150:147:233:95:151:53:151:123:147:120:125:87:152:153:41:153:145:152:149:100:186:39:154:155:150:50:157:107:156:133:155:47:136:158:154:157:75:158:93:190:142:160:143:146:161:162:163:59:162:161:59:37:143:128:150:140:190:112:167:153:168:169:58:124:169:168:170:89:6:84:131:56:171:172:172:137:156:89:99:171:173:66:174:173:175:174:165:166:17:166:170:536:175:164:11:17:178:536:503:179:180:180:181:181:182:158:183:26:134:184:179:175:185:116:186:186:180:95:187:173:185:184:46:62:139:187:189:220:191:150:24:113:192:90:191:179:193:191:134:105:194:110:138:189:183:67:110:195:194:196:197:312:27:132:197:198:195:199:143:74:184:106:98:155:196:200:166:152:192:181:5:57:183:201:141:138:202:200:51:203:391:199:190:205:205:104:206:46:207:207:208:201:168:203:198:243:209:66:6:211:2:111:172:208:211:110:209:164:212:202:213:194:212:117:536:176:193:167:210:206:170:114:201:137:135:168:20:147:122:161:188:169:213:216:144:217:85:153:55:218:219:360:151:146:92:22:221:220:219:221:165:195:222:223:224:223:224:221:163:222:215:174:156:182:184:225:226:227:218:144:229:228:226:155:218:210:230:123:225:136:231:50:74:224:554:231:212:230:197:102:45:77:98:234:234:235:234:236:221:237:238:154:88:236:199:239:118:208:165:237:554:241:240:241:242:308:239:235:62:27:223:219:63:243:133:243:176:230:242:76:108:227:244:226:245:217:246:222:228:247:248:246:145:235:249:250:247:210:249:252:135:225:253:239:248:229:233:250:252:110:249:209:166:97:17:86:231:240:242:254:255:99:256:257:255:258:185:259:256:254:258:257:260:32:261:360:162:263:264:178:265:259:213:263:261:238:266:259:267:211:254:260:248:265:268:252:268:269:244:264:245:272:243:9:57:193:196:273:269:26:267:227:274:275:276:277:276:275:278:279:272:81:273:274:280:163:282:86:71:38:277:268:284:278:285:239:282:116:286:246:247:149:287:274:286:284:220:266:220:139:266:202:384:289:411:290:260:180:92:300:285:169:292:289:290:271:279:293:199:294:284:206:149:287:295:294:296:121:91:40:292:297:273:298:162:299:300:286:524:288:157:295:302:231:303:300:69:283:297:140:271:293:260:219:98:265:304:305:304:261:205:86:306:292:188:308:302:309:298:305:205:237:295:308:287:296:191:310:311:24:198:311:313:189:314:315:142:316:266:250:313:314:317:306:314:92:298:230:299:253:14:303:111:158:318:289:309:257:238:317:320:321:320:113:299:318:317:315:321:198:322:267:60:323:323:323:203:157:324:325:326:140:68:310:316:319:324:214:104:305:325:288:328:329:285:330:244:294:331:331:332:460:332:334:335:336:337:338:334:339:222:339:321:340:335:460:341:340:338:330:329:342:214:229:342:343:335:282:336:188:235:337:72:326:240:344:345:346:347:269:345:341:348:271:382:85:346:350:348:351:351:343:352:241:255:299:342:310:353:344:1:159:354:525:524:23:350:339:189:352:315:355:355:353:279:356:328:335:65:347:464:356:318:358:40:359:354:354:337:83:595:94:199:361:362:449:311:121:365:361:556:359:355:46:366:367:368:332:360:102:264:365:358:366:252:338:370:371:272:206:368:372:438:373:370:374:25:125:297:375:338:376:404:100:263:273:362:371:8:377:378:245:376:375:377:171:373:333:367:368:378:126:372:52:276:376:311:345:379:380:370:284:215:382:225:106:383:344:554:383:336:384:309:200:296:386:362:524:129:207:359:200:379:244:387:319:333:200:258:388:342:389:213:380:329:42:356:389:382:16:390:310:366:388:390:347:17:274:346:391:385:306:392:393:386:58:138:304:371:395:395:367:280:396:396:229:357:392:256:397:397:320:376:54:316:398:399:400:393:156:163:402:400:403:350:365:391:399:404:251:290:276:405:0:406:326:404:375:406:402:361:28:403:369:407:385:341:408:291:336:313:410:411:379:372:278:297:322:408:357:18:291:407:413:178:464:399:118:283:380:218:331:377:348:400:386:414:400:253:414:356:416:415:416:53:417:353:418:373:351:418:106:330:420:350:434:173:421:417:262:307:212:382:452:424:553:275:402:425:420:303:308:282:66:161:112:410:283:406:553:325:429:254:302:429:329:393:421:10:265:430:194:357:387:280:397:352:285:208:431:427:432:228:420:258:430:433:434:241:434:405:431:234:433:468:406:432:383:410:437:384:438:383:384:439:198:440:440:425:417:441:415:442:15:307:499:450:120:437:11:441:450:399:185:321:381:405:447:447:448:427:265:441:447:445:444:389:413:446:385:422:408:216:452:247:407:523:374:434:436:439:453:411:454:454:275:340:453:455:471:179:427:237:495:465:293:422:455:456:442:288:287:449:187:403:459:448:448:416:454:459:421:59:392:444:236:164:429:167:419:460:381:464:465:143:81:409:421:442:390:369:465:466:280:467:227:143:424:468:466:470:415:436:469:471:418:439:203:343:455:103:370:414:353:452:168:429:472:440:281:378:470:469:475:468:374:569:476:456:449:314:478:422:479:358:481:324:304:511:478:483:475:476:479:481:484:494:444:281:201:432:486:388:485:446:471:460:187:511:59:398:398:467:489:483:556:445:490:182:433:489:348:490:491:491:484:569:426:303:454:11:328:369:498:494:56:347:495:209:491:170:44:328:446:497:496:494:456:369:306:226:486:209:496:325:409:396:511:419:164:500:514:547:590:207:488:333:488:459:476:500:377:438:390:471:415:466:554:251:519:519:508:509:581:154:530:364:510:510:131:449:368:593:508:119:493:498:181:509:364:494:513:472:514:105:483:426:426:431:357:470:93:64:339:387:397:504:215:364:568:459:497:545:373:216:504:419:519:499:283:451:520:381:545:12:334:351:485:520:523:490:313:291:469:405:525:217:398:238:525:590:90:467:463:43:413:333:520:307:581:319:277:529:188:295:294:464:425:127:524:530:263:46:267:315:540:529:452:277:479:462:530:523:528:80:516:593:497:355:95:537:485:445:467:537:92:539:522:539:499:463:249:96:176:534:255:320:528:532:542:543:544:394:542:543:522:425:516:592:496:394:364:388:513:490:544:427:141:426:532:547:465:513:539:499:262:591:152:293:29:545:534:302:394:281:556:495:474:436:451:483:581:175:553:493:514:379:568:555:372:555:544:493:319:547:456:401:374:489:598:548:534:578:197:556:272:601:601:560:561:562:560:546:535:575:575:562:598:560:166:561:411:475:413:537:458:510:535:462:401:566:540:600:492:458:239:568:323:390:516:458:569:498:541:484:590:360:409:440:389:474:566:519:47:603:462:578:500:145:501:566:474:478:598:450:545:576:580:577:576:214:565:577:437:448:592:278:395:508:569:576:579:580:580:509:540:546:579:582:420:583:211:473:570:270:430:30:488:453:586:517:522:437:428:529:472:165:518:528:582:341:73:445:473:578:565:204:591:577:262:428:591:593:593:367:574:586:574:603:343:594:548:424:595:595:80:167:595:518:594:270:474:532:204:576:594:601:391:188:570:9:106:586:583:517:546:270:251:600:542:600:601:602:300:479:603:565:602:481:491:543:251:586:583:30:501:561:48:431:555:451:579:570:311:486:49:428:575:523:582:433:24
1095,1235,551,0,6393,43:1:2:32:2:4:245:6:7:4:8:63:1:9:10:160:10:12:322:312:12:14:9:8:15:16:20:15:18:19:503:19:81:22:48:36:23:18:14:503:24:4:16:6:25:12:38:26:0:28:131:25:29:29:503:492:45:24:26:31:606:7:60:317:28:33:20:492:23:4:34:32:16:34:312:48:36:312:22:0:37:21:33:492:38:23:39:39:606:215:41:7:42:43:2:38:215:41:33:44:160:20:128:21:47:45:606:49:108:190:10:50:49:44:51:77:34:47:52:51:53:54:55:36:53:32:57:28:48:94:93:42:60:49:61:61:62:120:55:64:65:54:52:62:43:64:93:66:67:1:73:67:68:31:37:69:57:65:322:182:69:22:71:8:60:71:72:56:40:68:29:120:19:74:124:74:65:75:37:43:76:75:77:0:45:78:233:81:72:596:61:80:596:11:82:83:84:56:64:596:70:85:86:85:80:233:86:80:73:87:83:63:69:55:88:89:78:90:88:91:67:91:89:14:70:78:81:88:94:21:95:40:82:31:52:44:55:94:87:95:97:192:40:97:72:21:144:50:136:99:100:101:102:103:82:104:25:103:101:105:106:103:73:107:105:104:108:98:109:108:51:109:39:100:27:15:160:71:107:111:112:113:114:54:159:116:102:126:83:116:94:114:36:107:117:118:68:119:77:70:132:112:58:63:159:121:122:122:119:111:42:90:5:123:113:159:606:124:125:31:118:41:5:124:127:126:128:129:130:29:130:131:122:132:125:133:123:117:133:127:18:126:129:33:34:132:109:19:134:97:135:58:134:137:135:76:109:96:139:127:78:140:141:186:142:84:96:137:130:101:141:142:144:145:136:146:129:91:146:139:27:84:119:147:5:138:121:149:150:147:233:95:151:53:151:123:147:120:125:87:152:153:41:153:145:152:149:100:186:39:154:155:150:50:157:107:156:133:155:47:136:158:154:157:75:158:93:190:142:160:143:146:161:162:163:59:162:161:59:37:143:128:150:140:190:112:167:153:168:169:58:124:169:168:170:89:6:84:131:56:171:172:172:137:156:89:99:171:173:66:174:173:175:174:165:166:17:166:170:536:175:164:11:17:178:536:503:179:180:180:181:181:182:158:183:26:134:184:179:175:185:116:186:186:180:95:187:173:185:184:46:62:139:187:189:220:191:150:24:113:192:90:191:179:193:191:134:105:194:110:138:189:183:67:110:195:194:196:197:312:27:132:197:198:195:199:143:74:184:106:98:155:196:200:166:152:192:181:5:57:183:201:141:138:202:200:51:203:391:199:190:205:205:104:206:46:207:207:208:201:168:203:198:243:209:66:6:211:2:111:172:208:211:110:209:164:212:202:213:194:212:117:536:176:193:167:210:206:170:114:201:137:135:168:20:147:122:161:188:169:213:216:144:217:85:153:55:218:219:360:151:146:92:22:221:220:219:221:165:195:222:223:224:223:224:221:163:222:215:174:156:182:184:225:226:227:218:144:229:228:226:155:218:210:230:123:225:136:231:50:74:224:554:231:212:230:197:102:45:77:98:234:234:235:234:236:221:237:238:154:88:236:199:239:118:208:165:237:554:241:240:241:242:308:239:235:62:27:223:219:63:243:133:243:176:230:242:76:108:227:244:226:245:217:246:222:228:247:248:246:145:235:249:250:247:210:249:252:135:225:253:239:248:229:233:250:252:110:249:209:166:97:17:86:231:240:242:254:255:99:256:257:255:258:185:259:256:254:258:257:260:32:261:360:162:263:264:178:265:259:213:263:261:238:266:259:267:211:254:260:248:265:268:252:268:269:244:264:245:272:243:9:57:193:196:273:269:26:267:227:274:275:276:277:276:275:278:279:272:81:273:274:280:163:282:86:71:38:277:268:284:278:285:239:282:116:286:246:247:149:287:274:286:284:220:266:220:139:266:202:384:289:411:290:260:180:92:300:285:169:292:289:290:271:279:293:199:294:284:206:149:287:295:294:296:121:91:40:292:297:273:298:162:299:300:286:524:288:157:295:302:231:303:300:69:283:297:140:271:293:260:219:98:265:304:305:304:261:205:86:306:292:188:308:302:309:298:305:205:237:295:308:287:296:191:310:311:24:198:311:313:189:314:315:142:316:266:250:313:314:317:306:314:92:298:230:299:253:14:303:111:158:318:289:309:257:238:317:320:321:320:113:299:318:317:315:321:198:322:267:60:323:323:323:203:157:324:325:326:140:68:310:316:319:324:214:104:305:325:288:328:329:285:330:244:294:331:331:332:460:332:334:335:336:337:338:334:339:222:339:321:340:335:460:341:340:338:330:329:342:214:229:342:343:335:282:336:188:235:337:72:326:240:344:345:346:347:269:345:341:348:271:382:85:346:350:348:351:351:343:352:241:255:299:342:310:353:344:1:159:354:525:524:23:350:339:189:352:315:355:355:353:279:356:328:335:65:347:464:356:318:358:40:359:354:354:337:83:595:94:199:361:362:449:311:121:365:361:556:359:355:46:366:367:368:332:360:102:264:365:358:366:252:338:370:371:272:206:368:372:438:373:370:374:25:125:297:375:338:376:404:100:263:273:362:371:8:377:378:245:376:375:377:171:373:333:367:368:378:126:372:52:276:376:311:345:379:380:370:284:215:382:225:106:383:344:554:383:336:384:309:200:296:386:362:524:129:207:359:200:379:244:387:319:333:200:258:388:342:389:213:380:329:42:356:389:382:16:390:310:366:388:390:347:17:274:346:391:385:306:392:393:386:58:138:304:371:395:395:367:280:396:396:229:357:392:256:397:397:320:376:54:316:398:399:400:393:156:163:402:400:403:350:365:391:399:404:251:290:276:405:0:406:326:404:375:406:402:361:28:403:369:407:385:341:408:291:336:313:410:411:379:372:278:297:322:408:357:18:291:407:413:178:464:399:118:283:380:218:331:377:348:400:386:414:400:253:414:356:416:415:416:53:417:353:110:373:351:418:106:330:420:350:434:173:421:417:262:307:212:382:452:424:553:275:402:425:420:303:308:282:66:161:112:410:283:406:553:325:429:254:302:429:329:393:421:10:265:430:194:357:387:280:397:352:285:208:431:427:432:228:420:258:430:433:434:241:434:405:431:234:433:468:406:432:383:410:437:384:438:383:384:439:198:440:440:425:417:441:415:442:15:307:499:450:120:437:11:441:450:399:185:321:381:405:447:447:448:427:265:441:447:445:444:389:413:446:385:422:408:216:452:247:407:523:374:434:436:439:453:411:454:454:275:340:453:455:471:179:427:237:495:465:293:422:455:456:442:288:287:449:187:403:459:448:448:416:454:459:421:59:392:444:236:164:429:167:419:460:381:464:465:143:81:409:421:442:390:369:465:466:280:467:227:143:424:468:466:470:415:436:469:471:418:439:203:343:455:103:370:414:353:452:168:429:472:440:281:378:470:469:475:468:374:569:476:456:449:314:478:422:479:358:481:324:304:511:478:483:475:476:479:481:484:494:444:281:201:432:486:388:485:446:471:460:187:511:59:398:398:467:489:483:556:445:490:182:433:489:348:490:491:491:484:569:426:303:454:11:328:369:498:494:56:347:495:209:491:170:44:328:446:497:496:418:456:369:306:226:486:209:496:325:409:396:511:419:164:500:514:547:590:207:488:333:488:459:476:500:377:438:390:471:415:466:554:251:519:519:508:509:581:154:530:364:510:510:131:449:368:593:508:119:493:498:181:509:364:494:513:472:514:105:483:426:426:431:357:470:93:64:339:387:397:504:215:364:568:459:497:545:373:216:504:419:519:499:283:451:520:381:545:12:334:351:485:520:523:490:313:291:469:405:525:217:398:238:525:590:90:467:463:43:413:333:520:307:581:319:277:529:188:295:294:464:425:127:524:530:263:46:267:315:540:529:452:277:479:462:530:523:528:80:516:593:497:355:95:537:485:445:467:537:92:539:522:539:499:463:249:96:176:534:255:320:528:532:542:543:544:394:542:543:522:425:516:592:496:394:364:388:513:490:544:427:141:426:532:547:465:513:539:499:262:591:152:293:29:545:534:302:394:281:556:495:474:436:451:483:581:175:553:493:514:379:568:555:372:555:544:493:319:547:456:401:374:489:598:548:534:578:197:556:272:601:601:560:561:562:560:546:535:575:575:562:598:560:166:561:411:475:413:537:458:510:535:462:401:566:540:600:492:458:239:568:323:390:516:458:569:498:541:484:590:360:409:440:389:474:566:519:47:603:462:578:500:145:501:566:474:478:598:450:545:576:580:577:576:214:565:577:437:448:592:278:395:508:569:576:579:580:580:509:540:546:579:582:420:583:211:473:570:270:430:30:488:453:586:517:522:437:428:529:472:165:518:528:582:341:73:445:473:578:565:204:591:577:262:428:591:593:593:367:574:586:574:603:343:594:548:424:595:595:80:167:595:518:594:270:474:532:204:576:594:601:391:188:570:9:106:586:583:517:546:270:251:600:542:600:601:602:300:479:603:565:602:481:491:543:251:586:583:30:501:561:48:431:555:451:579:570:311:486:49:428:575:523:582:433:24
1158,1317,551,0,6392,43:1:2:32:2:4:245:6:7:4:8:63:1:9:10:160:10:12:322:312:12:14:9:8:15:16:20:15:18:19:503:19:81:22:48:36:23:18:14:503:24:4:16:6:25:12:38:26:0:28:131:25:29:29:503:492:45:24:26:31:606:7:60:317:28:33:20:492:23:4:34:32:16:34:312:48:36:312:22:0:37:21:33:492:38:23:39:39:606:215:41:7:42:43:2:38:215:41:33:44:160:20:128:21:47:45:606:49:108:190:10:50:49:44:51:77:34:47:52:51:53:54:55:36:53:32:57:28:48:94:93:42:60:49:61:61:62:120:55:64:65:54:52:62:43:64:93:66:67:1:73:67:68:31:37:69:57:65:322:182:69:22:71:8:60:71:72:56:40:68:29:120:19:74:124:74:65:75:37:43:76:75:77:0:45:78:233:81:72:596:61:80:596:11:82:83:84:56:64:596:70:85:86:85:80:233:86:80:73:87:83:63:69:55:88:89:78:90:88:91:67:91:89:14:70:78:81:88:94:21:95:40:82:31:52:44:55:94:87:95:97:192:40:97:72:21:144:50:136:99:100:101:102:103:82:104:25:103:101:105:106:103:73:107:105:104:108:98:109:108:51:109:39:100:27:15:160:71:107:111:112:113:114:54:159:116:102:126:83:116:94:114:36:107:117:118:68:119:77:70:132:112:58:63:159:121:122:122:119:111:42:90:5:123:113:159:606:124:125:31:118:41:5:124:127:126:128:129:130:29:130:131:122:132:125:133:123:117:133:127:18:126:129:33:34:132:109:19:134:97:135:58:134:137:135:76:109:96:139:127:78:140:141:186:142:84:96:137:130:101:141:142:144:145:136:146:129:91:146:139:27:84:119:147:5:138:121:149:150:147:233:95:151:53:151:123:147:120:125:87:152:153:41:153:145:152:149:100:186:39:154:155:150:50:157:107:156:133:155:47:136:158:154:157:75:158:93:190:142:160:143:146:161:162:163:59:162:161:59:37:143:128:150:140:190:112:167:153:168:169:58:124:169:168:170:89:6:84:131:56:171:172:172:137:156:89:99:171:173:66:174:173:175:174:165:166:17:166:170:536:175:164:11:17:178:536:503:179:180:180:181:181:182:158:183:26:134:184:179:175:185:116:186:186:180:95:187:173:185:184:46:62:139:187:189:220:191:150:24:113:192:90:191:179:193:191:134:105:194:110:138:189:183:67:110:195:194:196:197:312:27:132:197:198:195:199:143:74:184:106:98:155:196:200:166:152:192:181:5:57:183:201:141:138:202:200:51:203:391:199:190:205:205:104:206:46:207:207:208:201:168:203:198:243:209:66:6:211:2:111:172:208:211:110:209:164:212:202:213:194:212:117:536:176:193:167:210:206:170:114:201:137:135:168:20:147:122:161:188:169:213:216:144:217:85:153:55:218:219:360:151:146:92:22:221:220:219:221:165:195:222:223:224:223:224:221:163:222:215:174:156:182:184:225:226:227:218:144:229:228:226:155:218:210:230:123:225:136:231:50:74:224:554:231:212:230:197:102:45:77:98:234:234:235:234:236:221:237:238:154:88:236:199:239:118:208:165:237:554:241:240:241:242:308:239:235:62:27:223:219:63:243:133:243:176:230:242:76:108:227:244:226:245:217:246:222:228:247:248:246:145:235:249:250:247:210:249:252:135:225:253:239:248:229:233:250:252:110:249:209:166:97:17:86:231:240:242:254:255:99:256:257:255:258:185:259:256:254:258:257:260:32:261:360:162:263:264:178:265:259:213:263:261:238:266:259:267:211:254:260:248:265:268:252:268:269:244:264:245:272:243:9:57:193:196:273:269:26:267:227:274:275:276:277:276:275:278:279:272:81:273:274:280:163:282:86:71:38:277:268:284:278:285:239:282:116:286:246:247:149:287:274:286:284:220:266:220:139:266:202:384:289:411:290:260:180:92:300:285:169:292:289:290:271:279:293:199:294:284:206:149:287:295:294:296:121:91:40:292:297:273:298:162:299:300:286:524:288:157:295:302:231:303:300:69:283:297:140:271:293:260:219:98:265:304:305:304:261:205:86:306:292:188:308:302:309:298:305:205:237:295:308:287:296:191:310:311:24:198:311:313:189:314:315:142:316:266:250:313:314:317:306:314:92:298:230:299:253:14:303:111:158:318:289:309:257:238:317:320:321:320:113:299:318:317:315:321:198:322:267:60:323:323:323:203:157:324:325:326:140:68:310:316:319:324:214:104:305:325:288:328:329:285:330:244:294:331:331:332:460:332:334:335:336:337:338:334:339:222:339:321:340:335:460:341:340:338:330:329:342:214:229:342:343:335:282:336:188:235:337:72:326:240:344:345:346:347:269:345:341:348:271:382:85:346:350:348:351:351:343:352:241:255:299:342:310:353:344:1:159:354:525:524:23:350:339:189:352:315:355:355:353:279:356:328:335:65:347:464:356:318:358:40:359:354:354:337:83:595:94:199:361:362:449:311:121:365:361:556:359:355:46:366:367:368:332:360:102:264:365:358:366:252:338:370:371:272:206:368:372:438:373:370:374:25:125:297:375:338:376:404:100:263:273:362:371:8:377:378:245:376:375:377:171:373:333:367:368:378:126:372:52:276:376:311:345:379:380:370:284:215:382:225:106:383:344:554:383:336:384:309:200:296:386:362:524:129:207:359:200:379:244:387:319:333:200:258:388:342:389:213:380:329:42:356:389:382:16:390:310:366:388:390:347:17:274:346:391:385:306:392:393:386:58:138:304:371:395:395:367:280:396:396:229:357:392:256:397:397:320:376:54:316:398:399:400:393:156:163:402:400:403:350:365:391:399:404:251:290:276:405:0:406:326:404:375:406:402:361:28:403:369:407:385:341:408:291:336:313:410:411:379:372:278:297:322:408:357:18:291:407:413:178:464:399:118:283:380:218:331:377:348:400:386:414:400:253:414:356:416:415:416:53:417:353:110:373:351:418:106:330:420:350:434:173:421:417:262:307:212:382:452:424:553:275:402:425:420:303:308:282:66:161:112:410:283:406:553:325:429:254:302:429:329:393:421:10:265:430:194:357:387:280:397:352:285:208:431:427:432:228:420:258:430:433:434:241:434:405:431:234:433:468:406:432:383:410:437:384:438:383:384:439:198:440:440:425:417:441:415:442:15:307:499:450:120:437:11:441:450:399:185:321:381:405:447:447:448:427:265:441:447:445:444:389:413:446:385:422:408:216:452:247:407:523:374:434:436:439:453:411:454:454:275:340:453:455:471:179:427:237:495:465:293:422:455:456:442:288:287:449:187:403:459:448:448:416:454:459:421:59:392:444:236:164:429:167:419:460:381:464:465:143:81:409:421:442:390:369:465:466:280:467:227:143:424:468:466:470:415:436:469:471:418:439:203:343:455:103:370:414:353:452:168:429:472:440:281:378:470:469:475:468:374:569:476:456:449:314:478:422:479:358:481:324:304:511:478:483:475:476:479:481:484:494:444:281:201:432:486:388:485:446:471:460:187:511:59:398:398:467:489:483:556:445:490:182:433:489:348:490:491:491:484:569:426:303:454:11:328:369:498:494:56:347:495:209:491:170:44:328:446:497:496:418:456:369:306:226:486:209:496:325:409:396:511:419:164:500:514:547:590:207:488:333:488:459:476:500:377:438:390:471:415:466:554:251:519:519:508:509:581:154:494:364:510:510:131:449:368:593:508:119:493:498:181:509:364:262:513:472:514:105:483:426:426:431:357:470:93:64:339:387:397:504:215:364:568:459:497:545:373:530:504:419:519:499:283:451:520:381:545:12:334:351:485:520:523:490:313:291:469:405:525:217:398:238:525:590:90:467:463:43:413:333:520:307:581:319:277:529:188:295:294:464:425:127:524:530:263:46:267:315:216:529:452:277:479:462:530:523:528:80:516:593:497:355:95:537:485:445:467:537:92:539:522:539:499:463:249:96:176:534:255:320:528:532:542:543:544:394:542:543:522:425:516:592:496:394:364:388:513:490:544:427:141:426:532:547:465:513:539:499:262:591:152:293:29:545:534:302:394:281:556:495:474:436:451:483:581:175:553:493:514:379:568:555:372:555:544:493:319:547:456:401:374:489:598:548:534:578:197:556:272:601:601:560:561:562:560:546:535:575:575:562:598:560:166:561:411:475:413:537:458:510:535:462:401:566:540:600:492:458:239:568:323:390:516:458:569:498:541:484:590:360:409:440:389:474:566:519:47:603:462:578:500:145:501:566:474:478:598:450:545:576:580:577:576:214:565:577:437:448:592:278:395:508:569:576:579:580:580:509:540:546:579:582:420:583:211:473:570:270:430:30:488:453:586:517:522:437:428:529:472:165:518:528:582:341:73:445:473:578:565:204:591:577:262:428:591:593:593:367:574:586:574:603:343:594:548:424:595:595:80:167:595:518:594:270:474:532:204:576:594:601:391:188:570:9:106:586:583:517:546:270:251:600:542:600:601:602:300:479:603:565:602:481:491:543:251:586:583:30:501:561:48:431:555:451:579:570:311:486:49:428:575:523:582:433:24
1185,1351,551,0,6390,43:1:2:32:2:4:245:6:7:4:8:63:1:9:10:160:10:12:322:312:12:14:9:8:15:16:20:15:18:19:503:19:81:22:48:36:23:18:14:503:24:4:16:6:25:12:38:26:0:28:131:25:29:29:503:492:45:24:26:31:606:7:60:317:28:33:20:492:23:4:34:32:16:34:312:48:36:312:22:0:37:21:33:492:38:23:39:39:606:215:41:7:42:43:2:38:215:41:33:44:160:20:128:21:47:45:606:49:108:190:10:50:49:44:51:77:34:47:52:51:53:54:55:36:53:32:57:28:48:94:93:42:60:49:61:61:62:120:55:64:65:54:52:62:43:64:93:66:67:1:73:67:68:31:37:69:57:65:322:182:69:22:71:8:60:71:72:56:40:68:29:120:19:74:124:74:65:75:37:43:76:75:77:0:45:78:233:81:72:596:61:80:596:11:82:83:84:56:64:596:70:85:86:85:80:233:86:80:73:87:83:63:69:55:88:89:78:90:88:91:67:91:89:14:70:78:81:88:94:21:95:40:82:31:52:44:55:94:87:95:97:192:40:97:72:21:144:50:136:99:100:101:102:103:82:104:25:103:101:105:106:103:73:107:105:104:108:98:109:108:51:109:39:100:27:15:160:71:107:111:112:113:114:54:159:116:102:126:83:116:94:114:36:107:117:118:68:119:77:70:132:112:58:63:159:121:122:122:119:111:42:90:5:123:113:159:606:124:125:31:118:41:5:124:127:126:128:129:130:29:130:131:122:132:125:133:123:117:133:127:18:126:129:33:34:132:109:19:134:97:135:58:134:137:135:76:109:96:139:127:78:140:141:186:142:84:96:137:130:101:141:142:144:145:136:146:129:91:146:139:27:84:119:147:5:138:121:149:150:147:233:95:151:53:151:123:147:120:125:87:152:153:41:153:145:152:149:100:186:39:154:155:150:50:157:107:156:133:155:47:136:158:154:157:75:158:93:190:142:160:143:146:161:162:163:59:162:161:59:37:143:128:150:140:190:112:167:153:168:169:58:124:169:168:170:89:6:84:131:56:171:172:172:137:156:89:99:536:173:66:174:173:175:174:165:166:17:166:170:536:175:164:11:17:178:536:503:179:180:180:181:181:182:158:183:26:134:184:179:175:185:116:186:186:180:95:187:173:185:184:46:62:139:187:189:220:191:150:24:113:192:90:191:179:193:191:134:105:194:110:138:189:183:67:110:195:194:196:197:312:27:132:197:198:195:199:143:74:184:106:98:155:196:200:166:152:192:181:5:57:183:201:141:138:202:200:51:203:391:199:190:205:205:104:206:46:207:207:208:201:168:203:198:243:209:66:6:211:2:111:172:208:211:110:209:164:212:202:213:194:212:117:411:176:193:167:210:206:170:114:201:137:135:168:20:147:122:161:188:169:213:216:144:217:85:153:55:218:219:360:151:146:92:22:221:220:219:221:165:195:222:223:224:223:224:221:163:222:215:174:156:182:184:225:226:227:218:144:229:228:226:155:218:210:230:123:225:136:231:50:74:224:554:231:212:230:197:102:45:77:98:234:234:235:234:236:221:237:238:154:88:236:199:239:118:208:165:237:554:241:240:241:242:308:239:235:62:27:223:219:63:243:133:243:176:230:242:76:108:227:244:226:245:217:246:222:228:247:248:246:145:235:249:250:247:210:249:252:135:225:253:239:248:229:233:250:252:110:249:209:166:97:17:86:231:240:242:254:255:99:256:257:255:258:185:259:256:254:258:257:260:32:261:360:162:263:264:178:265:259:213:263:261:238:266:259:267:211:254:260:248:265:268:252:268:269:244:264:245:272:243:9:57:193:196:273:269:26:267:227:274:275:276:277:276:275:278:279:272:81:273:274:280:163:282:86:71:38:277:268:284:278:285:239:282:116:286:246:247:149:287:274:286:284:220:266:220:139:266:202:384:289:411:290:260:180:92:300:285:169:292:289:290:271:279:293:199:294:284:206:149:287:295:294:296:121:91:40:292:297:273:298:162:299:300:286:524:288:157:295:302:231:303:300:69:283:297:140:271:293:260:219:98:265:304:305:304:261:205:86:306:292:188:308:302:309:298:305:205:237:295:308:287:296:191:310:311:24:198:311:313:189:314:315:142:316:266:250:313:314:317:306:314:92:298:230:299:253:14:303:111:158:318:289:309:257:238:317:320:321:320:113:299:318:317:315:321:198:322:267:60:323:323:323:203:157:324:325:326:140:68:310:316:319:324:214:104:305:325:288:328:329:285:330:244:294:331:331:332:460:332:334:335:336:337:338:334:339:222:339:321:525:335:460:341:171:338:330:329:342:214:229:342:343:335:282:336:188:235:337:72:326:240:344:345:346:347:269:345:341:348:271:382:85:346:350:348:351:351:343:352:241:255:299:342:310:353:344:1:159:354:525:524:23:350:339:189:352:315:355:355:353:279:356:328:335:65:347:464:356:318:358:40:359:354:354:337:83:595:94:199:361:362:449:311:121:365:361:556:359:355:46:366:367:368:332:360:102:264:365:358:366:252:338:370:371:272:206:368:372:438:373:370:374:25:125:297:375:338:376:404:100:263:273:362:371:8:377:378:245:376:375:377:171:373:333:367:368:378:126:372:52:276:376:311:345:379:380:370:284:215:382:225:106:383:344:554:383:336:384:309:200:296:386:362:524:129:207:359:200:379:244:387:319:333:200:258:388:342:389:213:380:329:42:356:389:382:16:390:310:366:388:390:347:17:274:346:391:385:306:392:393:386:58:138:304:371:395:395:367:280:396:396:229:357:392:256:397:397:320:376:54:316:398:399:400:393:156:163:402:400:403:350:365:391:399:404:251:290:276:405:0:406:326:404:375:406:402:361:28:403:369:407:385:341:408:291:336:313:410:216:379:372:278:297:322:408:357:18:291:407:413:178:464:399:118:283:380:218:331:377:348:400:386:414:400:253:414:356:416:415:416:53:417:353:110:373:351:418:106:330:420:350:434:173:421:417:262:307:212:382:452:424:553:275:402:425:420:303:308:282:66:161:112:410:283:406:553:325:429:254:302:429:329:393:421:10:265:430:194:357:387:280:397:352:285:208:431:427:432:228:420:258:430:433:434:241:434:405:431:234:433:468:406:432:383:410:437:384:438:383:384:439:198:440:440:425:417:441:415:442:15:307:499:450:120:437:11:441:450:399:185:321:381:405:447:447:448:427:265:441:447:445:444:389:413:446:385:422:408:340:452:247:407:523:374:434:436:439:453:411:454:454:275:340:453:455:471:179:427:237:495:465:293:422:455:456:442:288:287:449:187:403:459:448:448:416:454:459:421:59:392:444:236:164:429:167:419:460:381:464:465:143:81:409:421:442:390:369:465:466:280:467:227:143:424:468:466:470:415:436:469:471:418:439:203:343:455:103:370:414:353:452:168:429:472:440:281:378:470:469:475:468:374:569:476:456:449:314:478:422:479:358:481:324:304:511:478:483:475:476:479:481:484:494:444:281:201:432:486:388:485:446:471:460:187:511:59:398:398:467:489:483:556:445:490:182:433:489:348:490:491:491:484:569:426:303:454:11:328:369:498:494:56:347:495:209:491:170:44:328:446:497:496:418:456:369:306:226:486:209:496:325:409:396:511:419:164:500:514:547:590:207:488:333:488:459:476:500:377:438:390:471:415:466:554:251:519:519:508:509:581:154:494:364:510:510:131:449:368:593:508:119:493:498:181:509:364:262:513:472:514:105:483:426:426:431:357:470:93:64:339:387:397:504:215:364:568:459:497:545:373:530:504:419:519:499:283:451:520:381:545:12:334:351:485:520:523:490:313:291:469:405:525:217:398:238:525:590:90:467:463:43:413:333:520:307:581:319:277:529:188:295:294:464:425:127:524:530:263:46:267:315:216:529:452:277:479:462:530:523:528:80:516:593:497:355:95:537:485:445:467:537:92:539:522:539:499:463:249:96:176:534:255:320:528:532:542:543:544:394:542:543:522:425:516:592:496:394:364:388:513:490:544:427:141:426:532:547:465:513:539:499:262:591:152:293:29:545:534:302:394:281:556:495:474:436:451:483:581:175:553:493:514:379:568:555:372:555:544:493:319:547:456:401:374:489:598:548:534:578:197:556:272:601:601:560:561:562:560:546:535:575:575:562:598:560:166:561:411:475:413:537:458:510:535:462:401:566:540:600:492:458:239:568:323:390:516:458:569:498:541:484:590:360:409:440:389:474:566:519:47:603:462:578:500:145:501:566:474:478:598:450:545:576:580:577:576:214:565:577:437:448:592:278:395:508:569:576:579:580:580:509:540:546:579:582:420:583:211:473:570:270:430:30:488:453:586:517:522:437:428:529:472:165:518:528:582:341:73:445:473:578:565:204:591:577:262:428:591:593:593:367:574:586:574:603:343:594:548:424:595:595:80:167:595:518:594:270:474:532:204:576:594:601:391:188:570:9:106:586:583:517:546:270:251:600:542:600:601:602:300:479:603:565:602:481:491:543:251:586:583:30:501:561:48:431:555:451:579:570:311:486:49:428:575:523:582:433:24
1188,1354,551,0,6388,43:1:2:32:2:4:245:6:7:4:8:63:1:9:10:160:10:12:322:312:12:14:9:8:15:16:20:15:18:19:503:19:81:22:48:36:23:18:14:503:24:4:16:6:25:12:38:26:0:28:131:25:29:29:503:492:45:24:26:31:606:7:60:317:28:33:20:492:23:4:34:32:16:34:312:48:36:312:22:0:37:21:33:492:38:23:39:39:606:215:41:7:42:43:2:38:215:41:33:44:160:20:128:21:47:45:606:49:108:190:10:50:49:44:51:77:34:47:52:51:53:54:55:36:53:32:57:28:48:94:93:42:60:49:61:61:62:120:55:64:65:54:52:62:43:64:93:66:67:1:73:67:68:31:37:69:57:65:322:182:69:22:71:8:60:71:72:56:40:68:29:120:19:74:124:74:65:75:37:43:76:75:77:0:45:78:233:81:72:596:61:80:596:11:82:83:84:56:64:596:70:85:86:85:80:233:86:80:73:87:83:63:69:55:88:89:78:90:88:91:67:91:89:14:70:78:81:88:94:21:95:40:82:31:52:44:55:94:87:95:97:192:40:97:72:21:144:50:136:99:100:101:102:103:82:104:25:103:101:105:106:103:73:107:105:104:108:98:109:108:51:109:39:100:27:15:160:71:107:111:112:113:114:54:159:116:102:126:83:116:94:114:36:107:117:118:68:119:77:70:132:112:58:63:159:121:122:122:119:111:42:90:5:123:113:159:606:124:125:31:118:41:5:124:127:126:128:129:130:29:130:131:122:132:125:133:123:117:133:127:18:126:129:33:34:132:109:19:134:97:135:58:134:137:135:76:109:96:139:127:78:140:141:186:142:84:96:137:130:101:141:142:144:145:136:146:129:91:146:139:27:84:119:147:5:138:121:149:150:147:233:95:151:53:151:123:147:120:125:87:152:153:41:153:145:152:149:100:186:39:154:155:150:50:157:107:156:133:155:47:136:158:154:157:75:158:93:190:142:160:143:146:161:162:163:59:162:161:59:37:143:128:150:140:190:112:167:153:168:169:58:124:169:168:170:89:6:84:131:56:171:172:172:137:156:89:99:536:173:66:174:173:175:174:165:166:17:166:170:536:175:164:11:17:178:536:503:179:180:180:181:181:182:158:183:26:134:184:179:175:185:116:186:186:180:95:187:173:185:184:46:62:139:187:189:220:191:150:24:113:192:90:191:179:193:191:134:105:194:110:138:189:183:67:110:195:194:196:197:312:27:132:197:198:195:199:143:74:184:106:98:155:196:200:166:152:192:181:5:57:183:201:141:138:202:200:51:203:391:199:190:205:205:104:206:46:207:207:208:201:168:203:198:243:209:66:6:211:2:111:172:208:211:110:209:164:212:202:213:194:212:117:411:176:193:167:210:206:170:114:201:137:135:168:20:147:122:161:188:169:213:216:144:217:85:153:55:218:219:360:151:146:92:22:221:220:219:221:165:195:222:223:224:223:224:221:163:222:215:174:156:182:184:225:226:227:218:144:229:228:226:155:218:210:230:123:225:136:231:50:74:224:554:231:212:230:197:102:45:77:98:234:234:235:234:236:221:237:238:154:88:236:199:239:118:208:165:237:554:241:240:241:242:308:239:235:62:27:223:219:63:243:133:243:176:230:242:76:108:227:244:226:245:217:246:222:228:247:248:246:145:235:249:250:247:210:249:252:135:225:253:239:248:229:233:250:252:110:249:209:166:97:17:86:231:240:242:254:255:99:256:257:255:258:185:259:256:254:258:257:260:32:261:360:162:263:264:178:265:259:213:263:261:238:266:259:267:211:254:260:248:265:268:252:268:269:244:264:245:272:243:9:57:193:196:273:269:26:267:227:274:275:276:277:276:275:278:279:272:81:273:274:595:163:282:86:71:38:277:268:284:278:285:239:282:116:286:246:247:149:287:274:286:284:220:266:220:139:266:202:384:289:411:290:260:180:92:300:285:169:292:289:290:271:279:293:199:294:284:206:149:287:295:294:296:121:91:40:292:297:273:298:162:299:300:286:524:288:157:295:302:231:303:300:69:283:297:140:271:293:260:219:98:265:304:305:304:261:205:86:306:292:188:308:302:309:298:305:205:237:295:308:287:296:191:310:311:24:198:311:313:189:314:315:142:316:266:250:313:314:317:306:314:92:298:230:299:253:14:303:111:158:318:289:309:257:238:317:320:321:320:113:299:318:317:315:321:198:322:267:60:323:323:323:203:157:324:325:326:140:68:310:316:319:324:214:104:305:325:288:328:329:285:330:244:294:331:331:332:460:332:334:335:336:337:338:334:339:222:339:321:525:335:460:341:171:338:330:329:342:214:229:342:343:335:282:336:188:235:337:72:326:240:344:345:346:347:269:345:341:348:271:382:85:346:350:348:351:351:343:352:241:255:299:342:310:353:344:1:159:354:525:524:23:350:339:189:352:315:355:355:353:279:356:328:335:65:347:464:356:318:358:40:359:354:354:337:83:595:94:199:361:362:449:311:121:365:361:556:359:355:46:366:367:368:332:360:102:264:365:358:366:252:338:370:371:272:206:368:372:438:373:370:374:25:125:297:375:338:376:404:100:263:273:362:371:8:377:378:245:376:375:377:171:373:333:367:368:378:126:372:52:276:376:311:345:379:380:370:284:215:382:225:106:383:344:554:383:336:384:309:200:296:386:362:524:129:207:359:200:379:244:387:319:333:200:258:388:342:389:213:380:329:42:356:389:382:16:390:310:366:388:390:347:17:274:346:391:385:306:392:393:386:58:138:304:371:395:395:367:280:396:396:229:357:392:256:397:397:320:376:54:316:398:399:400:393:156:163:402:400:403:350:365:391:399:404:251:290:276:405:0:406:326:404:375:406:402:361:28:403:369:407:385:341:408:291:336:313:410:216:379:372:278:297:322:408:357:18:291:407:413:178:464:399:118:283:380:218:331:377:348:400:386:414:400:253:414:356:416:415:416:53:417:353:110:373:351:418:106:330:420:350:434:173:421:417:262:307:212:382:452:424:553:275:402:425:420:303:308:282:66:161:112:410:283:406:553:325:429:254:302:429:329:393:421:10:265:430:194:357:387:280:397:352:285:208:431:427:432:228:420:258:430:433:434:241:434:405:431:234:433:468:406:432:383:410:437:384:438:383:384:439:198:440:440:425:417:441:415:442:15:307:499:450:120:437:11:441:450:399:185:321:381:405:447:447:448:427:265:441:447:445:444:389:413:446:385:422:408:340:452:247:407:523:374:434:436:439:453:411:454:454:275:340:453:455:471:179:427:237:495:465:293:422:455:456:442:288:287:449:187:403:459:448:448:416:454:459:421:59:392:444:236:164:429:167:419:460:381:464:465:143:81:409:421:442:390:369:465:466:280:467:227:143:424:468:466:470:415:436:469:471:418:439:203:343:455:103:370:414:353:452:168:429:472:440:281:378:470:469:475:468:374:569:476:456:449:314:478:422:479:358:481:324:304:511:478:483:475:476:479:481:484:494:444:281:201:432:486:388:485:446:471:460:187:511:59:398:398:467:489:483:556:445:490:182:433:489:348:490:491:491:484:569:426:303:454:11:328:369:498:494:56:347:495:209:491:170:44:328:446:497:496:418:456:369:306:226:486:209:496:325:409:396:511:419:164:500:514:547:590:207:488:333:488:459:476:500:377:438:390:471:415:466:554:251:519:519:508:509:581:154:494:364:510:510:131:449:368:593:508:119:493:498:181:509:364:262:513:472:514:105:483:426:426:431:357:470:93:64:339:387:397:504:215:364:568:459:497:545:373:530:504:419:519:499:283:451:520:381:545:12:334:351:485:520:523:490:313:291:469:405:525:217:398:238:525:590:90:467:463:43:413:333:520:307:581:319:277:529:188:295:294:464:425:127:524:530:263:46:267:315:216:529:452:277:479:462:530:523:528:80:516:593:497:355:95:537:485:445:467:537:92:539:522:539:499:463:249:96:176:534:255:320:528:532:542:543:544:394:542:543:522:425:516:592:496:394:364:388:513:490:544:427:141:426:532:547:465:513:539:499:262:591:152:293:29:545:534:302:394:281:556:495:474:436:451:483:581:175:553:493:514:379:568:555:372:555:544:493:319:547:456:401:374:489:598:548:534:578:197:556:272:601:601:560:561:562:560:546:535:575:575:562:598:560:166:561:411:475:413:537:458:510:535:462:401:566:540:600:492:458:239:568:323:390:516:458:569:498:541:484:590:360:409:440:389:474:566:519:47:603:462:578:500:145:501:566:474:478:598:450:545:576:580:577:576:214:565:577:437:448:592:278:395:508:569:576:579:580:580:509:540:546:579:582:420:583:211:473:570:270:430:30:488:453:586:517:522:437:428:529:472:165:518:528:582:341:73:445:473:578:565:204:591:577:262:428:591:593:593:367:574:586:574:603:343:594:548:424:540:541:80:167:595:518:594:270:474:532:204:576:594:601:391:188:570:9:106:586:583:517:546:270:251:600:542:600:601:602:300:479:603:565:602:481:491:543:251:586:583:30:501:561:48:431:555:451:579:570:311:486:49:428:575:523:582:433:24
1212,1389,551,0,6387,43:1:2:32:2:4:245:6:7:4:8:63:1:9:10:160:10:12:322:312:12:14:9:8:15:16:20:15:18:19:503:19:81:22:48:36:23:18:14:503:24:4:16:6:25:12:38:26:0:28:131:25:29:29:503:492:45:24:26:31:606:7:60:317:28:33:20:492:23:4:34:32:16:34:312:48:36:312:22:0:37:21:33:492:38:23:39:39:606:215:41:7:42:43:2:38:215:41:33:44:160:20:128:21:47:45:606:49:108:190:10:50:49:44:51:77:34:47:52:51:53:54:55:36:53:32:57:28:48:94:93:42:60:49:61:61:62:120:55:64:65:54:52:62:43:64:93:66:67:1:73:67:68:31:37:69:57:65:322:182:69:22:71:8:60:71:72:56:40:68:29:120:19:74:124:74:65:75:37:43:76:75:77:0:45:78:233:81:72:596:61:80:596:11:82:83:84:56:64:596:70:85:86:85:80:233:86:80:73:87:83:63:69:55:88:89:78:90:88:91:67:91:89:14:70:78:81:88:94:21:95:40:82:31:52:44:55:94:87:95:97:192:40:97:72:21:144:50:136:99:100:101:102:103:82:104:25:103:101:105:106:103:73:107:105:104:108:98:109:108:51:109:39:100:27:15:160:71:107:111:112:113:114:54:159:116:102:126:83:116:94:114:36:107:117:118:68:119:77:70:132:112:58:63:159:121:122:122:119:111:42:90:5:123:113:159:606:124:125:31:118:41:5:124:127:126:128:129:130:29:130:131:122:132:125:133:123:117:133:127:18:126:129:33:34:132:109:19:134:97:135:58:134:137:135:76:109:96:139:127:78:140:141:186:142:84:96:137:130:101:141:142:144:145:136:146:129:91:146:139:27:84:119:147:5:138:121:149:150:147:233:95:151:53:151:123:147:120:125:87:152:153:41:153:145:152:149:100:186:39:154:155:150:50:157:107:156:133:155:47:136:158:154:157:75:158:93:190:142:160:143:146:161:162:163:59:162:161:59:37:143:128:150:140:190:112:167:153:168:169:58:124:169:168:170:89:6:84:131:56:171:172:172:137:156:89:99:536:173:66:174:173:175:174:165:166:17:166:170:536:175:164:11:17:178:536:503:179:180:180:181:181:182:158:183:26:134:184:179:175:185:116:186:186:180:95:187:173:185:184:46:62:139:187:189:220:191:150:24:113:192:90:191:179:193:191:134:105:194:110:138:189:183:67:110:195:194:196:197:312:27:132:197:198:195:199:143:74:184:106:98:155:196:200:166:152:192:181:5:57:183:201:141:138:202:200:51:203:391:199:190:205:205:104:206:46:207:207:208:201:168:203:198:243:209:66:6:211:2:111:172:208:211:110:209:164:212:202:213:194:212:117:411:176:193:167:210:206:170:114:201:137:135:168:20:147:122:161:188:169:213:216:144:217:85:153:55:218:219:360:151:146:92:22:221:220:219:221:165:195:222:223:224:223:224:221:163:222:215:174:156:182:184:225:226:227:218:144:229:228:226:155:218:210:230:123:225:136:231:50:74:224:554:231:212:230:197:102:45:77:98:234:234:235:234:236:221:237:238:154:88:236:199:239:118:208:165:237:554:241:240:241:242:308:239:235:62:27:223:219:63:243:133:243:176:230:242:76:108:227:244:226:245:217:246:222:228:247:248:246:145:235:249:250:247:210:249:252:135:225:253:239:248:229:233:250:252:110:249:209:166:97:17:86:231:240:242:254:255:99:256:257:255:258:185:259:256:254:258:257:260:32:261:360:162:263:264:178:265:259:213:263:261:238:266:259:267:211:254:260:248:265:268:252:268:269:244:264:245:272:243:9:57:193:196:273:269:26:267:227:274:275:276:277:276:275:278:279:272:81:273:274:595:163:282:86:71:38:277:268:284:278:285:239:282:116:286:246:247:149:287:274:286:284:220:266:220:139:266:202:384:289:411:290:260:180:92:300:285:169:292:289:290:271:279:293:199:294:284:206:149:287:295:294:296:121:91:40:292:297:273:298:162:299:300:286:524:288:157:295:302:231:303:300:69:283:297:140:271:293:260:219:98:265:304:305:304:261:205:86:306:292:188:308:302:309:298:305:205:237:295:308:287:296:191:310:311:24:198:311:313:189:314:315:142:316:266:250:313:314:317:306:314:92:298:230:299:253:14:303:111:158:318:289:309:257:238:317:320:321:320:113:299:318:317:315:321:198:322:267:60:323:323:323:203:157:324:325:326:140:68:310:316:319:324:214:104:305:325:288:328:329:285:330:244:294:331:331:332:460:332:334:335:336:337:338:334:339:222:339:321:525:335:460:341:171:338:330:329:342:214:229:342:343:335:282:336:188:235:337:72:326:240:344:345:346:347:269:345:341:348:271:382:85:346:350:348:351:351:343:352:241:255:299:342:310:353:344:1:159:354:525:524:23:350:339:189:352:315:355:355:353:279:356:328:335:65:347:464:356:318:358:40:359:354:354:337:83:595:94:199:361:362:449:311:121:365:361:556:359:355:46:366:367:368:332:360:102:264:365:358:366:252:338:370:371:272:206:368:372:438:373:370:374:25:125:297:375:338:376:404:100:263:273:362:371:8:377:378:245:376:375:377:171:373:333:367:368:378:126:372:52:276:376:311:345:379:380:370:284:215:382:225:106:383:344:554:383:336:384:309:200:296:386:362:524:129:207:359:200:379:244:387:319:333:200:258:388:342:389:213:380:329:42:356:389:382:16:390:310:366:388:390:347:17:274:346:391:385:306:392:393:386:58:138:304:371:395:395:367:280:396:396:229:357:392:256:397:397:320:376:54:316:398:399:400:393:156:163:402:400:403:350:365:391:399:404:251:290:276:405:0:406:326:404:375:406:402:361:28:403:369:407:385:341:408:291:336:313:410:216:379:372:278:297:322:408:357:18:291:407:413:178:464:399:118:283:380:218:331:377:348:400:386:414:400:253:414:356:416:415:416:53:417:353:110:373:351:418:106:330:420:350:434:173:421:417:262:307:212:382:452:424:553:275:402:425:420:303:308:282:66:161:112:410:283:406:553:325:429:254:302:429:329:393:421:10:265:430:194:357:387:280:397:352:285:208:431:427:432:228:420:258:430:433:434:241:434:405:431:234:433:468:406:432:383:410:437:384:438:383:384:439:198:440:440:425:417:441:415:442:15:307:499:450:120:437:11:441:450:399:185:321:381:405:447:447:448:427:265:441:447:445:444:389:413:446:385:422:408:340:452:247:407:523:374:434:436:439:453:411:454:454:275:340:453:455:471:179:427:237:495:465:293:422:455:456:442:288:287:449:187:403:459:448:448:416:454:459:421:59:392:444:236:164:429:167:419:460:381:464:465:143:81:409:421:442:390:369:465:466:280:467:227:143:424:468:466:470:415:436:469:471:418:439:203:343:455:103:370:414:353:452:168:429:472:440:281:378:470:469:475:468:374:569:476:456:449:314:478:422:479:358:481:324:304:511:478:483:475:476:479:481:484:494:444:281:201:432:486:388:485:446:471:460:187:511:59:398:398:467:489:483:556:445:490:182:433:489:348:490:491:491:484:569:426:303:454:11:328:369:498:494:56:347:495:209:491:170:44:328:446:497:496:418:456:369:306:226:486:209:496:325:409:396:511:419:164:500:514:547:590:207:488:333:488:459:476:500:377:438:390:471:415:466:554:251:519:519:508:509:581:154:494:364:510:510:131:449:368:593:508:119:493:498:181:509:364:262:513:472:514:105:483:426:426:431:357:470:93:64:339:387:397:504:215:364:568:459:497:545:373:530:504:419:519:499:283:451:520:381:545:12:334:351:485:520:523:490:313:291:469:405:525:217:398:238:525:590:90:467:463:43:413:333:520:307:581:319:277:529:188:295:294:464:425:127:524:530:263:46:267:315:216:529:452:277:479:462:530:523:528:80:516:593:497:355:95:537:485:445:467:537:92:539:522:539:499:463:249:96:176:534:255:320:528:532:542:543:544:394:542:543:522:425:516:592:496:394:364:388:513:490:544:427:141:426:532:547:465:513:539:499:262:591:152:293:29:545:534:302:394:281:556:495:340:436:451:483:581:175:553:493:514:379:568:555:372:555:544:493:319:547:456:401:374:489:598:548:534:578:197:556:272:601:601:560:561:562:560:546:535:575:575:562:598:560:166:561:411:475:413:537:458:510:535:462:401:566:540:600:492:458:239:568:323:390:516:458:569:498:541:484:590:360:409:440:389:474:566:519:47:603:462:578:500:145:501:566:474:478:598:450:545:576:580:577:576:214:565:577:437:448:592:278:395:508:569:576:579:580:580:509:540:546:579:582:420:583:211:473:570:270:430:30:488:453:586:517:522:437:428:529:472:165:518:528:582:341:73:445:473:578:565:204:591:577:262:428:591:593:593:367:574:586:574:603:343:594:548:424:540:541:80:167:595:518:594:270:474:532:204:576:594:601:391:188:570:9:106:586:583:517:546:270:251:600:542:600:601:602:300:479:603:565:602:481:491:543:251:586:583:30:501:561:48:431:555:451:579:570:311:486:49:428:575:523:582:433:24
1275,1475,551,0,6385,43:1:2:32:2:4:245:6:7:4:8:63:1:9:10:160:10:12:322:312:12:14:9:8:15:16:20:15:18:19:503:19:81:22:48:36:23:18:14:503:24:4:16:6:25:12:38:26:0:28:131:25:29:29:503:492:45:24:26:31:606:7:60:317:28:33:20:492:23:4:34:32:16:34:312:48:36:312:22:0:37:21:33:492:38:23:39:39:606:215:41:7:42:43:2:38:215:41:33:44:160:20:128:21:47:45:606:49:108:190:10:50:49:44:51:77:34:47:52:51:53:54:55:36:53:32:57:28:48:94:93:42:60:49:61:61:62:120:55:64:65:54:52:62:43:64:93:66:67:1:73:67:68:31:37:69:57:65:322:182:69:22:71:8:60:71:72:56:40:68:29:120:19:74:124:74:65:75:37:43:76:75:77:0:45:78:233:81:72:596:61:80:596:11:82:83:84:56:64:596:70:85:86:85:80:233:86:80:73:87:83:63:69:55:88:89:78:90:88:91:67:91:89:14:70:78:81:88:94:21:95:40:82:31:52:44:55:94:87:95:97:192:40:97:72:21:144:50:136:223:100:101:102:103:82:104:25:103:101:105:106:103:73:107:105:104:108:98:109:108:51:109:39:100:27:15:160:71:107:111:112:113:114:54:159:116:102:126:83:116:94:114:36:107:117:118:68:119:77:70:132:112:58:63:159:121:122:122:119:111:42:90:5:123:113:159:606:124:125:31:118:41:5:124:127:126:128:129:130:29:130:131:122:132:125:133:123:117:133:127:18:126:129:33:34:132:109:19:134:97:135:58:134:137:135:76:109:96:139:127:78:140:141:186:142:84:96:137:130:101:141:142:144:145:136:146:129:91:146:139:27:84:119:147:5:138:121:149:150:147:233:95:192:53:151:123:147:120:125:87:152:153:41:153:145:152:149:100:186:39:154:155:150:50:157:107:156:133:155:47:136:158:154:157:75:158:151:190:142:160:143:146:161:162:163:59:162:161:59:37:143:128:150:140:190:112:167:153:168:169:58:124:169:168:170:89:6:84:131:56:171:172:172:137:156:89:99:536:173:66:174:173:175:174:165:166:17:166:170:536:175:164:11:17:178:536:503:179:180:180:181:181:182:158:183:26:134:184:179:175:185:116:186:186:151:95:187:173:185:184:46:62:139:187:189:220:191:150:24:113:93:90:191:179:193:191:134:105:194:110:138:189:183:67:110:195:194:196:197:312:27:132:197:198:195:199:143:74:184:106:98:155:196:200:166:152:192:181:5:57:183:201:141:138:202:200:51:203:391:199:190:205:205:104:206:46:207:207:208:201:168:203:198:243:209:66:6:211:2:111:172:208:211:110:209:164:212:202:213:194:212:117:411:176:193:167:210:206:170:114:201:137:135:168:20:147:122:161:188:169:213:216:144:217:85:153:55:218:219:360:151:146:92:22:221:220:219:221:165:195:222:223:224:180:224:221:163:222:215:174:156:182:184:225:226:227:218:144:229:228:226:155:218:210:230:123:225:136:231:50:74:224:554:231:212:230:197:102:45:77:98:234:234:235:234:236:221:237:238:154:88:236:199:239:118:208:165:237:554:241:240:241:242:308:239:235:62:27:223:219:63:243:133:243:176:230:242:76:108:227:244:226:245:217:246:222:228:247:248:246:145:235:249:250:247:210:249:252:135:225:253:239:248:229:233:250:252:110:249:209:166:97:17:86:231:240:242:254:255:99:256:257:255:258:185:259:256:254:258:257:260:32:261:360:162:263:264:178:265:259:213:263:261:238:266:259:267:211:254:260:248:265:268:252:268:269:244:264:245:272:243:9:57:193:196:273:269:26:267:227:274:275:276:277:276:275:278:279:272:81:273:274:595:163:282:86:71:38:277:268:284:278:285:239:282:116:286:246:247:149:287:274:286:284:220:266:220:139:266:202:384:289:411:290:260:180:92:300:285:169:292:289:290:271:279:293:199:294:284:206:149:287:295:294:296:121:91:40:292:297:273:298:162:299:300:286:524:288:157:295:302:231:303:300:69:283:297:140:271:293:260:219:98:265:304:305:304:261:205:86:306:292:188:308:302:309:298:305:205:237:295:308:287:296:191:310:311:24:198:311:313:189:314:315:142:316:266:250:313:314:317:306:314:92:298:230:299:253:14:303:111:158:318:289:309:257:238:317:320:321:320:113:299:318:317:315:321:198:322:267:60:323:323:323:203:157:324:325:326:140:68:310:316:319:324:214:104:305:325:288:328:329:285:330:244:294:331:331:332:460:332:334:335:336:337:338:334:339:222:339:321:525:335:460:341:171:338:330:329:342:214:229:342:343:335:282:336:188:235:337:72:326:240:344:345:346:347:269:345:341:348:271:382:85:346:350:348:351:351:343:352:241:255:299:342:310:353:344:1:159:354:525:524:23:350:339:189:352:315:355:355:353:279:356:328:335:65:347:464:356:318:358:40:359:354:354:337:83:595:94:199:361:362:449:311:121:365:361:556:359:355:46:366:367:368:332:360:102:264:365:358:366:252:338:370:371:272:206:368:372:438:373:370:374:25:125:297:375:338:376:404:100:263:273:362:371:8:377:378:245:376:375:377:171:373:333:367:368:378:126:372:52:276:376:311:345:379:380:370:284:215:382:225:106:383:344:554:383:336:384:309:200:296:386:362:524:129:207:359:200:379:244:387:319:333:200:258:388:342:389:213:380:329:42:356:389:382:16:390:310:366:388:390:347:17:274:346:391:385:306:392:393:386:58:138:304:371:395:395:367:280:128:99:229:357:392:256:397:397:320:376:54:316:398:399:400:393:156:163:402:400:403:350:365:391:399:404:251:290:276:405:0:406:326:404:375:406:402:361:28:403:369:407:385:341:408:291:336:313:410:216:379:372:278:297:322:408:357:18:291:407:413:178:464:399:118:283:380:218:331:377:348:400:386:414:400:253:414:356:416:415:416:53:417:353:110:373:351:418:106:330:420:350:434:173:421:417:262:307:212:382:452:424:553:275:402:425:420:303:308:282:66:161:112:410:283:406:553:325:429:254:302:429:329:393:421:10:265:430:194:357:387:280:397:352:285:208:431:427:432:228:420:258:430:433:434:241:434:405:431:234:433:468:406:432:383:410:437:384:438:383:384:439:198:440:440:425:417:441:415:442:15:307:499:450:120:437:11:441:450:399:185:321:381:405:447:447:448:427:265:441:447:445:444:389:413:446:385:422:408:340:452:247:407:523:374:434:436:439:453:411:454:454:275:340:453:455:471:179:427:237:495:465:293:422:455:456:442:288:287:449:187:403:459:448:448:416:454:459:421:59:392:444:236:164:429:167:419:460:381:464:465:143:81:409:421:442:390:369:465:466:280:467:227:143:424:468:466:470:415:436:469:471:418:439:203:343:455:103:370:414:353:452:168:429:472:440:281:378:470:469:475:468:374:569:476:456:449:314:478:422:479:358:481:324:304:511:478:483:475:476:479:481:484:494:444:281:201:432:486:388:485:446:471:460:187:511:59:398:398:467:489:483:556:445:490:182:433:489:348:490:491:491:484:569:426:303:454:11:328:369:498:494:56:347:495:209:491:170:44:328:446:497:496:418:456:369:306:226:486:209:496:325:409:396:511:419:164:500:514:547:590:207:488:333:488:459:476:500:377:438:390:471:415:466:554:251:519:519:508:509:581:154:494:364:510:510:131:449:368:593:508:119:493:498:181:509:364:262:513:472:514:105:483:426:426:431:357:470:396:64:339:387:397:504:215:364:568:459:497:545:373:530:504:419:519:499:283:451:520:381:545:12:334:351:485:520:523:490:313:291:469:405:525:217:398:238:525:590:90:467:463:43:413:333:520:307:581:319:277:529:188:295:294:464:425:127:524:530:263:46:267:315:216:529:452:277:479:462:530:523:528:80:516:593:497:355:95:537:485:445:467:537:92:539:522:539:499:463:249:96:176:534:255:320:528:532:542:543:544:394:542:543:522:425:516:592:496:394:364:388:513:490:544:427:141:426:532:547:465:513:539:499:262:591:152:293:29:545:534:302:394:281:556:495:340:436:451:483:581:175:553:493:514:379:568:555:372:555:544:493:319:547:456:401:374:489:598:548:534:578:197:556:272:601:601:560:561:562:560:546:535:575:575:562:598:560:166:561:411:475:413:537:458:510:535:462:401:566:540:600:492:458:239:568:323:390:516:458:569:498:541:484:590:360:409:440:389:474:566:519:47:603:462:578:500:145:501:566:474:478:598:450:545:576:580:577:576:214:565:577:437:448:592:278:395:508:569:576:579:580:580:509:540:546:579:582:420:583:211:473:570:270:430:30:488:453:586:517:522:437:428:529:472:165:518:528:582:341:73:445:473:578:565:204:591:577:262:428:591:593:593:367:574:586:574:603:343:594:548:424:540:541:80:167:595:518:594:270:474:532:204:576:594:601:391:188:570:9:106:586:583:517:546:270:251:600:542:600:601:602:300:479:603:565:602:481:491:543:251:586:583:30:501:561:48:431:555:451:579:570:311:486:49:428:575:523:582:433:24
1427,1679,551,0,6384,43:1:2:32:2:4:245:6:7:4:8:63:1:9:10:160:10:12:322:312:12:14:9:8:15:16:20:15:18:19:503:19:81:22:48:36:23:18:14:503:24:4:16:6:25:12:38:26:0:28:131:25:29:29:503:492:45:24:26:31:606:7:60:317:28:33:20:492:23:4:34:32:16:34:312:48:36:312:22:0:37:21:33:492:38:23:39:39:606:215:41:7:42:43:2:38:215:41:33:44:160:20:128:21:47:45:606:49:108:190:10:50:49:44:51:77:34:47:52:51:53:54:55:36:53:32:57:28:48:94:93:42:60:49:61:61:62:120:55:64:65:54:52:62:43:64:93:66:67:1:73:67:68:31:37:69:57:65:322:182:69:22:71:8:60:71:72:56:40:68:29:120:19:74:124:74:65:75:37:43:76:75:77:0:45:78:233:81:72:596:61:80:596:11:82:83:84:56:64:596:70:85:86:85:80:233:86:80:73:87:83:63:69:55:88:89:78:90:88:91:67:91:89:14:70:78:81:88:94:21:95:40:82:31:52:44:55:94:87:95:97:192:40:97:72:21:144:50:136:223:100:101:102:103:82:104:25:103:101:105:106:103:73:107:105:104:108:98:109:108:51:109:39:100:27:15:160:71:107:111:112:113:114:54:159:116:102:126:83:116:94:114:36:107:117:118:68:119:77:70:132:112:58:63:159:121:122:122:119:111:42:90:5:123:113:159:606:124:125:31:118:41:5:124:127:126:128:129:130:29:130:131:122:132:125:133:123:117:133:127:18:126:129:33:34:132:109:19:134:97:135:58:134:137:135:76:109:96:139:127:78:140:141:186:142:84:96:137:130:101:141:142:144:145:136:146:129:91:146:139:27:84:119:147:5:138:121:149:150:147:233:95:192:53:151:123:147:120:125:87:152:153:41:153:145:152:149:100:186:39:154:155:150:50:157:107:156:133:155:47:136:158:154:157:75:158:151:190:142:160:143:146:161:162:163:59:162:161:59:37:143:128:150:140:190:112:167:153:168:169:58:124:169:168:170:89:6:84:131:56:171:172:172:137:156:89:167:536:173:66:174:173:175:174:165:166:17:166:170:536:175:164:11:17:178:536:503:179:180:180:181:181:182:158:183:26:134:184:179:175:185:116:186:186:151:95:187:173:185:184:46:62:139:187:189:220:191:150:24:113:93:90:191:179:193:191:134:105:194:110:138:189:183:67:110:195:194:196:197:312:27:132:197:198:195:199:143:74:184:106:98:155:196:200:166:152:192:181:5:57:183:201:141:138:202:200:51:203:391:199:190:205:205:104:206:46:207:207:208:201:168:203:198:243:209:66:6:211:2:111:172:208:211:110:209:164:212:202:213:194:212:117:411:176:193:167:210:206:170:114:201:137:135:168:20:147:122:161:188:169:213:216:144:217:85:153:55:218:219:360:151:146:92:22:221:220:219:221:165:195:222:223:224:180:224:221:163:222:215:174:156:182:184:225:226:227:218:144:229:228:226:155:218:210:230:123:225:136:231:50:74:224:554:231:212:230:197:102:45:77:98:234:234:235:234:236:221:237:238:154:88:236:199:239:118:208:165:237:554:241:240:241:242:308:239:235:62:27:223:219:63:243:133:243:176:230:242:76:108:227:244:226:245:217:246:222:228:247:248:246:145:235:249:250:247:210:249:252:135:225:253:239:248:229:233:250:252:110:249:209:166:97:17:86:231:240:242:254:255:257:256:402:255:258:185:259:256:254:258:257:260:32:261:360:162:263:264:178:265:259:213:263:261:238:266:259:267:211:254:260:248:265:268:252:268:269:244:264:245:272:243:9:57:193:196:273:269:26:267:227:274:275:276:277:276:275:278:279:272:81:273:274:595:163:282:86:71:38:277:268:284:278:285:239:282:116:286:246:247:149:287:274:286:284:220:266:220:139:266:202:384:289:411:290:260:180:92:300:285:169:292:289:290:271:279:293:199:294:284:206:149:287:295:294:296:121:91:40:292:297:273:298:162:299:300:286:524:288:157:295:302:231:303:300:69:283:297:140:271:293:260:219:98:265:304:305:304:261:205:86:306:292:188:308:302:309:298:305:205:237:295:308:287:296:191:310:311:24:198:311:313:189:314:315:142:316:266:250:313:314:317:306:314:92:298:230:299:253:14:303:111:158:318:289:309:257:238:317:320:321:320:113:299:318:317:315:321:198:322:267:60:323:323:323:203:157:324:325:326:140:68:310:316:319:324:214:104:305:325:288:328:329:285:330:244:294:331:331:332:460:332:334:335:336:99:338:334:339:222:339:321:525:335:460:341:171:338:330:329:342:214:229:342:343:335:282:336:188:235:337:72:326:240:344:345:346:347:269:345:341:348:271:382:85:346:350:348:351:351:343:352:241:255:299:342:310:353:344:1:159:354:525:524:23:350:339:189:352:315:355:355:353:279:356:328:335:65:347:464:356:318:358:40:359:354:354:337:83:595:94:199:361:362:449:311:121:365:361:556:359:355:46:366:367:368:332:360:102:264:365:358:366:252:338:370:371:272:206:368:372:438:373:370:374:25:125:297:375:338:376:404:100:263:273:362:371:8:377:378:245:376:375:377:171:373:333:367:368:378:126:372:52:276:376:311:345:379:380:370:284:215:382:225:106:383:344:554:383:336:384:309:200:296:386:362:524:129:207:359:200:379:244:387:319:333:200:258:388:342:389:213:380:329:42:356:389:382:16:390:310:366:388:390:347:17:274:346:391:385:306:392:393:386:58:138:304:371:395:395:367:280:128:99:229:357:392:256:397:397:320:376:54:316:398:399:400:393:156:163:402:400:403:350:365:391:399:404:251:290:276:405:0:406:326:404:375:406:130:361:28:403:369:407:385:341:408:291:336:313:410:216:379:372:278:297:322:408:357:18:291:407:413:178:464:399:118:283:380:218:331:377:348:400:386:414:400:253:414:356:416:415:416:53:417:353:110:373:351:418:106:330:420:350:434:173:421:417:262:307:212:382:452:424:553:275:402:425:420:303:308:282:66:161:112:410:283:406:553:325:429:254:302:429:329:393:421:10:265:430:194:357:387:280:397:352:285:208:431:427:432:228:420:258:430:433:434:241:434:405:431:234:433:468:406:432:383:410:437:384:438:383:384:439:198:440:440:425:417:441:415:442:15:307:499:450:120:437:11:441:450:399:185:321:381:405:447:447:448:427:265:441:447:445:444:389:413:446:385:422:408:340:452:247:407:523:374:434:436:439:453:411:454:454:275:340:453:455:471:179:427:237:495:465:293:422:455:456:442:288:287:449:187:403:459:448:448:416:454:459:421:59:392:444:236:164:429:337:419:460:381:464:465:143:81:409:421:442:390:369:465:466:280:467:227:143:424:468:466:470:415:436:469:471:418:439:203:343:455:103:370:414:353:452:168:429:472:440:281:378:470:469:475:468:374:569:476:456:449:314:478:422:479:358:481:324:304:511:478:483:475:476:479:481:484:494:444:281:201:432:486:388:485:446:471:460:187:511:59:398:398:467:489:483:556:445:490:182:433:489:348:490:491:491:484:569:426:303:454:11:328:369:498:494:56:347:495:209:491:170:44:328:446:497:496:418:456:369:306:226:486:209:496:325:409:396:511:419:164:500:514:547:590:207:488:333:488:459:476:500:377:438:390:471:415:466:554:251:519:519:508:509:581:154:494:364:510:510:131:449:368:593:508:119:493:498:181:509:364:262:513:472:514:105:483:426:426:431:357:470:396:64:339:387:397:504:215:364:568:459:497:545:373:530:504:419:519:499:283:451:520:381:545:12:334:351:485:520:523:490:313:291:469:405:525:217:398:238:525:590:90:467:463:43:413:333:520:307:581:319:277:529:188:295:294:464:425:127:524:530:263:46:267:315:216:529:452:277:479:462:530:523:528:80:516:593:497:355:95:537:485:445:467:537:92:539:522:539:499:463:249:96:176:534:255:320:528:532:542:543:544:394:542:543:522:425:516:592:496:394:364:388:513:490:544:427:141:426:532:547:465:513:539:499:262:591:152:293:29:545:534:302:394:281:556:495:340:436:451:483:581:175:553:493:514:379:568:555:372:555:544:493:319:547:456:401:374:489:598:548:534:578:197:556:272:601:601:560:561:562:560:546:535:575:575:562:598:560:166:561:411:475:413:537:458:510:535:462:401:566:540:600:492:458:239:568:323:390:516:458:569:498:541:484:590:360:409:440:389:474:566:519:47:603:462:578:500:145:501:566:474:478:598:450:545:576:580:577:576:214:565:577:437:448:592:278:395:508:569:576:579:580:580:509:540:546:579:582:420:583:211:473:570:270:430:30:488:453:586:517:522:437:428:529:472:165:518:528:582:341:73:445:473:578:565:204:591:577:262:428:591:593:593:367:574:586:574:603:343:594:548:424:540:541:80:396:595:518:594:270:474:532:204:576:594:601:391:188:570:9:106:586:583:517:546:270:251:600:542:600:601:602:300:479:603:565:602:481:491:543:251:586:583:30:501:561:48:431:555:451:579:570:311:486:49:428:575:523:582:433:24
1453,1713,551,0,6383,43:1:2:32:2:4:245:6:7:4:8:63:1:9:10:160:10:12:322:312:12:14:9:8:15:16:20:15:18:19:503:19:81:22:48:36:23:18:14:503:24:4:16:6:25:12:38:26:0:28:131:25:29:29:503:492:45:24:26:31:606:7:60:317:28:33:20:492:23:4:34:32:16:34:312:48:36:312:22:0:37:21:33:492:38:23:39:39:606:215:41:7:42:43:2:38:215:41:33:44:160:20:128:21:47:45:606:49:108:190:10:50:49:44:51:77:34:47:52:51:53:54:55:36:53:32:57:28:48:94:93:42:60:49:61:61:62:120:55:64:65:54:52:62:43:64:93:66:67:1:73:67:68:31:37:69:57:65:322:182:69:22:71:8:60:71:72:56:40:68:29:120:19:74:124:74:65:75:37:43:76:75:77:0:45:78:233:81:72:596:61:80:596:11:82:83:84:56:64:596:70:85:86:85:80:233:86:80:73:87:83:63:69:55:88:89:78:90:88:91:67:91:89:14:70:78:81:88:94:21:95:40:82:31:52:44:55:94:87:95:97:192:40:97:72:21:144:50:136:223:100:101:102:103:82:104:25:103:101:105:106:103:73:107:105:104:108:98:109:108:51:109:39:100:27:15:160:71:107:111:112:113:114:54:159:116:102:126:83:116:94:114:36:107:117:118:68:119:77:70:132:112:58:63:159:121:122:122:119:111:42:90:5:123:113:159:606:124:125:31:118:41:5:124:127:126:128:129:130:29:130:131:122:132:125:133:123:117:133:127:18:126:129:33:34:132:109:19:134:97:135:58:134:137:135:76:109:96:139:127:78:140:141:186:142:84:96:137:130:101:141:142:144:145:136:146:129:91:146:139:27:84:119:147:5:138:121:149:150:147:233:95:192:53:151:123:147:120:125:87:152:153:41:153:145:152:149:100:186:39:154:155:150:50:157:107:156:133:155:47:136:158:154:157:75:158:151:190:142:160:143:146:161:162:163:59:162:161:59:37:143:128:150:140:190:112:167:153:168:169:58:124:169:168:170:89:6:84:131:56:171:172:172:137:156:89:167:536:173:66:174:173:175:174:165:166:17:166:170:536:175:164:11:17:178:536:503:179:180:180:181:181:182:158:183:26:134:184:179:175:185:116:186:186:151:95:187:173:185:184:46:62:139:187:189:220:191:150:24:113:93:90:191:179:193:191:134:105:194:110:138:189:183:67:110:195:194:196:197:312:27:132:197:198:195:199:143:74:184:106:98:155:196:200:166:152:192:181:5:57:183:201:141:138:202:200:51:203:391:199:190:205:205:104:206:46:207:207:208:201:168:203:198:243:209:66:6:211:2:111:172:208:211:110:209:164:212:202:213:194:212:117:411:176:193:167:210:206:170:114:201:137:135:168:20:147:122:161:188:169:213:216:144:217:85:153:55:218:219:360:151:146:92:22:221:220:219:221:165:195:222:223:224:180:224:221:163:222:215:174:156:182:184:225:226:227:218:144:229:228:226:155:218:210:230:123:225:136:231:50:74:224:554:231:212:230:197:102:45:77:98:234:234:235:234:236:221:237:238:154:88:236:199:239:118:208:165:237:554:241:240:241:242:308:239:235:62:27:223:219:63:243:133:243:176:230:242:76:108:227:244:226:245:217:246:222:228:247:248:246:145:235:249:250:247:210:249:252:135:225:253:239:248:229:233:250:252:110:249:209:166:97:17:86:231:240:242:254:255:257:256:402:255:258:185:259:256:254:258:257:260:32:261:360:162:263:264:178:265:259:213:263:261:238:266:259:267:211:254:260:248:265:268:252:268:269:244:264:245:272:243:9:57:193:196:273:269:26:267:227:274:275:276:277:276:275:278:279:272:81:273:274:595:163:282:86:71:38:277:268:284:278:285:239:282:116:286:246:247:149:287:274:286:284:220:266:220:139:266:202:384:289:411:290:260:180:92:300:285:169:292:289:290:271:279:293:199:294:284:206:149:287:295:294:296:121:91:40:292:297:273:298:162:299:300:286:524:288:157:295:302:231:303:300:69:283:297:140:271:293:260:219:98:265:304:305:304:261:205:86:306:292:188:308:302:309:298:305:205:237:295:308:287:296:191:310:311:24:198:311:313:189:314:315:142:316:266:250:313:314:317:306:314:92:298:230:299:253:14:303:111:158:318:289:309:257:238:317:320:321:320:113:299:318:317:315:321:198:322:267:60:323:323:323:203:157:324:325:326:140:68:310:316:319:324:214:104:305:325:288:328:329:285:330:244:294:331:331:332:460:332:334:335:336:99:338:334:339:222:339:321:525:335:460:341:171:338:330:329:342:214:229:342:343:335:282:336:188:235:337:72:326:240:344:345:346:347:269:345:341:348:271:382:85:346:350:348:351:351:343:352:241:255:299:342:310:353:344:1:159:354:525:524:23:350:339:189:352:315:355:355:353:279:356:328:335:65:347:464:356:318:358:40:359:354:354:337:83:595:94:199:361:362:449:311:121:365:361:556:359:355:46:366:367:368:332:360:102:264:365:358:366:252:338:370:371:272:206:368:372:438:373:370:374:25:125:297:375:338:376:404:100:263:273:362:371:8:377:378:245:376:375:377:171:373:333:367:368:378:126:372:52:276:376:311:345:379:380:370:284:215:382:225:106:383:344:554:383:336:384:309:200:296:386:362:524:129:207:359:200:379:244:387:319:333:200:258:388:342:389:213:380:329:42:356:389:382:16:390:310:366:388:390:347:17:274:346:391:385:306:392:393:386:58:138:304:371:395:395:367:280:128:99:229:357:392:256:397:397:320:376:54:316:398:399:400:393:156:163:402:400:403:350:365:391:399:404:251:290:276:405:0:406:326:404:375:406:130:361:28:403:369:407:385:341:408:291:336:313:410:216:379:372:278:297:322:408:357:18:291:407:413:178:464:399:118:283:380:218:331:377:348:400:386:414:400:253:414:356:416:415:416:53:417:353:110:373:351:418:106:330:420:350:434:173:421:417:262:307:212:382:452:424:553:275:402:425:420:303:308:282:66:161:112:410:283:406:553:325:429:254:302:429:329:393:421:10:265:430:194:357:387:280:397:352:285:208:431:427:432:228:420:258:430:433:434:241:434:405:431:234:433:468:406:432:383:410:437:384:438:383:384:439:198:440:440:425:417:441:415:442:15:307:499:450:120:437:11:441:450:399:185:321:381:405:447:447:448:427:265:441:447:445:444:389:413:446:385:422:408:340:452:247:407:523:374:434:436:439:453:411:454:454:275:340:453:455:471:179:427:237:495:465:293:422:455:456:442:288:287:449:187:403:459:448:448:416:454:459:421:59:392:444:236:164:429:337:424:460:381:464:465:143:81:409:421:442:390:369:465:466:280:467:227:143:93:468:466:470:415:436:469:471:418:439:203:343:455:103:370:414:353:452:168:429:472:440:281:378:470:469:475:468:374:569:476:456:449:314:478:422:479:358:481:324:304:511:478:483:475:476:479:481:484:494:444:281:201:432:486:388:485:446:471:460:187:511:59:398:398:467:489:483:556:445:490:182:433:489:348:490:491:491:484:569:426:303:454:11:328:369:498:494:56:347:495:209:491:170:44:328:446:497:496:418:456:369:306:226:486:209:496:325:409:396:511:419:164:500:514:547:590:207:488:333:488:459:476:500:377:438:390:471:415:466:554:251:519:519:508:509:581:154:494:364:510:510:131:449:368:593:508:119:493:498:181:509:364:262:513:472:514:105:483:426:426:431:357:470:396:64:339:387:397:504:215:364:568:459:497:545:373:530:504:419:519:499:283:451:520:381:545:12:334:351:485:520:523:490:313:291:469:405:525:217:398:238:525:590:90:467:463:43:413:333:520:307:581:319:277:529:188:295:294:464:425:127:524:530:263:46:267:315:216:529:452:277:479:462:530:523:528:80:516:593:497:355:95:537:485:445:467:537:92:539:522:539:499:463:249:96:176:534:255:320:528:532:542:543:544:394:542:543:522:425:516:592:496:394:364:388:513:490:544:427:141:426:532:547:465:513:539:499:262:591:152:293:29:545:534:302:394:281:556:495:340:436:451:483:581:175:553:493:514:379:568:555:372:555:544:493:319:547:456:401:374:489:598:548:534:578:197:556:272:601:601:560:561:562:560:546:535:575:575:562:598:560:166:561:411:475:413:537:458:510:535:462:401:566:540:600:492:458:239:568:323:390:516:458:569:498:541:484:590:360:409:440:389:474:566:519:47:603:462:578:500:145:501:566:474:478:598:450:545:576:580:577:576:214:565:577:437:448:592:278:395:508:569:576:579:580:580:509:540:546:579:582:420:583:211:473:570:270:430:30:488:453:586:517:522:437:428:529:472:165:518:528:582:341:73:445:473:578:565:204:591:577:262:428:591:593:593:367:574:586:574:603:343:594:548:484:540:541:80:396:595:518:594:270:474:532:204:576:594:601:391:188:570:9:106:586:583:517:546:270:251:600:542:600:601:602:300:479:603:565:602:481:491:543:251:586:583:30:501:561:48:431:555:451:579:570:311:486:49:428:575:523:582:433:24
1463,1725,551,0,6382,43:1:2:32:2:4:245:6:7:4:8:63:1:9:10:160:10:12:322:312:12:14:9:8:15:16:20:15:18:19:503:19:81:22:48:36:23:18:14:503:24:4:16:6:25:12:38:26:0:28:131:25:29:29:503:492:45:24:26:31:606:7:60:317:28:33:20:492:23:4:34:32:16:34:312:48:36:312:22:0:37:21:33:492:38:23:39:39:606:215:41:7:42:43:2:38:215:41:33:44:160:20:128:21:47:45:606:49:108:190:10:50:49:44:51:77:34:47:52:51:53:54:55:36:53:32:57:28:48:94:93:42:60:49:61:61:62:120:55:64:65:54:52:62:43:64:93:66:67:1:73:67:68:31:37:69:57:65:322:182:69:22:71:8:60:71:72:56:40:68:29:120:19:74:124:74:65:75:37:43:76:75:77:0:45:78:233:81:72:596:61:80:596:11:82:83:84:56:64:596:70:85:86:85:80:233:86:80:73:87:83:63:69:55:88:89:78:90:88:91:67:91:89:14:70:78:81:88:94:21:95:40:82:31:52:44:55:94:87:95:97:192:40:97:72:21:144:50:136:223:100:101:102:103:82:104:25:103:101:105:106:103:73:107:105:104:108:98:109:108:51:109:39:100:27:15:160:71:107:111:112:113:114:54:159:116:102:126:83:116:94:114:36:107:117:118:68:119:77:70:132:112:58:63:159:121:122:122:119:111:42:90:5:123:113:159:606:124:125:31:118:41:5:124:127:126:128:129:130:29:130:131:122:132:125:133:123:117:133:127:18:126:129:33:34:132:109:19:134:97:135:58:134:137:135:76:109:96:139:127:78:140:141:186:142:84:96:137:130:101:141:142:144:145:136:146:129:91:146:139:27:84:119:147:5:138:121:149:150:147:233:95:192:53:151:123:147:120:125:87:152:153:41:153:145:152:149:100:186:39:154:155:150:50:157:107:156:133:155:47:136:158:154:157:75:158:151:190:142:160:143:146:161:162:163:59:162:161:59:37:143:128:150:140:190:112:167:153:168:169:58:124:169:168:170:89:6:84:131:56:171:172:172:137:156:89:167:536:173:66:174:173:175:174:165:166:17:166:170:536:175:164:11:17:178:536:503:179:180:180:181:181:182:158:183:26:134:184:179:175:185:116:186:186:151:95:187:173:185:184:46:62:139:187:189:220:191:150:24:113:93:90:191:179:193:191:134:105:194:110:138:189:183:67:110:195:194:196:197:312:27:132:197:198:195:199:143:74:184:106:98:155:196:200:166:152:192:181:5:57:183:201:141:138:202:200:51:203:391:199:190:205:205:104:206:46:207:207:208:201:168:203:198:243:209:66:6:211:2:111:172:208:211:110:209:164:212:202:213:194:212:117:411:176:193:167:210:206:170:114:201:137:135:168:20:147:122:161:188:169:213:216:144:217:85:153:55:218:219:360:151:146:92:22:221:220:219:221:165:195:222:223:224:180:224:221:163:222:215:174:156:182:184:225:226:227:218:144:229:228:226:155:218:210:230:123:225:136:231:50:74:224:554:231:212:230:197:102:45:77:98:234:234:235:234:236:221:237:238:154:88:236:199:239:118:208:165:237:554:241:240:241:242:308:239:235:62:27:223:219:63:243:133:243:176:230:242:76:108:227:244:226:245:217:246:222:228:247:248:246:145:235:249:250:247:210:249:252:135:225:253:239:248:229:233:250:252:110:249:209:166:97:17:86:231:240:242:254:255:257:256:402:255:258:185:259:256:254:258:257:260:32:261:360:162:263:264:178:265:259:213:263:261:238:266:259:267:211:254:260:248:265:268:252:268:269:244:264:245:272:243:9:57:193:196:273:269:26:267:227:274:275:276:277:276:275:278:279:272:81:273:274:595:163:282:86:71:38:277:268:284:278:285:239:282:116:286:246:247:149:287:274:286:284:220:266:220:139:266:202:384:289:411:290:260:180:92:300:285:169:292:289:290:271:279:293:199:294:284:206:149:287:295:294:296:121:91:40:292:297:273:298:162:299:300:286:524:288:157:295:302:231:303:300:69:283:297:140:271:293:260:219:98:265:304:305:304:261:205:86:306:292:188:308:302:309:298:305:205:237:295:308:287:296:191:310:311:24:198:311:313:189:314:315:142:316:266:250:313:314:317:306:314:92:298:230:299:253:14:303:111:158:318:289:309:257:238:317:320:321:320:113:299:318:317:315:321:198:322:267:60:323:323:323:203:157:324:325:326:140:68:310:316:319:324:214:104:305:325:288:328:329:285:330:244:294:331:331:332:460:332:334:335:336:99:338:334:339:222:339:321:525:335:460:341:171:338:330:329:342:214:229:342:343:335:282:336:188:235:337:72:326:240:344:345:346:347:269:345:341:348:271:382:85:346:350:348:351:351:343:352:241:255:299:342:310:353:344:1:159:354:525:524:23:350:339:189:352:315:355:355:353:279:356:328:335:65:347:464:356:318:358:40:359:354:354:337:83:595:94:199:361:362:449:311:121:365:361:556:359:355:46:366:367:368:332:360:102:264:365:358:366:252:338:370:371:272:206:368:372:438:373:370:374:25:125:297:375:338:376:404:100:263:273:362:371:8:377:378:245:376:375:377:171:373:333:367:368:378:126:372:52:276:376:311:345:379:380:370:284:215:382:225:106:383:344:554:383:336:384:309:200:296:386:362:524:129:207:359:200:379:244:387:319:333:200:258:388:342:389:213:380:329:42:356:389:382:16:390:310:366:388:390:347:17:274:346:391:385:306:392:393:386:58:138:304:371:395:395:367:280:128:99:229:357:392:256:397:397:320:376:54:316:398:399:400:393:156:163:402:400:403:350:365:391:399:404:251:290:276:405:0:406:326:404:375:406:130:361:28:403:369:407:385:341:408:291:336:313:410:216:379:372:278:297:322:408:357:18:291:407:413:178:464:399:118:283:380:218:331:377:348:400:386:414:400:253:414:356:416:415:416:53:417:353:110:373:351:418:106:330:420:350:434:173:421:417:262:307:212:382:452:424:553:275:402:425:420:303:308:282:66:161:112:410:283:406:553:325:429:254:302:429:329:393:421:10:265:430:194:357:387:280:397:352:285:208:431:427:432:228:420:258:430:433:434:241:434:405:431:234:433:468:406:432:383:410:437:384:438:383:384:439:198:440:440:425:417:441:415:442:15:307:499:450:120:437:11:441:450:399:185:321:381:405:447:424:448:427:265:441:447:445:444:389:413:446:385:422:408:340:452:247:407:523:374:434:436:439:453:411:454:454:275:340:453:455:471:179:427:237:495:465:293:422:455:456:442:288:287:449:187:403:459:448:448:416:454:459:421:59:392:444:236:164:429:337:424:460:381:464:465:143:81:409:421:442:390:369:465:466:280:467:227:143:93:468:466:447:415:436:469:471:418:439:203:343:455:103:370:414:353:452:168:429:472:440:281:378:470:469:475:468:374:569:476:456:449:314:478:422:479:358:481:324:304:511:478:483:475:476:479:481:484:494:444:281:201:432:486:388:485:446:471:460:187:511:59:398:398:467:489:483:556:445:490:182:433:489:348:490:491:491:484:569:426:303:454:11:328:369:498:494:56:347:495:209:491:170:44:328:446:497:496:418:456:369:306:226:486:209:496:325:409:396:511:419:164:500:514:547:590:207:488:333:488:459:476:500:377:438:390:471:415:466:554:251:519:519:508:509:581:154:494:364:510:510:131:449:368:593:508:119:493:498:181:509:364:262:513:472:514:105:483:426:426:431:357:470:396:64:339:387:397:504:215:364:568:459:497:545:373:530:504:419:519:499:283:451:520:381:545:12:334:351:485:520:523:490:313:291:469:405:525:217:398:238:525:590:90:467:463:43:413:333:520:307:581:319:277:529:188:295:294:464:425:127:524:530:263:46:267:315:216:529:452:277:479:462:530:523:528:80:516:593:497:355:95:537:485:445:467:537:92:539:522:539:499:463:249:96:176:534:255:320:528:532:542:543:544:394:542:543:522:425:516:592:496:394:364:388:513:490:544:427:141:426:532:547:465:513:539:499:262:591:152:293:29:545:534:302:394:281:556:495:340:436:451:483:581:175:553:493:514:379:568:555:372:555:544:493:319:547:456:401:374:489:598:548:534:578:197:556:272:601:601:560:561:562:560:546:535:575:575:562:598:560:166:561:411:475:413:537:458:510:535:462:401:566:540:600:492:458:239:568:323:390:516:458:569:498:541:484:590:360:409:440:389:474:566:519:47:603:462:578:500:145:501:566:474:478:598:450:545:576:580:577:576:214:565:577:437:448:592:278:395:508:569:576:579:580:580:509:540:546:579:582:420:583:211:473:570:270:430:30:488:453:586:517:522:437:428:529:472:165:518:528:582:341:73:445:473:578:565:204:591:577:262:428:591:593:593:367:574:586:574:603:343:594:548:484:540:541:80:396:595:518:594:270:474:532:204:576:594:601:391:188:570:9:106:586:583:517:546:270:251:600:542:600:601:602:300:479:603:565:602:481:491:543:251:586:583:30:501:561:48:431:555:451:579:570:311:486:49:428:575:523:582:433:24
1489,1759,551,0,6381,43:1:2:32:2:4:245:6:7:4:8:63:1:9:10:160:10:12:322:312:12:14:9:8:15:16:20:15:18:19:503:19:81:22:48:36:23:18:14:503:24:4:16:6:25:12:38:26:0:28:131:25:29:29:503:492:45:24:26:31:606:7:60:317:28:33:20:492:23:4:34:32:16:34:312:48:36:312:22:0:37:21:33:492:38:23:39:39:606:215:41:7:42:43:2:38:215:41:33:44:160:20:128:21:47:45:606:49:108:190:10:50:49:44:51:77:34:47:52:51:53:54:55:36:53:32:57:28:48:94:93:42:60:49:61:61:62:120:55:64:65:54:52:62:43:64:93:66:67:1:73:67:68:31:37:69:57:65:322:182:69:22:71:8:60:71:72:56:40:68:29:120:19:74:124:74:65:75:37:43:76:75:77:0:45:78:233:81:72:596:61:80:596:11:82:83:84:56:64:596:70:85:86:85:80:233:86:80:73:87:83:63:69:55:88:89:78:90:88:91:67:91:89:14:70:78:81:88:94:21:95:40:82:31:52:44:55:94:87:95:97:192:40:97:72:21:144:50:136:223:100:101:102:103:82:104:25:103:101:105:106:103:73:107:105:104:108:98:109:108:51:109:39:100:27:15:160:71:107:111:112:113:114:54:159:116:102:126:83:116:94:114:36:107:117:118:68:119:77:70:132:112:58:63:159:121:122:122:119:111:42:90:5:123:113:159:606:124:125:31:118:41:5:124:127:126:128:129:130:29:130:131:122:132:125:133:123:117:133:127:18:126:129:33:34:132:109:19:134:97:135:58:134:137:135:76:109:96:139:127:78:140:141:186:142:84:96:137:130:101:141:142:144:145:136:146:129:91:146:139:27:84:119:147:5:138:121:149:150:147:233:95:192:53:151:123:147:120:125:87:152:153:41:153:145:152:149:100:186:39:154:155:150:50:157:107:156:133:155:47:136:158:154:157:75:158:151:190:142:160:143:146:161:162:163:59:162:161:59:37:143:128:150:140:190:112:167:153:168:169:58:124:169:168:170:89:6:84:131:56:171:172:172:137:156:89:167:536:173:66:174:173:175:174:165:166:17:166:170:536:175:164:11:17:178:536:503:179:180:180:181:181:182:158:183:26:134:184:179:175:185:116:186:186:151:95:187:173:185:184:46:62:139:187:189:220:191:150:24:113:93:90:191:179:193:191:134:105:194:110:138:189:183:67:110:195:194:196:197:312:27:132:197:198:195:199:143:74:184:106:98:155:196:200:166:152:192:181:5:57:183:201:141:138:202:200:51:203:391:199:190:205:205:104:206:46:207:207:208:201:168:203:198:243:209:66:6:211:2:111:172:208:211:110:209:164:212:202:213:194:212:117:411:176:193:167:210:206:170:114:201:137:135:168:20:147:122:161:188:169:213:216:144:217:85:153:55:218:219:360:151:146:92:22:221:220:219:221:165:195:222:223:224:180:224:221:163:222:215:174:156:182:184:225:226:227:218:144:229:228:226:155:218:210:230:123:225:136:231:50:74:224:554:231:212:230:197:102:45:77:98:234:234:235:234:236:221:237:238:154:88:236:199:239:118:208:165:237:554:241:240:241:242:308:239:235:62:27:223:219:63:243:133:243:176:230:242:76:108:227:244:226:245:217:246:222:228:247:248:246:145:235:249:250:247:210:249:252:135:225:253:239:248:229:233:250:252:110:249:209:166:97:17:86:231:240:242:254:255:257:256:402:255:258:185:259:256:254:258:257:260:32:261:360:162:263:264:178:265:259:213:263:261:238:266:259:267:211:254:260:248:265:268:252:268:269:244:264:245:272:243:9:57:193:196:273:269:26:267:227:274:275:276:277:276:275:278:279:272:81:273:274:595:163:282:86:71:38:277:268:284:278:285:239:282:116:286:246:247:149:287:274:286:284:220:266:220:139:266:202:384:289:411:290:260:180:92:300:285:169:292:289:290:271:279:293:199:294:284:206:149:287:295:294:296:121:91:40:292:297:273:298:162:299:300:286:524:288:157:295:302:231:303:300:69:283:297:140:271:293:260:219:98:265:304:305:304:261:205:86:306:292:188:308:302:309:298:305:205:237:295:308:287:296:191:310:311:24:198:311:313:189:314:315:142:316:266:250:313:314:317:306:314:92:298:230:299:253:14:303:111:158:318:289:309:257:238:317:320:321:320:113:299:318:317:315:321:198:322:267:60:323:323:323:203:157:324:325:326:140:68:310:316:319:324:214:104:305:325:288:328:329:285:330:244:294:331:331:332:460:332:334:335:336:99:338:334:339:222:339:321:525:335:460:341:171:338:330:329:342:214:229:342:343:335:282:336:188:235:337:72:326:240:344:345:346:347:269:345:341:348:271:382:85:346:350:348:351:351:343:352:241:255:299:342:310:353:344:1:159:354:525:524:23:350:339:189:352:315:355:355:353:279:356:328:335:65:347:464:356:318:358:40:359:354:354:337:83:595:94:199:361:362:449:311:121:365:361:556:359:355:46:366:367:368:332:360:102:264:365:358:366:252:338:370:371:272:206:368:372:438:373:370:374:25:125:297:375:338:376:404:100:263:273:362:371:8:377:378:245:376:375:377:171:373:333:367:368:378:126:372:52:276:376:311:345:379:380:370:284:215:382:225:106:383:344:554:383:336:384:309:200:296:386:362:524:129:207:359:200:379:244:387:319:333:200:258:388:342:389:213:380:329:42:356:389:382:16:390:310:366:388:390:347:17:274:346:391:385:306:392:393:386:58:138:304:371:395:395:367:280:128:99:229:357:392:256:397:397:320:376:54:316:398:399:400:393:156:163:402:400:403:350:365:391:399:404:251:290:276:405:0:406:326:404:375:406:130:361:28:403:369:407:385:341:408:291:336:313:410:216:379:372:278:297:322:408:357:18:291:407:413:178:464:399:118:283:380:218:331:377:348:400:386:414:400:253:414:356:416:415:416:53:417:353:110:373:351:418:106:330:420:350:434:173:421:417:262:307:212:382:452:424:553:275:402:425:420:303:308:282:66:161:112:410:283:406:553:325:429:254:302:429:329:393:421:10:265:430:194:357:387:280:397:352:285:208:431:427:432:228:420:258:430:433:434:241:434:405:431:234:433:468:406:432:383:410:437:384:438:383:384:439:198:440:440:425:417:441:415:442:15:307:499:450:120:437:11:441:450:399:185:321:381:405:447:424:448:427:265:441:447:445:444:389:413:446:385:422:408:340:452:247:407:523:374:434:436:439:453:411:454:454:275:340:453:455:471:179:427:237:495:465:293:422:455:456:442:288:287:449:187:403:459:448:448:416:454:459:421:59:392:444:236:164:429:337:424:460:381:464:465:143:81:409:421:442:390:369:465:466:280:467:227:143:93:468:466:447:415:436:469:471:418:439:203:343:455:103:370:414:353:452:168:429:472:440:281:378:470:469:475:468:374:569:476:456:449:314:478:422:479:358:481:324:304:511:478:483:475:476:479:481:484:494:444:281:201:432:486:388:485:99:471:460:187:511:59:398:398:467:489:483:556:445:490:182:433:489:348:490:491:491:484:569:426:303:454:11:328:369:498:494:56:347:495:209:491:170:44:328:419:497:496:418:456:369:306:226:486:209:496:325:409:396:511:419:164:500:514:547:590:207:488:333:488:459:476:500:377:438:390:471:415:466:554:251:519:519:508:509:581:154:494:364:510:510:131:449:368:593:508:119:493:498:181:509:364:262:513:472:514:105:483:426:426:431:357:470:396:64:339:387:397:504:215:364:568:459:497:545:373:530:504:419:519:499:283:451:520:381:545:12:334:351:485:520:523:490:313:291:469:405:525:217:398:238:525:590:90:467:463:43:413:333:520:307:581:319:277:529:188:295:294:464:425:127:524:530:263:46:267:315:216:529:452:277:479:462:530:523:528:80:516:593:497:355:95:537:485:445:467:537:92:539:522:539:499:463:249:96:176:534:255:320:528:532:542:543:544:394:542:543:522:425:516:592:496:394:364:388:513:490:544:427:141:426:532:547:465:513:539:499:262:591:152:293:29:545:534:302:394:281:556:495:340:436:451:483:581:175:553:493:514:379:568:555:372:555:544:493:319:547:456:401:374:489:598:548:534:578:197:556:272:601:601:560:561:562:560:546:535:575:575:562:598:560:166:561:411:475:413:537:458:510:535:462:401:566:540:446:492:458:239:568:323:390:516:458:569:498:541:484:590:360:409:440:389:474:566:519:47:603:462:578:500:145:501:566:474:478:598:450:545:576:580:577:576:214:565:577:437:448:592:278:395:508:569:576:579:580:580:509:540:546:579:582:420:583:211:473:570:270:430:30:488:453:586:517:522:437:428:529:472:165:518:528:582:341:73:445:473:578:565:204:591:577:262:428:591:593:593:367:574:586:574:603:343:594:548:484:540:541:80:396:595:518:594:270:474:532:204:576:594:601:391:188:570:9:106:586:583:517:546:270:251:600:542:600:601:602:300:479:603:565:602:481:491:543:251:586:583:30:501:561:48:431:555:451:579:570:311:486:49:428:575:523:582:433:24
1558,1858,551,0,6380,43:1:2:32:2:4:245:6:7:4:8:63:1:9:10:160:10:12:322:312:12:14:9:8:15:16:20:15:18:19:503:19:81:22:48:36:23:18:14:503:24:4:16:6:25:12:38:26:0:28:131:25:29:29:503:492:45:24:26:31:606:7:60:317:28:33:20:492:23:4:34:32:16:34:312:48:36:312:22:0:37:21:33:492:38:23:39:39:606:215:41:7:42:43:2:38:215:41:33:44:160:20:128:21:47:45:606:49:108:190:10:50:49:44:51:77:34:47:52:51:53:54:55:36:53:32:57:28:48:94:93:42:60:49:61:61:62:120:55:64:65:54:52:62:43:64:93:66:67:1:73:67:68:31:37:69:57:65:322:182:69:22:71:8:60:71:72:56:40:68:29:120:19:74:124:74:65:75:37:43:76:75:77:0:45:78:233:81:72:596:61:80:596:11:82:83:84:56:64:596:70:85:86:85:80:233:86:80:73:87:83:63:69:55:88:89:78:90:88:91:67:91:89:14:70:78:81:88:94:21:95:40:82:31:52:44:55:94:87:95:97:192:40:97:72:21:144:50:136:223:100:101:102:103:82:104:25:103:101:105:106:103:73:107:105:104:108:98:109:108:51:109:39:100:27:15:160:71:107:111:112:113:114:54:159:116:102:126:83:116:94:114:36:107:117:118:68:119:77:70:132:112:58:63:159:121:122:122:119:111:42:90:5:123:113:159:606:124:125:31:118:41:5:124:127:126:128:129:130:29:130:131:122:132:125:133:123:117:133:127:18:126:129:33:34:132:109:19:134:97:135:58:134:137:135:76:109:96:139:127:78:140:141:186:142:84:96:137:130:101:141:142:144:145:136:146:129:91:146:139:27:84:119:147:5:138:121:149:150:147:233:95:192:53:151:123:147:120:125:87:152:153:41:153:145:152:149:100:186:39:154:155:150:50:157:107:156:133:155:47:136:158:154:157:75:158:151:190:142:160:143:146:161:162:163:59:162:161:59:37:143:128:150:140:190:112:167:153:168:169:58:124:169:168:170:89:6:84:131:56:171:172:172:137:156:89:167:536:173:66:174:173:175:174:165:166:17:166:170:536:175:164:11:17:178:536:503:179:180:180:181:181:182:158:183:26:134:184:179:175:185:116:186:186:151:95:187:173:185:184:46:62:139:187:189:220:191:150:24:113:93:90:191:179:193:191:134:105:194:110:138:189:183:67:110:195:194:196:197:312:27:132:197:198:195:199:143:74:184:106:98:155:196:200:166:152:192:181:5:57:183:201:141:138:202:200:51:203:391:199:190:205:205:104:206:46:207:207:208:201:168:203:198:243:209:66:6:211:2:111:172:208:211:110:209:164:212:202:213:194:212:117:411:176:193:167:210:206:170:114:201:137:135:168:20:147:122:161:188:169:213:216:144:217:85:153:55:218:219:360:151:146:92:22:221:220:219:221:165:195:222:223:224:180:224:221:163:222:215:174:156:182:184:225:226:227:218:144:229:228:226:155:218:210:230:123:225:136:231:50:74:224:554:231:212:230:197:102:45:77:98:234:234:235:234:236:221:237:238:154:88:236:199:239:118:208:165:237:554:241:240:241:242:308:239:235:62:27:223:219:63:243:133:243:176:230:242:76:108:227:244:226:245:217:246:222:228:247:248:246:145:235:249:250:247:210:249:252:135:225:253:239:248:229:233:250:252:110:249:209:166:97:17:86:231:240:242:254:255:257:256:402:255:258:185:259:256:254:258:257:260:32:261:360:162:263:264:178:265:259:213:263:261:238:266:259:267:211:254:260:248:265:268:252:268:269:244:264:245:272:243:9:57:193:196:273:269:26:267:227:274:275:276:277:276:275:278:279:272:81:273:274:595:163:282:86:71:38:277:268:284:278:285:239:282:116:286:246:247:149:287:274:286:284:220:266:220:139:266:202:384:289:411:290:260:180:92:300:285:169:292:289:290:271:279:293:199:294:284:206:149:287:295:294:296:121:91:40:292:297:273:298:162:299:300:286:524:288:157:295:302:231:303:300:69:283:297:140:271:293:260:219:98:265:304:305:304:261:205:86:306:292:188:308:302:309:298:305:205:237:295:308:287:296:191:310:311:24:198:311:313:189:314:315:142:316:266:250:313:314:317:306:314:92:298:230:299:253:14:303:111:158:318:289:309:257:238:317:320:321:320:113:299:318:317:315:321:198:322:267:60:323:323:323:203:157:324:325:326:140:68:310:316:319:324:214:104:305:325:288:328:329:285:330:244:294:331:331:332:460:332:334:335:336:99:338:334:339:222:339:321:525:335:460:341:171:338:330:329:342:214:229:342:343:335:282:336:188:235:337:72:326:240:344:345:346:347:269:345:341:348:271:382:85:346:350:348:351:351:343:352:241:255:299:342:310:353:344:1:159:354:525:524:23:350:339:189:352:315:355:355:353:279:356:328:335:65:347:464:356:318:358:40:359:354:354:337:83:595:94:199:361:362:449:311:121:365:361:556:359:355:46:366:367:368:332:360:102:264:365:358:366:252:338:370:371:272:206:368:372:438:373:370:374:25:125:297:375:338:376:404:100:263:273:362:371:8:377:378:245:376:375:377:171:373:333:367:368:378:126:372:52:276:376:311:345:379:380:370:284:215:382:225:106:383:344:554:383:336:384:309:200:296:386:362:524:129:207:359:200:379:244:387:319:333:200:258:388:342:389:213:380:329:42:356:389:382:16:390:310:366:388:390:347:17:274:346:391:385:306:392:393:386:58:138:304:371:395:395:367:280:128:99:229:357:392:256:397:397:320:376:54:316:398:399:400:393:156:163:402:400:403:350:365:391:399:404:251:290:276:405:0:406:326:404:375:406:130:361:28:403:369:407:385:341:408:291:336:313:410:216:379:372:278:297:322:408:357:18:291:407:413:178:464:399:118:283:380:218:331:377:348:400:386:414:400:253:414:356:416:415:416:53:417:353:110:373:351:418:106:330:420:350:434:173:421:417:262:307:212:382:452:424:553:275:402:425:420:303:308:282:66:161:112:410:283:406:553:325:429:254:302:429:329:393:421:10:265:430:194:357:387:280:397:352:285:208:431:427:432:228:420:258:430:433:434:241:434:405:431:234:433:468:406:432:383:410:437:384:438:383:384:439:198:440:440:425:417:441:415:442:15:307:499:450:120:437:11:441:450:399:185:321:381:405:447:424:448:427:265:441:447:445:444:389:413:446:385:422:408:340:452:247:407:523:374:434:436:439:453:411:454:454:275:340:453:455:471:179:427:237:495:465:293:422:455:456:442:288:287:449:187:403:459:448:448:416:454:459:421:59:392:444:236:164:429:337:424:460:381:464:465:143:81:409:421:442:390:369:465:466:280:467:227:143:93:468:466:447:415:436:469:471:418:439:203:343:455:103:370:414:353:452:168:429:472:440:281:378:470:469:475:468:374:569:476:456:449:314:478:422:479:358:481:324:304:511:478:483:475:476:479:481:484:494:444:281:201:432:486:388:485:99:471:460:187:511:59:398:398:467:489:483:556:445:490:182:433:489:348:490:491:491:484:569:426:303:454:11:328:369:498:494:56:347:495:209:491:170:44:328:419:497:496:418:456:369:306:226:486:209:496:325:409:396:511:419:164:500:514:547:590:207:488:333:488:459:476:500:377:438:390:471:415:466:554:251:519:519:508:509:581:154:494:364:510:510:131:449:368:593:508:119:493:498:181:509:364:262:513:472:514:105:483:426:426:431:357:470:396:64:339:387:397:504:215:364:568:459:497:545:373:530:504:419:519:499:283:451:520:381:545:12:334:351:485:520:523:490:313:291:469:405:525:217:398:238:525:590:90:467:463:43:413:333:520:307:581:319:277:529:188:295:294:464:425:127:524:530:263:46:267:315:216:529:452:277:479:462:530:523:528:80:516:593:497:355:95:537:485:445:467:537:92:539:522:539:499:463:249:96:176:534:255:320:528:532:542:543:544:394:542:543:522:425:516:592:496:394:364:388:513:490:544:427:141:426:532:547:465:513:539:499:262:591:152:293:29:545:534:302:394:281:556:495:340:436:451:483:581:175:553:493:514:379:568:555:372:555:544:493:319:547:456:401:374:489:598:548:534:578:197:556:272:601:601:560:561:562:560:546:535:575:575:562:598:560:166:561:411:475:413:537:458:510:535:462:401:566:540:446:492:458:239:568:323:390:516:458:569:498:541:484:590:360:409:440:389:474:566:519:47:603:462:578:500:145:501:566:474:478:598:450:545:576:580:577:576:214:565:577:437:448:592:278:395:508:569:576:579:580:580:509:540:546:579:582:420:419:211:473:570:270:430:30:488:453:586:517:522:437:428:529:472:165:518:528:582:341:73:445:473:578:565:204:591:577:262:428:591:593:593:367:574:586:574:603:343:594:548:484:540:541:80:396:595:518:594:270:474:532:204:576:594:601:391:188:570:9:106:586:583:517:546:270:251:600:542:600:601:602:300:479:603:565:602:481:491:543:251:586:583:30:501:561:48:431:555:451:579:570:311:486:49:428:575:523:582:433:24
1591,1901,551,0,6379,43:1:2:32:2:4:245:6:7:4:8:63:1:9:10:160:10:12:322:312:12:14:9:8:15:16:20:15:18:19:503:19:81:22:48:36:23:18:14:503:24:4:16:6:25:12:38:26:0:28:131:25:29:29:503:492:45:24:26:31:606:7:60:317:28:33:20:492:23:4:34:32:16:34:312:48:36:312:22:0:37:21:33:492:38:23:39:39:606:215:41:7:42:43:2:38:215:41:33:44:160:20:128:21:47:45:606:49:108:190:10:50:49:44:51:77:34:47:52:51:53:54:55:36:53:32:57:28:48:94:93:42:60:49:61:61:62:120:55:64:65:54:52:62:43:64:93:66:67:1:73:67:68:31:37:69:57:65:322:182:69:22:71:8:60:71:72:56:40:68:29:120:19:74:124:74:65:75:37:43:76:75:77:0:45:78:233:81:72:596:61:80:596:11:82:83:84:56:64:596:70:85:86:85:80:233:86:80:73:87:83:63:69:55:88:89:78:90:88:91:67:91:89:14:70:78:81:88:94:21:95:40:82:31:52:44:55:94:87:95:97:192:40:97:72:21:144:50:136:223:100:101:102:103:82:104:25:103:101:105:106:103:73:107:105:104:108:98:109:108:51:109:39:100:27:15:160:71:107:111:112:113:114:54:159:116:102:126:83:116:94:114:36:107:117:118:68:119:77:70:132:112:58:63:159:121:122:122:119:111:42:90:5:123:113:159:606:124:125:31:118:41:5:124:127:126:128:129:130:29:130:131:122:132:125:133:123:117:133:127:18:126:129:33:34:132:109:19:134:97:135:58:134:137:135:76:109:96:139:127:78:140:141:186:142:84:96:137:130:101:141:142:144:145:136:146:129:91:146:139:27:84:119:147:5:138:121:149:150:147:233:95:192:53:151:123:147:120:125:87:152:153:41:153:145:152:149:100:186:39:154:155:150:50:157:107:156:133:155:47:136:158:154:157:75:158:151:190:142:160:143:146:161:162:163:59:162:161:59:37:143:128:150:140:190:112:167:153:168:169:58:124:169:168:170:89:6:84:131:56:171:172:172:137:156:89:167:536:173:66:174:173:175:174:165:166:17:166:170:536:175:164:11:17:178:536:503:179:180:180:181:181:182:158:183:26:134:184:179:175:185:116:186:186:151:95:187:173:185:184:46:62:139:187:189:220:191:150:24:113:93:90:191:179:193:191:134:105:194:110:138:189:183:67:110:195:194:196:197:312:27:132:197:198:195:199:143:74:184:106:98:155:196:200:166:152:192:181:5:57:183:201:141:138:202:200:51:203:391:199:190:205:205:104:206:46:207:207:208:201:168:203:198:243:209:66:6:211:2:111:172:208:211:110:209:164:212:202:213:194:212:117:411:176:193:167:210:206:170:114:201:137:135:168:20:147:122:161:188:169:213:216:144:217:85:153:55:218:219:360:151:146:92:22:221:220:219:221:165:195:222:223:224:180:224:221:163:222:215:174:156:182:184:225:226:227:218:144:229:228:226:155:218:210:230:123:225:136:231:50:74:224:554:231:212:230:197:102:45:77:98:234:234:235:234:236:221:237:238:154:88:236:199:239:118:208:165:237:554:241:240:241:242:308:239:235:62:27:223:219:63:243:133:243:176:230:242:76:108:227:244:226:245:217:246:222:228:247:248:246:145:235:249:250:247:210:249:252:135:225:253:239:248:229:233:250:252:110:249:209:166:97:17:86:231:240:242:254:255:257:256:402:255:258:185:259:256:254:258:257:260:32:261:360:162:263:264:178:265:259:213:263:261:238:266:259:267:211:254:260:248:265:268:252:268:269:244:264:245:272:243:9:57:193:196:273:269:26:267:227:274:275:276:277:276:275:278:279:272:81:273:274:595:163:282:86:71:38:277:268:284:278:285:239:282:116:286:246:247:149:287:274:286:284:220:266:220:139:266:202:384:289:411:290:260:180:92:300:285:169:292:289:290:271:279:293:199:294:284:206:149:287:295:294:296:121:91:40:292:297:273:298:162:299:300:286:524:288:157:295:302:231:303:300:69:283:297:140:271:293:260:219:98:265:304:305:304:261:205:86:306:292:188:308:302:309:298:305:205:237:295:308:287:296:191:310:311:24:198:311:313:189:314:315:142:316:266:250:313:314:317:306:314:92:298:230:299:253:14:303:111:158:318:289:309:257:238:317:320:321:320:113:299:318:317:315:321:198:322:267:60:323:323:323:203:157:324:325:326:140:68:310:316:319:324:214:104:305:325:288:328:329:285:330:244:294:331:331:332:460:332:334:335:336:99:338:334:339:222:339:321:525:335:460:341:171:338:330:329:342:214:229:342:343:335:282:336:188:235:337:72:326:240:344:345:346:347:269:345:341:348:271:382:85:346:350:348:351:351:343:352:241:255:299:342:310:353:344:1:159:354:525:524:23:350:339:189:352:315:355:355:353:279:356:328:335:65:347:464:356:318:358:40:359:354:354:337:83:595:94:199:361:362:449:311:121:365:361:556:359:355:46:366:367:368:332:360:102:264:365:358:366:252:338:370:371:272:206:368:372:438:373:370:374:25:125:297:375:338:376:404:100:263:273:362:371:8:377:378:245:376:375:377:171:373:333:367:368:378:126:372:52:276:376:311:345:379:380:370:284:215:382:225:106:383:344:554:383:336:384:309:200:296:386:362:524:129:207:359:200:379:244:387:319:333:200:258:388:342:389:213:380:329:42:356:389:382:16:390:310:366:388:390:347:17:274:346:391:385:306:392:393:386:58:138:304:371:395:395:367:280:128:99:229:357:392:256:397:397:320:376:54:316:398:399:400:393:156:163:402:400:403:350:365:391:399:404:251:290:276:405:0:406:326:404:375:406:130:361:28:403:369:407:385:341:408:291:336:313:410:216:379:372:278:297:322:408:357:18:291:407:413:178:464:399:118:283:380:218:331:377:348:400:386:414:400:253:414:356:416:415:416:53:417:353:110:373:351:418:106:330:420:350:434:173:421:417:262:307:212:382:452:424:553:275:402:425:420:303:308:282:66:161:112:410:283:406:553:325:429:254:302:429:329:393:421:10:265:430:194:357:387:280:397:352:285:208:431:427:432:228:420:258:430:433:434:241:434:405:431:234:433:468:406:432:383:410:437:384:438:383:384:439:198:440:440:425:417:441:415:442:15:307:499:450:120:437:11:441:450:399:185:321:381:405:447:424:448:427:265:441:447:445:444:389:413:446:385:422:408:340:452:247:407:523:374:434:436:439:453:411:454:454:275:340:453:455:471:179:427:237:495:465:293:422:455:456:442:288:287:449:187:403:459:448:448:416:454:459:421:59:392:444:236:164:429:337:424:460:381:464:465:143:81:409:421:442:390:369:465:466:280:467:227:143:93:468:466:447:415:436:469:471:418:439:203:343:455:103:370:414:353:452:168:429:472:440:281:378:470:469:475:468:374:569:476:456:449:314:478:422:479:358:481:324:304:511:478:483:475:476:479:481:484:494:444:281:201:432:486:388:485:99:471:460:187:511:59:398:398:467:489:483:556:445:490:182:433:489:348:490:491:491:484:569:426:303:454:11:328:369:498:494:56:347:495:209:491:170:44:328:419:497:496:418:456:369:306:226:486:209:496:325:409:396:511:419:164:500:514:547:590:207:488:333:488:459:476:500:377:438:390:471:415:466:554:251:519:519:508:509:581:154:494:364:510:510:131:449:368:593:508:119:493:498:181:509:364:262:513:472:514:105:483:426:426:431:357:470:396:64:339:387:397:504:215:364:568:459:497:545:373:530:504:419:519:499:283:451:520:381:545:12:334:351:485:520:523:490:313:291:469:405:525:217:398:238:525:590:90:467:463:43:413:333:520:307:581:319:277:529:188:295:294:464:425:127:524:530:263:46:267:315:216:529:452:277:479:462:530:523:528:80:516:593:497:355:95:537:485:445:467:537:92:539:522:539:499:463:249:96:176:534:255:320:528:532:542:543:544:394:542:543:522:425:516:592:496:394:364:388:513:490:544:427:141:426:532:547:465:513:539:499:262:591:152:293:29:545:534:302:394:281:556:495:340:436:451:483:581:175:553:493:514:379:568:555:372:555:544:493:319:547:456:401:374:489:598:548:534:578:197:556:272:601:601:560:561:562:560:546:535:575:575:562:598:560:166:561:411:475:413:537:458:510:535:462:401:566:540:446:492:458:239:568:323:390:516:458:569:498:541:484:590:360:409:440:389:474:566:519:47:603:462:578:500:145:501:566:474:478:598:450:545:576:580:577:576:214:565:577:437:448:592:278:395:508:569:576:579:580:580:509:540:546:579:548:420:419:211:473:570:270:430:30:488:453:586:517:522:437:428:529:472:165:518:528:582:341:73:445:473:578:565:204:591:577:262:428:591:593:593:367:574:586:574:603:343:594:470:484:540:541:80:396:595:518:594:270:474:532:204:576:594:601:391:188:570:9:106:586:583:517:546:270:251:600:542:600:601:602:300:479:603:565:602:481:491:543:251:586:583:30:501:561:48:431:555:451:579:570:311:486:49:428:575:523:582:433:24
1609,1922,551,0,6378,43:1:2:32:2:4:245:6:7:4:8:63:36:9:10:160:10:12:322:312:12:14:9:8:15:16:20:15:18:19:503:19:81:22:48:7:23:18:14:503:24:4:16:6:25:12:38:26:0:28:131:25:29:29:503:492:45:24:26:31:606:7:60:317:28:33:20:492:23:4:34:32:16:34:312:48:36:312:22:0:37:21:33:492:38:23:39:39:606:215:41:82:42:43:2:38:215:41:33:44:160:20:0:21:75:45:606:49:108:190:10:50:49:44:51:77:34:47:52:51:53:54:55:36:53:32:57:28:48:94:93:42:60:49:61:47:62:120:55:64:65:54:52:62:43:64:93:66:67:1:73:67:68:31:37:69:57:65:322:182:69:22:71:8:60:71:72:56:40:68:29:120:19:74:124:74:65:75:37:43:76:61:77:171:45:78:233:81:72:596:61:80:596:11:82:83:84:56:64:596:70:85:86:85:80:233:86:80:73:87:83:63:69:55:88:89:78:90:88:91:67:91:89:14:70:78:81:88:94:21:95:40:11:31:52:44:55:94:87:95:97:192:40:97:72:21:144:50:136:223:100:101:102:103:82:104:25:103:101:105:106:103:73:107:105:104:108:98:109:108:51:109:39:100:27:15:160:71:107:111:112:113:114:54:159:116:102:126:83:116:94:114:36:107:117:118:68:119:77:70:132:112:58:63:159:121:122:122:119:111:42:90:5:123:113:159:606:124:125:31:118:41:5:124:127:126:128:129:130:29:130:131:122:132:125:133:123:117:133:127:18:126:129:33:34:132:109:19:134:97:135:58:134:137:135:76:109:96:139:127:78:140:141:186:142:84:96:137:130:101:141:142:144:145:136:146:129:91:146:139:27:84:119:147:5:138:121:149:61:147:233:95:192:53:151:123:147:120:125:87:152:153:41:153:145:152:149:100:186:39:154:155:150:50:157:107:156:133:155:223:136:158:154:157:75:158:151:190:142:160:143:146:161:162:163:59:162:161:59:37:143:128:150:140:190:112:167:153:168:169:58:124:169:168:170:89:6:84:131:56:1:172:172:137:156:89:167:536:173:66:174:173:175:174:165:166:17:166:170:536:175:164:66:17:178:536:503:179:180:180:181:181:182:158:183:26:134:184:179:175:185:116:186:186:151:95:187:173:185:184:46:62:139:187:189:220:191:150:24:113:93:90:191:179:193:191:134:105:194:110:138:189:183:67:110:195:194:196:197:312:27:132:197:198:195:199:143:74:184:106:98:155:196:200:166:152:192:181:5:57:183:201:141:138:202:200:51:203:391:199:190:205:205:104:206:46:176:207:208:201:168:203:198:243:209:66:6:211:2:111:172:208:211:110:209:164:212:202:213:194:212:117:411:176:193:167:210:206:170:114:201:137:135:168:20:147:122:161:188:169:213:216:144:217:85:153:55:218:219:360:151:146:92:22:221:220:219:221:165:195:222:223:224:180:229:221:163:222:215:174:156:182:184:225:226:227:218:144:150:228:226:155:218:210:230:123:225:136:231:50:74:224:554:231:212:230:197:102:45:77:98:234:234:235:234:236:221:237:238:154:88:236:199:239:118:208:165:237:554:241:240:241:242:308:239:235:62:27:223:219:63:243:133:243:176:230:242:76:108:227:244:226:245:217:246:222:228:247:248:246:145:235:249:224:247:210:249:252:135:225:253:239:248:229:233:250:252:110:249:209:166:97:17:86:231:240:242:254:255:257:256:402:255:258:185:259:256:254:258:257:260:32:261:360:162:263:264:178:265:259:213:263:261:238:266:259:267:211:254:260:248:265:268:252:268:269:244:264:245:272:243:9:57:193:196:273:269:26:267:227:274:275:276:277:276:275:278:279:272:81:273:274:595:163:282:86:71:38:277:268:284:278:285:239:282:116:286:246:247:149:287:274:286:284:220:266:220:139:266:202:384:289:411:290:260:180:92:300:285:169:292:289:290:271:279:293:199:294:284:206:149:287:295:294:296:121:91:40:292:297:273:298:162:299:300:286:524:288:157:295:302:231:303:300:69:283:297:140:271:293:260:219:98:265:304:305:304:261:205:86:306:292:188:308:302:309:298:305:205:237:295:308:287:296:191:310:311:24:198:311:313:189:314:315:142:316:266:250:313:314:317:306:314:92:298:230:299:253:14:303:111:158:318:289:309:257:238:317:320:321:320:113:299:318:317:315:321:198:322:267:60:323:323:323:203:157:324:325:326:140:68:310:316:319:324:214:104:305:325:288:328:329:285:330:244:294:331:331:332:207:332:334:335:336:99:338:334:339:222:339:321:525:335:128:341:171:338:330:329:342:214:229:342:343:335:282:336:188:235:337:72:326:240:344:345:346:347:269:345:341:348:271:382:85:346:350:348:351:351:343:352:241:255:299:342:310:353:344:1:159:354:525:524:23:350:339:189:352:315:355:355:353:279:356:328:335:65:347:464:356:318:358:40:359:354:354:337:83:595:94:199:361:362:449:311:121:365:361:556:359:355:46:366:367:368:332:360:102:264:365:358:366:252:338:370:371:272:206:368:372:438:373:370:374:25:125:297:375:338:376:404:100:263:273:362:371:8:377:378:245:376:375:377:171:373:333:367:368:378:126:372:52:276:376:311:345:379:380:370:284:215:382:225:106:383:344:554:383:336:384:309:200:296:386:362:524:129:207:359:200:379:244:387:319:333:200:258:388:342:389:213:380:329:42:356:389:382:16:390:310:366:388:390:347:17:274:346:391:385:306:392:393:386:58:138:304:371:395:395:367:280:128:99:229:357:392:256:397:397:320:376:54:316:398:399:400:393:156:163:402:400:403:350:365:391:399:404:251:290:276:405:0:406:326:404:375:406:130:361:28:403:369:407:385:341:408:291:336:313:410:216:379:372:278:297:322:408:357:18:291:407:413:178:464:399:118:283:380:218:331:377:348:400:386:414:400:253:414:356:416:415:416:53:417:353:110:373:351:418:106:330:420:350:434:173:421:417:262:307:212:382:452:424:553:275:402:425:420:303:308:282:66:161:112:410:283:406:553:325:429:254:302:429:329:393:421:10:265:430:194:357:387:280:397:352:285:208:431:427:432:228:420:258:430:433:434:241:434:405:431:234:433:468:406:432:383:410:437:384:438:383:384:439:198:440:440:425:417:441:415:442:15:307:499:450:120:437:250:47:450:399:185:321:381:405:447:424:448:427:265:441:447:445:444:389:413:446:385:422:408:340:452:247:407:523:374:434:436:439:453:411:454:454:275:340:453:455:471:179:427:237:495:465:293:422:455:456:442:288:287:449:187:403:459:448:448:416:454:459:421:59:392:444:236:164:429:337:424:460:381:464:465:143:81:409:421:442:390:369:465:466:280:467:227:143:93:468:466:447:415:436:469:471:418:439:203:343:455:103:370:414:353:452:168:429:472:440:281:378:470:469:475:468:374:569:476:456:449:314:478:422:479:358:481:324:304:511:478:483:475:476:479:481:484:494:444:281:201:432:486:388:485:99:471:460:187:511:59:398:398:467:489:483:556:445:490:182:433:489:348:490:491:491:484:569:426:303:454:441:328:369:498:494:56:347:495:209:491:170:44:328:419:497:496:418:456:369:306:226:486:209:496:325:409:396:511:419:164:500:514:547:590:250:488:333:488:459:476:500:377:438:390:471:415:466:554:251:519:519:508:509:581:154:494:364:510:510:131:449:368:593:508:119:493:498:181:509:364:262:513:472:514:105:483:426:426:431:357:470:396:64:339:387:397:504:215:364:568:459:497:545:373:530:504:419:519:499:283:451:520:381:545:12:334:351:485:520:523:490:313:291:469:405:525:217:398:238:525:590:90:467:463:43:413:333:520:307:581:319:277:529:188:295:294:464:425:127:524:530:263:46:267:315:216:529:452:277:479:462:530:523:528:80:516:593:497:355:95:537:485:445:467:537:92:539:522:539:499:463:249:96:176:534:255:320:528:532:542:543:544:394:542:543:522:425:516:592:496:394:364:388:513:490:544:427:141:426:532:547:465:513:539:499:262:591:152:293:29:545:534:302:394:281:556:495:340:436:451:483:581:175:553:493:514:379:568:555:372:555:544:493:319:547:456:401:374:489:598:548:534:578:197:556:272:601:601:560:561:562:560:546:535:575:575:562:598:560:166:561:411:475:413:537:458:510:535:462:401:566:540:446:492:458:239:568:323:390:516:458:569:498:541:484:590:360:409:440:389:474:566:519:47:603:462:578:500:145:501:566:474:478:598:450:545:576:580:577:576:214:565:577:437:448:592:278:395:508:569:576:579:580:580:509:540:546:579:548:420:419:211:473:570:270:430:30:488:453:586:517:522:437:428:529:472:165:518:528:582:341:73:445:473:578:565:204:591:577:262:428:591:593:593:367:574:586:574:603:343:594:470:484:540:541:80:396:595:518:594:270:474:532:204:576:594:601:391:188:570:9:106:586:583:517:546:270:251:600:542:600:601:602:300:479:603:565:602:481:491:543:251:586:583:30:501:561:48:431:555:451:579:570:311:486:49:428:575:523:582:433:24
1612,1925,551,0,6377,43:1:2:32:2:4:245:6:7:4:8:63:1:9:10:160:10:12:215:312:12:14:9:8:15:16:20:15:18:19:503:19:81:22:48:36:23:18:14:503:24:4:16:6:25:12:38:26:0:28:131:25:29:29:503:492:45:24:26:31:606:7:60:317:28:33:20:492:23:4:34:32:16:34:312:48:36:312:22:0:37:21:33:492:38:23:39:39:606:171:41:7:42:43:2:38:215:41:33:44:160:20:89:21:75:45:606:49:108:190:10:50:49:44:51:77:34:47:52:51:53:54:55:36:53:32:57:28:48:94:93:42:60:49:61:47:62:120:55:64:65:54:52:62:43:64:93:66:67:1:73:67:68:31:37:69:57:65:70:182:69:22:89:8:60:217:72:56:40:68:29:120:19:74:124:74:65:75:37:43:76:61:77:0:45:78:233:81:72:596:61:80:596:11:82:83:84:56:64:596:70:85:86:85:80:233:86:80:73:87:83:63:69:55:88:89:78:90:88:91:67:91:89:14:70:78:81:88:94:21:95:40:11:31:52:44:55:94:87:95:97:192:40:97:72:21:144:50:136:223:100:101:102:103:82:104:25:103:101:105:106:103:73:107:105:104:108:98:109:108:51:109:39:100:27:15:160:71:107:111:112:113:114:54:159:116:102:126:83:116:94:114:36:107:117:118:68:119:77:71:132:112:58:63:159:121:122:122:119:111:42:90:5:123:113:159:606:124:125:31:118:41:5:124:127:126:128:129:130:29:130:131:122:132:125:133:123:117:133:127:18:126:129:33:34:132:109:19:134:97:135:58:134:137:135:76:109:96:139:127:78:140:141:186:142:84:96:137:130:101:141:142:144:145:136:146:129:91:146:139:27:84:119:147:5:138:121:149:61:147:233:95:192:53:151:123:147:120:125:87:152:153:41:153:145:152:149:100:186:39:154:155:150:50:157:107:156:133:155:223:136:158:154:157:75:158:151:190:142:160:143:146:161:162:163:59:162:161:59:37:143:128:150:140:190:112:167:153:168:169:58:124:169:168:170:11:6:84:131:56:171:172:172:137:156:322:167:536:173:66:174:173:175:174:165:166:17:166:170:536:175:164:66:17:178:536:503:179:180:180:181:181:182:158:183:26:134:184:179:175:185:116:186:186:151:95:187:173:185:184:46:62:139:187:189:220:191:150:24:113:93:90:191:179:193:191:134:105:194:110:138:189:183:67:110:195:194:196:197:312:27:132:197:198:195:199:143:74:184:106:98:155:196:200:166:152:192:181:5:57:183:201:141:138:202:200:51:203:391:199:190:205:205:104:206:46:176:207:208:201:168:203:198:243:209:66:6:211:2:111:172:208:211:110:209:164:212:202:213:194:212:117:411:176:193:167:210:206:170:114:201:137:135:168:20:147:122:161:188:169:213:216:144:217:85:153:55:218:219:360:151:146:92:22:221:220:219:221:165:195:222:223:224:180:229:221:163:222:215:174:156:182:184:225:226:227:218:144:150:228:226:155:218:210:230:123:225:136:231:50:74:224:554:231:212:230:197:102:45:77:98:234:234:235:234:236:221:237:238:154:88:236:199:239:118:208:165:237:554:241:240:241:242:308:239:235:62:27:223:219:63:243:133:243:176:230:242:76:108:227:244:226:245:217:246:222:228:247:248:246:145:235:249:224:247:210:249:252:135:225:253:239:248:229:233:250:252:110:249:209:166:97:17:86:231:240:242:254:255:257:256:402:255:258:185:259:256:254:258:257:260:32:261:360:162:263:264:178:265:259:213:263:261:238:266:259:267:211:254:260:248:265:268:252:268:269:244:264:245:272:243:9:57:193:196:273:269:26:267:227:274:275:276:277:276:275:278:279:272:81:273:274:595:163:282:86:71:38:277:268:284:278:285:239:282:116:286:246:247:149:287:274:286:284:220:266:220:139:266:202:384:289:411:290:260:180:92:300:285:169:292:289:290:271:279:293:199:294:284:206:149:287:295:294:296:121:91:40:292:297:273:298:162:299:300:286:524:288:157:295:302:231:303:300:69:283:297:140:271:293:260:219:98:265:304:305:304:261:205:86:306:292:188:308:302:309:298:305:205:237:295:308:287:296:191:310:311:24:198:311:313:189:314:315:142:316:266:250:313:314:317:306:314:92:298:230:299:253:14:303:111:158:318:289:309:257:238:317:320:321:320:113:299:318:317:315:321:198:322:267:60:323:323:323:203:157:324:325:326:140:68:310:316:319:324:214:104:305:325:288:328:329:285:330:244:294:331:331:332:207:332:334:335:336:99:338:334:339:222:339:321:525:335:128:341:171:338:330:329:342:214:229:342:343:335:282:336:188:235:337:72:326:240:344:345:346:347:269:345:341:348:271:382:85:346:350:348:351:351:343:352:241:255:299:342:310:353:344:1:159:354:525:524:23:350:339:189:352:315:355:355:353:279:356:328:335:65:347:464:356:318:358:40:359:354:354:337:83:595:94:199:361:362:449:311:121:365:361:556:359:355:46:366:367:368:332:360:102:264:365:358:366:252:338:370:371:272:206:368:372:438:373:370:374:25:125:297:375:338:376:404:100:263:273:362:371:8:377:378:245:376:375:377:322:373:333:367:368:378:126:372:52:276:376:311:345:379:380:370:284:215:382:225:106:383:344:554:383:336:384:309:200:296:386:362:524:129:207:359:200:379:244:387:319:333:200:258:388:342:389:213:380:329:42:356:389:382:16:390:310:366:388:390:347:17:274:346:391:385:306:392:393:386:58:138:304:371:395:395:367:280:128:99:229:357:392:256:397:397:320:376:54:316:398:399:400:393:156:163:402:400:403:350:365:391:399:404:251:290:276:405:0:406:326:404:375:406:130:361:28:403:369:407:385:341:408:291:336:313:410:216:379:372:278:297:322:408:357:18:291:407:413:178:464:399:118:283:380:218:331:377:348:400:386:414:400:253:414:356:416:415:416:53:417:353:110:373:351:418:106:330:420:350:434:173:421:417:262:307:212:382:452:424:553:275:402:425:420:303:308:282:66:161:112:410:283:406:553:325:429:254:302:429:329:393:421:10:265:430:194:357:387:280:397:352:285:208:431:427:432:228:420:258:430:433:434:241:434:405:431:234:433:468:406:432:383:410:437:384:438:383:384:439:198:440:440:425:417:441:415:442:15:307:499:450:120:437:250:47:450:399:185:321:381:405:447:424:448:427:265:441:447:445:444:389:413:446:385:422:408:340:452:247:407:523:374:434:436:439:453:411:454:454:275:340:453:455:471:179:427:237:495:465:293:422:455:456:442:288:287:449:187:403:459:448:448:416:454:459:421:59:392:444:236:164:429:337:424:460:381:464:465:143:81:409:421:442:390:369:465:466:280:467:227:143:93:468:466:447:415:436:469:471:418:439:203:343:455:103:370:414:353:452:168:429:472:440:281:378:470:469:475:468:374:569:476:456:449:314:478:422:479:358:481:324:304:511:478:483:475:476:479:481:484:494:444:281:201:432:486:388:485:99:471:460:165:511:59:398:398:467:489:483:556:445:490:182:433:489:348:490:491:491:484:569:426:303:454:441:328:369:82:494:56:347:495:209:491:170:44:328:419:497:496:418:456:369:306:226:486:209:496:325:409:396:511:419:164:500:514:547:590:250:488:333:488:459:476:500:377:438:390:471:415:466:554:251:519:519:508:509:581:154:494:364:510:510:131:449:368:593:508:119:493:498:181:509:364:262:513:472:514:105:483:426:426:431:357:470:396:64:339:387:397:504:215:364:568:459:497:545:373:530:504:419:519:499:283:451:520:381:545:12:334:351:485:520:523:490:313:291:469:405:525:217:398:238:525:590:90:467:463:43:413:333:520:307:581:319:277:529:188:295:294:464:425:127:524:530:263:46:267:315:216:529:452:277:479:462:530:523:528:80:516:593:497:355:95:537:485:445:467:537:92:539:522:539:499:463:249:96:176:534:255:320:528:532:542:543:544:394:542:543:522:425:516:592:496:394:364:388:513:490:544:427:141:426:532:547:465:513:539:499:262:591:152:293:29:545:534:302:394:281:556:495:340:436:451:483:581:175:553:493:514:379:568:555:372:555:544:493:319:547:456:401:374:489:598:548:534:578:197:556:272:601:601:560:561:562:560:546:535:575:575:562:598:560:166:561:411:475:413:537:458:510:535:462:401:566:540:446:492:458:239:568:323:390:516:458:569:498:541:484:590:360:409:440:389:474:566:519:47:603:462:578:500:145:501:566:474:478:598:450:545:576:580:577:576:214:565:577:437:448:592:278:395:508:569:576:579:580:580:509:540:546:579:548:420:419:211:473:570:270:430:30:488:453:586:517:522:437:428:529:472:165:518:528:582:341:73:445:473:578:565:204:591:577:262:428:591:593:593:367:574:586:574:603:343:594:470:484:540:541:80:396:595:518:594:270:474:532:204:576:594:601:391:188:570:9:106:586:583:517:546:270:251:600:542:600:601:602:300:479:603:565:602:481:491:543:251:586:583:30:501:561:48:431:555:451:579:570:311:486:49:428:575:523:582:433:24
1619,1933,550,0,6376,43:1:2:32:2:4:245:6:7:4:8:63:1:9:10:160:10:12:215:312:12:14:9:8:15:16:20:15:18:19:503:19:81:22:48:36:23:18:14:503:24:4:16:6:25:12:38:26:0:28:131:25:29:29:503:492:45:24:26:31:606:7:60:317:28:33:20:492:23:4:34:32:16:34:312:48:36:312:22:0:37:21:33:492:38:23:39:39:606:171:41:7:42:43:2:38:215:41:33:44:160:20:89:21:75:45:606:49:108:190:10:50:49:44:51:77:34:47:52:51:53:54:55:36:53:32:57:28:48:94:93:42:60:49:61:47:62:120:55:64:65:54:52:62:43:64:93:66:67:1:73:67:68:31:37:69:57:65:70:182:69:22:89:8:60:217:72:56:40:68:29:120:19:74:124:74:65:75:37:43:76:61:77:0:45:78:233:81:72:596:61:80:596:11:82:83:84:56:64:596:70:85:86:85:80:233:86:80:73:87:83:63:69:55:88:89:78:90:88:91:67:91:89:14:70:78:81:88:94:21:95:40:11:31:52:44:55:94:87:95:97:192:40:97:72:21:144:50:136:223:100:101:102:103:82:104:25:103:101:105:106:103:73:107:105:104:108:98:109:108:51:109:39:100:27:15:160:71:107:111:112:113:114:54:159:116:102:126:83:116:94:114:36:107:117:118:68:119:77:71:132:112:58:63:159:121:122:122:119:111:42:90:5:123:113:159:606:124:125:31:118:41:5:124:127:126:128:129:130:29:130:131:122:132:125:133:123:117:133:127:18:126:129:33:34:132:109:19:134:97:135:58:134:137:135:76:109:96:139:127:78:140:141:186:142:84:96:137:130:101:141:142:144:145:136:146:129:91:146:139:27:84:119:147:5:138:121:149:61:147:233:95:192:53:151:123:147:120:125:87:152:153:41:153:145:152:149:100:186:39:154:155:150:50:157:107:156:133:155:223:136:158:154:157:75:158:151:190:142:160:143:146:161:162:163:59:162:161:59:37:143:128:150:140:190:112:167:153:168:169:58:124:169:168:170:11:6:84:131:56:171:172:172:137:156:322:167:536:173:66:174:173:175:174:165:166:17:166:170:536:175:164:66:17:178:536:503:179:180:180:181:181:182:158:183:26:134:184:179:175:185:116:186:186:151:95:187:173:185:184:46:62:139:187:189:220:191:150:24:113:93:90:191:179:193:191:134:105:194:110:138:189:183:67:110:195:194:196:197:312:27:132:197:198:195:199:143:74:184:106:98:155:196:200:166:152:192:181:5:57:183:201:141:138:202:200:51:203:391:199:190:205:205:104:206:46:176:207:208:201:168:203:198:243:209:66:6:211:2:111:172:208:211:110:209:164:212:202:213:194:212:117:411:176:193:167:210:206:170:114:201:137:135:168:20:147:122:161:188:169:213:216:144:217:85:153:55:218:219:360:151:146:92:22:221:220:219:221:165:195:222:223:224:180:229:221:163:222:215:174:156:182:184:225:226:227:218:144:150:228:226:155:218:210:230:123:225:136:231:50:74:224:554:231:212:230:197:102:45:77:98:234:234:235:234:236:221:237:238:154:88:236:199:239:118:208:165:237:554:241:240:241:242:308:239:235:62:27:223:219:63:243:133:243:176:230:242:76:108:227:244:226:245:217:246:222:228:247:248:246:145:235:249:224:247:210:249:252:135:225:253:239:248:229:233:250:252:110:249:209:166:97:17:86:231:240:242:254:255:257:216:402:255:258:185:259:256:254:258:257:260:32:261:360:162:263:264:178:265:259:213:263:261:238:266:259:267:211:254:260:248:265:268:252:268:269:244:264:245:272:243:9:57:193:196:273:269:26:267:227:274:275:276:277:276:275:278:279:272:81:273:274:595:163:282:86:71:38:277:268:284:278:285:239:282:116:286:246:247:149:287:274:286:284:220:266:220:139:266:202:384:289:411:290:260:180:92:300:285:169:292:289:290:271:279:293:199:294:284:206:149:287:295:294:296:121:91:40:292:297:273:298:162:299:300:286:524:324:157:295:302:231:303:300:69:283:297:140:271:293:260:219:98:265:304:305:304:261:205:86:306:292:188:308:302:309:298:305:205:237:295:308:287:296:191:310:311:24:198:311:313:189:314:315:142:316:266:250:313:314:317:306:314:92:298:230:299:253:14:303:111:158:318:289:309:257:238:317:320:321:320:113:299:318:317:315:321:198:322:267:60:323:323:323:203:157:324:325:326:140:68:310:316:319:324:214:104:305:325:288:328:329:285:330:244:294:331:331:332:207:332:334:335:336:99:338:334:339:222:339:321:525:335:128:341:171:338:330:329:342:214:229:342:343:335:282:336:188:235:337:72:326:240:344:345:346:347:269:345:341:348:271:382:85:346:350:348:351:351:343:352:241:255:299:342:310:353:344:1:159:354:525:524:23:350:339:189:352:315:355:355:353:279:356:328:335:65:347:464:356:318:358:40:359:354:354:337:83:595:94:199:361:288:449:311:121:365:361:556:359:355:46:366:367:368:332:256:102:264:365:358:366:252:338:370:371:272:206:368:372:438:373:370:374:25:125:297:375:338:376:404:100:263:273:501:371:8:377:378:245:376:375:377:322:373:333:367:368:378:126:372:52:276:376:311:345:379:380:370:284:215:382:225:106:383:344:554:383:336:384:309:200:296:386:360:524:129:207:359:200:379:244:387:319:333:200:258:388:342:389:213:380:329:42:356:389:382:16:390:310:366:388:390:347:17:274:346:391:385:306:392:393:386:58:138:304:371:395:395:367:280:128:99:229:357:392:256:397:397:320:376:54:316:398:399:400:393:156:163:402:400:403:350:365:391:399:404:251:290:276:405:0:406:326:404:375:406:130:361:28:403:369:407:385:341:408:291:336:313:410:216:379:372:278:297:322:408:357:18:291:407:413:178:464:399:118:283:380:218:331:377:348:400:386:414:400:253:414:356:416:415:416:53:417:353:110:373:351:418:106:330:420:350:434:173:421:417:262:307:212:382:452:424:553:275:402:425:420:303:308:282:66:161:112:410:283:406:553:325:429:254:302:429:329:393:421:10:265:430:194:357:387:280:397:352:285:208:431:427:432:228:420:258:430:433:434:241:434:405:431:234:433:468:406:432:383:410:437:384:438:383:384:439:198:440:440:425:417:441:415:442:15:307:499:450:120:437:250:47:450:399:185:321:381:405:447:424:448:427:265:441:447:445:444:389:413:446:385:422:408:340:452:247:407:523:374:434:436:439:453:411:454:454:275:340:453:455:471:179:427:237:495:465:293:422:455:456:442:288:287:449:187:403:459:448:448:416:454:459:421:59:392:444:236:164:429:337:424:460:381:464:465:143:81:409:421:442:390:369:465:466:280:467:227:143:93:468:466:447:415:436:469:471:418:439:203:343:455:103:370:414:353:452:168:429:472:440:281:378:470:469:475:468:374:569:476:456:449:314:478:422:479:358:481:568:304:511:478:483:475:476:479:481:484:494:444:281:201:432:486:388:485:99:471:460:165:511:59:398:398:467:489:483:556:445:490:182:433:489:348:490:491:491:484:569:426:303:454:441:328:369:82:494:56:347:495:209:491:170:44:328:419:497:496:418:456:369:306:226:486:209:496:325:409:396:511:419:164:500:514:547:590:250:488:333:488:459:476:500:377:438:390:471:415:466:554:251:519:519:508:509:581:154:494:364:510:510:131:449:368:593:508:119:493:498:181:509:364:262:513:472:514:105:483:426:426:431:357:470:396:64:339:387:397:504:215:364:568:459:497:545:373:530:504:419:519:499:283:451:520:381:545:12:334:351:485:520:523:490:313:291:469:405:525:217:398:238:525:590:90:467:463:43:413:333:520:307:581:319:277:529:188:295:294:464:425:127:524:530:263:46:267:315:498:529:452:277:479:462:530:523:528:80:516:593:497:355:95:537:485:445:467:537:92:539:522:539:499:463:249:96:176:534:255:320:528:532:542:543:544:394:542:543:522:425:516:592:496:394:364:388:513:490:544:427:141:426:532:547:465:513:539:499:262:591:152:293:29:545:534:302:394:281:556:495:340:436:451:483:581:175:553:493:514:379:446:555:372:555:544:493:319:547:456:401:374:489:598:548:534:578:197:556:272:601:601:560:561:562:560:546:535:575:575:562:598:560:166:561:411:475:413:537:458:510:535:462:401:566:540:446:492:458:239:470:323:390:516:458:569:498:541:484:590:360:409:440:389:474:566:519:47:603:462:578:500:145:501:566:474:478:598:450:545:576:580:577:576:214:565:577:437:448:592:278:395:508:569:576:579:580:580:509:540:546:579:548:420:419:211:473:570:270:430:30:488:453:586:517:522:437:428:529:472:165:518:528:582:341:73:445:473:578:565:204:591:577:262:428:591:593:593:367:574:586:574:603:343:594:470:484:540:541:80:396:595:518:594:270:474:532:204:576:594:601:391:188:570:9:106:586:583:517:546:270:251:600:542:600:601:602:300:479:603:565:602:481:491:543:251:586:583:30:501:561:48:431:555:451:579:570:311:486:49:428:575:523:582:433:24
1628,1944,550,0,6375,43:1:2:32:2:4:245:6:7:4:8:63:1:9:10:160:10:12:215:312:12:14:9:8:15:16:20:15:18:19:503:19:81:22:48:36:23:18:14:503:24:4:16:6:25:12:38:26:0:28:131:25:29:29:503:492:45:24:26:31:606:7:60:317:28:33:20:492:23:4:34:32:16:34:312:48:36:312:22:0:37:21:33:492:38:23:39:39:606:171:41:7:42:43:2:38:215:41:33:44:160:20:89:21:75:45:606:49:108:190:10:50:49:44:51:77:34:47:52:51:53:54:55:36:53:32:57:28:48:94:93:42:60:49:61:47:62:120:55:64:65:54:52:62:43:64:93:66:67:1:73:67:68:31:37:69:57:65:70:182:69:22:89:8:60:217:72:56:40:68:29:120:19:74:124:74:65:75:37:43:76:61:77:0:45:78:233:81:72:596:61:80:596:11:82:83:84:56:64:596:70:85:86:85:80:233:86:80:73:87:83:63:69:55:88:89:78:90:88:91:67:91:89:14:70:78:81:88:94:21:95:40:11:31:52:44:55:94:87:95:97:192:40:97:72:21:144:50:136:223:100:101:102:103:82:104:25:103:101:105:106:103:73:107:105:104:108:98:109:108:51:109:39:100:27:15:160:71:107:111:112:113:114:54:159:116:102:126:83:116:94:114:36:107:117:118:68:119:77:71:132:112:58:63:159:121:122:122:119:111:42:90:5:123:113:159:606:124:125:31:118:41:5:124:127:126:128:129:130:29:130:131:122:132:125:133:123:117:133:127:18:126:129:33:34:132:109:19:134:97:135:58:134:137:135:76:109:96:139:127:78:140:141:186:142:84:96:137:130:101:141:142:144:145:136:146:129:91:146:139:27:84:119:147:5:138:121:149:61:147:233:95:192:53:151:123:147:120:125:87:152:153:41:153:145:152:149:100:186:39:154:155:150:50:157:107:156:133:155:223:136:158:154:157:75:158:151:190:142:160:143:146:161:162:163:59:162:161:59:37:143:128:150:140:190:112:167:153:168:169:58:124:169:168:170:11:6:84:131:56:171:172:172:137:156:322:167:536:173:66:174:173:175:174:165:166:17:166:170:536:175:164:66:17:178:536:503:179:180:180:181:181:182:158:183:26:134:184:179:175:185:116:186:186:151:95:187:173:185:164:46:62:139:187:189:220:191:150:24:113:93:90:191:179:193:191:134:105:194:110:138:189:183:67:110:195:194:196:197:312:27:132:197:198:195:199:143:74:184:106:98:155:196:200:166:152:192:181:5:57:183:201:141:138:202:200:51:203:391:199:190:205:205:104:206:46:176:207:208:201:168:203:198:243:209:66:6:211:2:111:172:208:211:110:209:411:212:202:213:194:212:117:411:176:193:167:210:206:170:114:201:137:135:168:20:147:122:161:188:169:213:216:144:217:85:153:55:218:219:360:151:146:92:22:221:220:219:221:165:195:222:223:224:180:229:221:163:222:215:174:156:182:184:225:226:227:218:144:150:228:226:155:218:210:230:123:225:136:231:50:74:224:554:231:212:230:197:102:45:77:98:234:234:235:234:236:221:237:238:154:88:236:199:239:118:208:165:237:554:241:240:241:242:308:239:235:62:27:223:219:63:243:133:243:176:230:242:76:108:227:244:226:245:217:246:222:228:247:248:246:145:235:249:224:247:210:249:252:135:225:253:239:248:229:233:250:252:110:249:209:166:97:17:86:231:240:242:254:255:257:216:402:255:258:185:259:256:254:258:257:260:32:261:360:162:263:264:178:265:259:213:263:261:238:266:259:267:211:254:260:248:265:268:252:268:269:244:264:245:272:243:9:57:193:196:273:269:26:267:227:274:275:276:277:276:275:278:279:272:81:273:274:595:163:282:86:71:38:277:268:284:278:285:239:282:116:286:246:247:149:287:274:286:284:220:266:220:139:266:202:384:289:411:290:260:180:92:300:285:169:292:289:290:271:279:293:199:294:284:206:149:287:295:294:296:121:91:40:292:297:273:298:162:299:300:286:524:324:157:295:302:231:303:300:69:283:297:140:271:293:260:219:98:265:304:305:304:261:205:86:306:292:188:308:302:309:298:305:205:237:295:308:287:296:191:310:311:24:198:311:313:189:314:315:142:316:266:250:313:314:317:306:314:92:298:230:299:253:14:303:111:158:318:289:309:257:238:317:320:321:320:113:299:318:317:315:321:198:322:267:60:323:323:323:203:157:324:325:326:140:68:310:316:319:324:214:104:305:325:288:328:329:285:330:244:294:331:331:332:207:332:334:335:336:99:338:334:339:222:339:321:525:335:128:341:171:338:330:329:342:214:229:342:343:335:282:336:188:235:337:72:326:240:344:345:346:347:269:345:341:348:271:382:85:346:350:348:351:351:343:352:241:255:299:342:310:353:344:1:159:354:525:524:23:350:339:189:352:315:355:355:353:279:356:328:335:65:347:464:356:318:358:40:359:354:354:337:83:595:94:199:361:288:449:311:121:365:361:556:359:355:46:366:367:368:332:256:102:264:365:358:366:252:338:370:371:272:206:368:372:438:373:370:374:25:125:297:375:338:376:404:100:263:273:501:371:8:377:378:245:376:375:377:322:373:333:367:368:378:126:372:52:276:376:311:345:379:380:370:284:215:382:225:106:383:344:554:383:336:384:309:200:296:386:360:524:129:207:359:200:379:244:387:319:333:200:258:388:342:389:213:380:329:42:356:389:382:16:390:310:366:388:390:347:17:274:346:391:385:306:392:393:386:58:138:304:371:395:395:367:280:128:99:229:357:392:256:397:397:320:376:54:316:398:399:400:393:156:163:402:400:403:350:365:391:399:404:251:290:276:405:0:406:326:404:375:406:130:361:28:403:369:407:385:341:408:291:336:313:410:216:379:372:278:297:322:408:357:18:291:407:413:178:464:399:118:283:380:218:331:377:348:400:386:414:400:253:414:356:416:415:416:53:417:353:110:373:351:418:106:330:420:350:434:173:421:417:262:307:212:382:452:424:553:275:402:425:420:303:308:282:66:161:112:410:283:406:553:325:429:254:302:429:329:393:421:10:265:430:194:357:387:280:397:352:285:208:431:427:432:228:420:258:430:433:434:241:434:405:431:234:433:468:406:432:383:410:437:384:438:383:384:439:198:440:440:425:417:441:415:442:15:307:499:450:120:437:250:47:450:399:185:321:381:405:447:424:448:427:265:441:447:445:444:389:413:446:385:422:408:340:452:247:407:523:374:434:436:439:453:411:454:454:275:340:453:455:471:179:427:237:495:465:293:422:455:456:442:288:287:449:187:403:459:448:448:416:454:459:421:59:392:444:236:164:429:337:424:460:381:464:465:143:81:409:421:442:390:369:465:466:280:467:227:143:93:468:466:447:415:436:469:471:418:439:203:343:455:103:370:414:353:452:168:429:472:440:281:378:470:469:475:468:374:569:476:456:449:314:478:422:479:358:481:568:304:511:478:483:475:476:479:481:484:494:444:281:201:432:486:511:485:99:471:460:165:511:59:398:398:467:489:483:556:445:490:182:433:489:348:490:491:491:484:569:426:303:454:441:328:369:82:494:56:347:495:209:491:170:44:328:419:184:496:418:456:369:306:226:486:209:496:325:409:396:511:419:164:500:514:547:590:250:488:333:488:459:476:500:377:438:390:471:415:466:554:251:519:519:508:509:581:154:494:364:510:510:131:449:368:593:508:119:493:498:181:509:364:262:513:472:514:105:483:426:426:431:357:470:396:64:339:387:397:504:215:364:568:459:497:545:373:530:504:419:519:499:283:451:520:381:545:12:334:351:485:520:523:490:313:291:469:405:525:217:398:238:525:590:90:467:463:43:413:333:520:307:581:319:277:529:188:295:294:464:425:127:524:530:263:46:267:315:498:529:452:277:479:462:530:523:528:80:516:593:497:355:95:537:485:445:467:537:92:539:522:539:499:463:249:96:176:534:255:320:528:532:542:543:544:394:542:543:522:425:516:592:496:394:364:236:513:490:544:427:141:426:532:547:465:513:539:499:262:591:152:293:29:545:534:302:394:281:556:495:340:436:451:483:581:175:553:493:514:379:446:555:372:555:544:493:319:547:456:401:374:489:598:548:534:578:197:556:272:601:601:560:561:562:560:546:535:575:575:562:598:560:166:561:388:475:413:537:458:510:535:462:401:566:540:446:492:458:239:470:323:390:516:458:569:498:541:484:590:360:409:440:389:474:566:519:47:603:462:578:500:145:501:566:474:478:598:450:545:576:580:577:576:214:565:577:437:448:592:278:395:508:569:576:579:580:580:509:540:546:579:548:420:419:211:473:570:270:430:30:488:453:586:517:522:437:428:529:472:165:518:528:582:341:73:445:473:578:565:204:591:577:262:428:591:593:593:367:574:586:574:603:343:594:470:484:540:541:80:396:595:518:594:270:474:532:204:576:594:601:391:188:570:9:106:586:583:517:546:270:251:600:542:600:601:602:300:479:603:565:602:481:491:543:251:586:583:30:501:561:48:431:555:451:579:570:311:486:49:428:575:523:582:433:24
1632,1947,550,0,6374,43:1:2:32:2:4:245:6:7:4:8:63:1:9:10:160:10:12:215:312:12:14:9:8:15:16:20:15:18:19:503:19:81:22:48:36:23:18:14:503:24:4:16:6:25:12:38:26:0:28:131:25:29:29:503:492:45:24:26:31:606:7:60:317:28:33:20:492:23:4:34:32:16:34:312:48:36:312:22:0:37:21:33:492:38:23:39:39:606:171:41:7:42:43:2:38:215:41:33:44:160:20:89:21:75:45:606:49:108:190:10:50:49:44:51:77:34:47:52:51:53:54:55:36:53:32:57:28:48:94:93:42:60:49:61:47:62:120:55:64:65:54:52:62:43:64:93:66:67:1:73:67:68:31:37:69:57:65:70:182:69:22:89:8:60:217:72:56:40:68:29:120:19:74:124:74:65:75:37:43:76:61:77:0:45:78:233:81:72:596:61:80:596:11:82:83:84:56:64:596:70:85:86:85:80:233:86:80:73:87:83:63:69:55:88:89:78:90:88:91:67:91:89:14:70:78:81:88:94:21:95:40:11:31:52:44:55:94:87:95:97:192:40:97:72:21:144:50:136:223:100:101:102:103:82:104:25:103:101:105:106:103:73:107:105:104:108:98:109:108:51:109:39:100:27:15:160:71:107:111:112:113:114:54:159:116:102:126:83:116:94:114:36:107:117:118:68:119:77:71:132:112:58:63:159:121:122:122:119:111:42:90:5:123:113:159:606:124:125:31:118:41:5:124:127:126:128:129:130:29:130:131:122:132:125:133:123:117:133:127:18:126:129:33:34:132:109:19:134:97:135:58:134:137:135:76:109:96:139:127:78:140:141:186:142:84:96:137:130:101:141:142:144:145:136:146:129:91:146:139:27:84:119:147:5:138:121:149:61:147:233:95:192:53:151:123:147:120:125:87:152:153:41:153:145:152:149:100:186:39:154:155:150:50:157:107:156:133:155:223:136:158:154:157:75:158:151:190:142:160:143:146:161:162:163:59:162:161:59:37:143:128:150:140:190:112:167:153:168:169:58:124:169:168:170:11:6:84:131:56:171:172:172:137:156:322:167:536:173:66:174:173:175:174:165:166:17:166:170:536:175:164:66:17:178:536:503:179:180:180:181:181:182:158:183:26:134:184:179:175:185:116:186:186:151:95:187:173:185:164:46:62:139:187:189:220:191:150:24:113:93:90:191:179:193:191:134:105:194:110:138:189:183:67:110:195:194:196:197:312:27:132:197:198:195:199:143:74:184:106:98:155:196:200:166:152:192:181:5:57:183:201:141:138:202:200:51:203:391:199:190:205:205:104:206:46:176:207:208:201:168:203:198:243:209:66:6:211:2:111:172:208:211:110:209:411:212:202:213:194:212:117:411:176:193:167:210:206:170:114:201:137:135:168:20:147:122:161:188:169:213:216:144:217:85:153:55:218:219:360:151:146:92:22:221:220:219:221:165:195:222:223:224:180:229:221:163:222:215:174:156:182:184:225:226:227:218:144:150:228:226:155:218:210:230:123:225:136:231:50:74:224:554:231:212:230:197:102:45:77:98:234:234:235:234:236:221:237:238:154:88:236:199:239:118:208:165:237:554:241:240:241:242:308:239:235:62:27:223:219:63:243:133:243:176:230:242:76:108:227:244:226:245:217:246:222:228:247:248:246:145:235:249:224:247:210:249:252:135:225:253:239:248:229:233:250:252:110:249:209:166:97:17:86:231:240:242:254:255:257:216:402:255:258:185:259:256:254:258:257:260:32:261:360:162:263:264:178:265:259:213:263:261:238:266:259:267:211:254:260:248:265:268:252:268:269:244:264:245:272:243:9:57:193:196:273:269:26:267:227:274:275:276:277:276:275:278:279:272:81:273:274:595:163:282:86:71:38:277:268:284:278:285:239:282:116:286:246:247:149:287:274:286:284:220:266:220:139:266:202:384:289:411:290:260:180:92:300:285:169:292:289:290:271:279:293:199:294:284:206:149:287:295:294:296:121:91:40:292:297:273:298:162:299:300:286:524:324:157:295:302:231:303:300:69:283:297:140:271:293:260:219:98:265:304:305:304:261:205:86:306:292:188:308:302:309:298:305:205:237:295:308:287:296:191:310:311:24:198:311:313:189:314:315:142:316:266:250:313:314:317:306:314:92:298:230:299:253:14:303:111:158:318:289:309:257:238:317:320:321:320:113:299:318:317:315:321:198:322:267:60:323:323:323:203:157:324:325:326:140:68:310:316:319:324:214:104:305:325:288:328:329:285:330:244:294:331:331:332:207:332:334:335:336:99:338:334:339:222:339:321:525:335:128:341:171:338:330:329:342:214:229:342:343:335:282:336:188:235:337:72:326:240:344:345:346:347:269:345:341:348:271:382:85:346:350:348:351:351:343:352:241:255:299:342:310:353:344:1:159:354:525:524:23:350:339:189:352:315:355:355:353:279:356:328:335:65:347:464:356:318:358:40:359:354:354:337:83:595:94:199:361:288:449:311:121:365:361:556:359:355:46:366:367:368:332:256:102:264:365:358:366:252:338:370:371:272:206:368:372:438:373:370:374:25:125:297:375:338:376:404:100:263:273:501:371:8:377:378:245:376:375:377:322:373:333:367:368:378:126:372:52:276:376:311:345:379:380:370:284:215:382:225:106:383:344:554:383:336:384:309:200:296:386:360:524:129:207:359:200:379:244:387:319:333:200:258:388:342:389:213:380:329:42:356:389:382:16:390:310:366:388:390:347:17:274:346:391:385:306:392:393:386:58:138:304:371:395:395:367:280:128:99:229:357:392:256:397:397:320:376:54:316:398:399:400:393:156:163:402:400:403:350:365:391:399:404:251:290:276:405:0:406:326:404:375:406:130:361:28:403:369:407:385:341:408:291:336:313:410:216:379:372:278:297:322:408:357:18:291:407:413:178:464:399:118:283:380:218:331:377:348:400:386:414:400:253:414:356:416:415:416:53:417:353:110:373:351:418:106:330:420:350:434:173:421:417:262:307:212:382:452:424:553:275:402:425:420:303:308:282:66:161:112:410:283:406:553:325:429:254:302:429:329:393:421:10:265:430:194:357:387:280:397:352:285:208:431:427:432:228:420:258:430:433:434:241:434:405:431:234:433:468:406:432:383:410:437:384:438:383:384:439:198:440:440:425:417:441:415:442:15:307:499:450:120:437:250:47:450:399:185:321:381:405:447:424:448:427:265:441:447:445:444:389:413:446:385:422:408:340:452:247:407:523:374:434:436:439:453:411:454:454:275:340:453:455:471:179:427:237:495:465:293:422:455:456:442:288:287:449:187:403:459:448:448:416:454:459:421:59:392:444:236:164:429:337:424:460:381:464:465:143:81:409:421:442:390:369:465:466:280:467:227:143:93:468:466:447:415:436:469:471:418:439:203:343:455:103:370:414:353:452:168:429:472:440:281:378:470:469:475:468:374:569:476:456:449:314:478:422:479:358:481:568:304:511:478:483:475:476:479:481:484:494:444:281:201:432:486:511:485:99:471:460:165:511:59:398:398:467:489:483:556:445:490:182:433:489:348:490:491:491:484:569:426:303:454:441:328:369:82:494:56:347:495:209:491:170:44:328:419:184:496:418:456:369:306:226:486:209:496:325:409:396:511:419:164:500:514:547:590:250:488:333:488:459:476:500:377:438:390:471:415:466:554:251:519:519:508:509:497:154:494:364:510:510:131:449:368:593:508:119:493:498:181:509:364:262:513:472:514:105:483:426:426:431:357:470:396:64:339:387:397:504:215:364:568:459:497:545:373:530:504:419:519:499:283:451:520:381:545:12:334:351:485:520:523:490:313:291:469:405:525:217:398:238:525:590:90:467:463:43:413:333:520:307:530:319:277:529:188:295:294:464:425:127:524:530:263:46:267:315:498:529:452:277:479:462:530:523:528:80:516:593:581:355:95:537:485:445:467:537:92:539:522:539:499:463:249:96:176:534:255:320:528:532:542:543:544:394:542:543:522:425:516:592:496:394:364:236:513:490:544:427:141:426:532:547:465:513:539:499:262:591:152:293:29:545:534:302:394:281:556:495:340:436:451:483:581:175:553:493:514:379:446:555:372:555:544:493:319:547:456:401:374:489:598:548:534:578:197:556:272:601:601:560:561:562:560:546:535:575:575:562:598:560:166:561:388:475:413:537:458:510:535:462:401:566:540:446:492:458:239:470:323:390:516:458:569:498:541:484:590:360:409:440:389:474:566:519:47:603:462:578:500:145:501:566:474:478:598:450:545:576:580:577:576:214:565:577:437:448:592:278:395:508:569:576:579:580:580:509:540:546:579:548:420:419:211:473:570:270:430:30:488:453:586:517:522:437:428:529:472:165:518:528:582:341:73:445:473:578:565:204:591:577:262:428:591:593:593:367:574:586:574:603:343:594:470:484:540:541:80:396:595:518:594:270:474:532:204:576:594:601:391:188:570:9:106:586:583:517:546:270:251:600:542:600:601:602:300:479:603:565:602:481:491:543:251:586:583:30:501:561:48:431:555:451:579:570:311:486:49:428:575:523:582:433:24
1633,1947,550,0,6373,43:1:2:32:2:4:245:6:7:4:8:63:36:9:10:160:10:12:215:312:12:14:9:8:15:16:20:15:18:19:503:19:81:22:48:7:23:18:14:503:24:4:16:6:25:12:38:26:0:28:131:25:29:29:503:492:45:24:26:31:606:7:60:317:28:33:20:492:23:4:34:32:16:34:312:48:36:312:22:0:37:21:33:492:38:23:39:39:606:171:41:171:42:43:2:38:215:41:33:44:160:20:89:21:75:45:606:49:108:190:10:50:49:44:51:77:34:47:52:51:53:54:55:36:53:32:57:28:48:94:93:42:60:49:61:47:62:120:55:64:65:54:52:62:43:64:93:66:67:1:73:67:68:31:37:69:57:65:70:182:69:22:89:8:60:217:72:56:40:68:29:120:19:74:124:74:65:75:37:43:76:61:77:0:45:78:233:81:72:596:61:80:596:11:82:83:84:56:64:596:70:85:86:85:80:233:86:80:73:87:83:63:69:55:88:89:78:90:88:91:67:91:89:14:70:78:81:88:94:21:95:40:11:31:52:44:55:94:87:95:97:192:40:97:72:21:144:50:136:223:100:101:102:103:82:104:25:103:101:105:106:103:73:107:105:104:108:98:109:108:51:109:39:100:27:15:160:71:107:111:112:113:114:54:159:116:102:126:83:116:94:114:36:107:117:118:68:119:77:71:132:112:58:63:159:121:122:122:119:111:42:90:5:123:113:159:606:124:125:31:118:41:5:124:127:126:128:129:130:29:130:131:122:132:125:133:123:117:133:127:18:126:129:33:34:132:109:19:134:97:135:58:134:137:135:76:109:96:139:127:78:140:141:186:142:84:96:137:130:101:141:142:144:145:136:146:129:91:146:139:27:84:119:147:5:138:121:149:61:147:233:95:192:53:151:123:147:120:125:87:152:153:41:153:145:152:149:100:186:39:154:155:150:50:157:107:156:133:155:223:136:158:154:157:75:158:151:190:142:160:143:146:161:162:163:59:162:161:59:37:143:128:150:140:190:112:167:153:168:169:58:124:169:168:170:11:6:84:131:56:1:172:172:137:156:322:167:536:173:66:174:173:175:174:165:166:17:166:170:536:175:164:66:17:178:536:503:179:180:180:181:181:182:158:183:26:134:184:179:175:185:116:186:186:151:95:187:173:185:164:46:62:139:187:189:171:191:150:24:113:93:90:191:179:193:191:134:105:194:110:138:189:183:67:110:195:194:196:197:312:27:132:197:198:195:199:143:74:184:106:98:155:196:200:166:152:192:181:5:57:183:201:141:138:202:200:51:203:391:199:190:205:205:104:206:46:176:207:208:201:168:203:198:243:209:66:6:211:2:111:172:208:211:110:209:411:212:202:213:194:212:117:411:176:193:167:210:206:170:114:201:137:135:168:20:147:122:161:188:169:213:216:144:217:85:153:55:218:219:360:151:146:92:22:221:220:219:221:165:195:222:223:224:180:229:221:163:222:215:174:156:182:184:225:226:227:218:144:150:228:226:155:218:210:230:123:225:136:231:50:74:224:554:231:212:230:197:102:45:77:98:234:234:235:234:236:221:237:238:154:88:236:199:239:118:208:165:237:554:241:240:241:242:308:239:235:62:27:223:219:63:243:133:243:176:230:242:76:108:227:244:226:245:217:246:222:228:247:248:246:145:235:249:224:247:210:249:252:135:225:253:239:248:229:233:250:252:110:249:209:166:97:17:86:231:240:242:254:255:257:216:402:255:258:185:259:256:254:258:257:260:32:261:360:162:263:264:178:265:259:213:263:261:238:266:259:267:211:254:260:248:265:268:252:268:269:244:264:245:272:243:9:57:193:196:273:269:26:267:227:274:275:276:277:276:275:278:279:272:81:273:274:595:163:282:86:71:38:277:268:284:278:285:239:282:116:286:246:247:149:287:274:286:284:220:266:220:139:266:202:384:289:411:290:260:180:92:300:285:169:292:289:290:271:279:293:199:294:284:206:149:287:295:294:296:121:91:40:292:297:273:298:162:299:300:286:524:324:157:295:302:231:303:300:69:283:297:140:271:293:260:219:98:265:304:305:304:261:205:86:306:292:188:308:302:309:298:305:205:237:295:308:287:296:191:310:311:24:198:311:313:189:314:315:142:316:266:250:313:314:317:306:314:92:298:230:299:253:14:303:111:158:318:289:309:257:238:317:320:321:320:113:299:318:317:315:321:198:322:267:60:323:323:323:203:157:324:325:326:140:68:310:316:319:324:214:104:305:325:288:328:329:285:330:244:294:331:331:332:207:332:334:335:336:99:338:334:339:222:339:321:525:335:128:341:171:338:330:329:342:214:229:342:343:335:282:336:188:235:337:72:326:240:344:345:346:347:269:345:341:348:271:382:85:346:350:348:351:351:343:352:241:255:299:342:310:353:344:1:159:354:525:524:23:350:339:189:352:315:355:355:353:279:356:328:335:65:347:464:356:318:358:40:359:354:354:337:83:595:94:199:361:288:449:311:121:365:361:556:359:355:46:366:367:368:332:256:102:264:365:358:366:252:338:370:371:272:206:368:372:438:373:370:374:25:125:297:375:338:376:404:100:263:273:501:371:8:377:378:245:376:375:377:322:373:333:367:368:378:126:372:52:276:376:311:345:379:380:370:284:215:382:225:106:383:344:554:383:336:384:309:200:296:386:360:524:129:207:359:200:379:244:387:319:333:200:258:388:342:389:213:380:329:42:356:389:382:16:390:310:366:388:390:347:17:274:346:391:385:306:392:393:386:58:138:304:371:395:395:367:280:128:99:229:357:392:256:397:397:320:376:54:316:398:399:400:393:156:163:402:400:403:350:365:391:399:404:251:290:276:405:0:406:326:404:375:406:130:361:28:403:369:407:385:341:408:291:336:313:410:216:379:372:278:297:322:408:357:18:291:407:413:178:464:399:118:283:380:218:331:377:348:400:386:414:400:253:414:356:416:415:416:53:417:353:110:373:351:418:106:330:420:350:434:173:421:417:262:307:212:382:452:424:553:275:402:425:420:303:308:282:66:161:112:410:283:406:553:325:429:254:302:429:329:393:421:10:265:430:194:357:387:280:397:352:285:208:431:427:432:228:420:258:430:433:434:241:434:405:431:234:433:468:406:432:383:410:437:384:438:383:384:439:198:440:440:425:417:441:415:442:15:307:499:450:120:437:250:47:450:399:185:321:381:405:447:424:448:427:265:441:447:445:444:389:413:446:385:422:408:340:452:247:407:523:374:434:436:439:453:411:454:454:275:340:453:455:471:179:427:237:495:465:293:422:455:456:442:288:287:449:187:403:459:448:448:416:454:459:421:59:392:444:236:164:429:337:424:460:381:464:465:143:81:409:421:442:390:369:465:466:280:467:227:143:93:468:466:447:415:436:469:471:418:439:203:343:455:103:370:414:353:452:168:429:472:440:281:378:470:469:475:468:374:569:476:456:449:314:478:422:479:358:481:568:304:511:478:483:475:476:479:481:484:494:444:281:201:432:486:511:485:99:471:460:165:511:59:398:398:467:489:483:556:445:490:182:433:489:348:490:491:491:484:569:426:303:454:441:328:369:82:494:56:347:495:209:491:170:44:328:419:184:496:418:456:369:306:226:486:209:496:325:409:396:511:419:164:500:514:547:590:250:488:333:488:459:476:500:377:438:390:471:415:466:554:251:519:519:508:509:497:154:494:364:510:510:131:449:368:593:508:119:493:498:181:509:364:262:513:472:514:105:483:426:426:431:357:470:396:64:339:387:397:504:215:364:568:459:497:545:373:530:504:419:519:499:283:451:520:381:545:12:334:351:485:520:523:490:313:291:469:405:525:217:398:238:525:590:90:467:463:43:413:333:520:307:530:319:277:529:188:295:294:464:425:127:524:530:263:46:267:315:498:529:452:277:479:462:530:523:528:80:516:593:581:355:95:537:485:445:467:537:92:539:522:539:499:463:249:96:176:534:255:320:528:532:542:543:544:394:542:543:522:425:516:592:496:394:364:236:513:490:544:427:141:426:532:547:465:513:539:499:262:591:152:293:29:545:534:302:394:281:556:495:340:436:451:483:581:175:553:493:514:379:446:555:372:555:544:493:319:547:456:401:374:489:598:548:534:578:197:556:272:601:601:560:561:562:560:546:535:575:575:562:598:560:166:561:388:475:413:537:458:510:535:462:401:566:540:446:492:458:239:470:323:390:516:458:569:498:541:484:590:360:409:440:389:474:566:519:47:603:462:578:500:145:501:566:474:478:598:450:545:576:580:577:576:214:565:577:437:448:592:278:395:508:569:576:579:580:580:509:540:546:579:548:420:419:211:473:570:270:430:30:488:453:586:517:522:437:428:529:472:165:518:528:582:341:73:445:473:578:565:204:591:577:262:428:591:593:593:367:574:586:574:603:343:594:470:484:540:541:80:396:595:518:594:270:474:532:204:576:594:601:391:188:570:9:106:586:583:517:546:270:251:600:542:600:601:602:300:479:603:565:602:481:491:543:251:586:583:30:501:561:48:431:555:451:579:570:311:486:49:428:575:523:582:433:24
1636,1950,550,0,6370,43:1:2:32:2:4:245:6:7:4:8:63:36:9:10:160:10:12:215:312:12:14:9:8:15:16:20:15:18:19:503:19:81:22:48:7:23:18:14:503:24:4:16:6:25:12:38:26:0:28:131:25:29:29:503:492:45:24:26:31:606:7:60:317:28:33:20:492:23:4:34:32:16:34:312:48:36:312:22:0:37:21:33:492:38:23:39:39:606:171:41:171:42:43:2:38:215:41:33:44:160:20:89:21:75:45:606:49:108:190:10:50:49:44:51:77:34:47:52:51:53:54:55:36:53:32:57:28:48:94:93:42:60:49:61:47:62:120:55:64:65:54:52:62:43:64:93:66:67:1:73:67:68:31:37:69:57:65:70:182:69:22:89:8:60:217:72:56:40:68:29:120:19:74:124:74:65:75:37:43:76:61:77:0:45:78:233:81:72:596:61:80:596:11:82:83:84:56:64:596:70:85:86:85:80:233:86:80:73:87:83:63:69:55:88:89:78:90:88:91:67:91:89:14:70:78:81:88:94:21:95:40:11:31:52:44:55:94:87:95:97:192:40:97:72:21:144:50:136:223:100:101:102:103:82:104:25:103:101:105:106:103:73:107:105:104:108:98:109:108:51:109:39:100:27:15:160:71:107:111:112:113:114:54:159:116:102:126:83:116:94:114:36:107:117:118:68:119:77:71:132:112:58:63:159:121:122:122:119:111:42:90:5:123:113:159:606:124:125:31:118:41:5:124:127:126:128:129:130:29:130:131:122:132:125:133:123:117:133:127:18:126:129:33:34:132:109:19:134:97:135:58:134:137:135:76:109:96:139:127:78:140:141:186:142:84:96:137:130:101:141:142:144:145:136:146:129:91:146:139:27:84:119:147:5:138:121:149:61:147:233:95:192:53:151:123:147:120:125:87:152:153:41:153:145:152:149:100:186:39:154:155:150:50:157:107:156:133:155:223:136:158:154:157:75:158:151:190:142:160:143:146:161:162:163:59:162:161:59:37:143:128:150:140:190:112:167:153:168:169:58:124:169:168:170:11:6:84:131:56:1:172:172:137:156:322:167:536:173:66:174:173:175:174:165:166:17:166:170:536:175:164:66:17:178:536:503:179:180:180:181:181:182:158:183:26:134:184:179:175:185:116:186:186:151:95:187:173:185:164:46:62:139:187:189:171:191:150:24:113:93:90:191:179:193:191:134:105:194:110:138:189:183:67:110:195:194:196:197:312:27:132:197:198:195:199:143:74:184:106:98:155:196:200:166:152:192:181:5:57:183:201:141:138:202:200:51:203:391:199:190:205:205:104:206:46:176:207:208:201:168:203:198:243:209:66:6:211:2:111:172:208:211:110:209:411:212:202:213:194:212:117:411:176:193:167:210:206:170:114:201:137:135:168:20:147:122:161:188:169:213:216:144:217:85:153:55:218:219:360:151:146:92:22:221:220:219:221:165:195:222:223:224:180:229:221:163:222:215:174:156:182:184:225:226:227:218:144:150:228:226:155:218:210:230:123:225:136:231:50:74:224:554:231:212:230:197:102:45:77:98:234:234:235:234:236:221:237:238:154:88:236:199:239:118:208:165:237:554:241:240:241:242:308:239:235:62:27:223:219:63:243:133:243:176:230:242:76:108:227:244:226:245:217:246:222:228:247:248:246:145:235:249:224:247:210:249:252:135:225:253:239:248:229:233:250:252:110:249:209:166:97:17:86:231:240:242:254:255:257:216:402:255:258:185:259:256:254:258:257:260:32:261:360:162:263:264:178:265:259:213:263:261:238:266:259:267:211:254:260:248:265:268:252:268:269:244:264:245:272:243:9:57:193:196:273:269:26:267:227:274:275:276:440:276:275:278:279:272:81:273:274:595:163:282:86:71:38:192:268:284:278:285:239:282:116:286:246:247:149:287:274:286:284:220:266:220:139:266:202:384:289:411:290:260:180:92:300:285:169:292:289:290:271:279:293:199:294:284:206:149:287:295:294:296:121:91:40:292:297:273:298:162:299:300:286:524:324:157:295:302:231:303:300:69:283:297:140:271:293:260:219:98:265:304:305:304:261:205:86:306:292:188:308:302:309:298:305:205:237:295:308:287:296:191:310:311:24:198:311:313:189:314:315:142:316:266:250:313:314:317:306:314:92:298:230:299:253:14:303:111:158:318:289:309:257:238:317:320:321:320:113:299:318:317:315:321:198:322:267:60:323:323:323:203:157:324:325:326:140:68:310:316:319:324:214:104:305:325:288:328:329:285:330:244:294:331:331:332:207:332:334:335:336:99:338:334:339:222:339:321:525:335:128:341:171:338:330:329:342:214:229:342:343:335:282:336:188:235:337:72:326:240:344:345:346:347:269:345:341:348:271:382:85:346:350:348:351:351:343:352:241:255:299:342:310:353:344:1:159:354:525:524:23:350:339:189:352:315:355:355:353:279:356:328:335:65:347:464:356:318:358:40:359:354:354:337:83:595:94:199:361:288:449:311:121:365:361:556:359:355:46:366:367:368:332:256:102:264:365:358:366:252:338:370:371:272:206:368:372:438:373:370:374:25:125:297:375:338:376:404:100:263:273:501:371:8:377:378:245:376:375:377:322:373:333:367:368:378:126:372:52:276:376:311:345:379:380:370:284:215:382:225:106:383:344:554:383:336:384:309:200:296:386:360:524:129:207:359:200:379:244:387:319:333:200:258:388:342:389:213:380:329:42:356:389:382:16:390:310:366:388:390:347:17:274:346:391:385:306:392:393:386:58:138:304:371:395:395:367:280:128:99:229:357:392:256:397:397:320:376:54:316:398:399:400:393:156:163:402:400:403:350:365:391:399:404:251:290:276:405:0:406:326:404:375:406:130:361:28:403:369:407:385:341:408:291:336:313:410:216:379:372:278:297:322:408:357:18:291:407:413:178:464:399:118:283:380:218:331:377:348:400:386:414:400:253:414:356:416:415:416:53:417:353:110:373:351:418:106:330:420:350:434:173:421:417:262:307:212:382:452:424:553:275:402:425:420:303:308:282:66:161:112:410:283:406:553:325:429:254:302:429:329:393:421:10:265:430:194:357:387:280:397:352:285:208:431:427:432:228:420:258:430:433:434:241:434:405:431:234:433:468:406:432:383:410:437:384:438:383:384:439:198:440:424:425:417:441:415:442:15:307:499:450:120:437:250:47:450:399:185:321:381:405:447:424:448:427:265:441:447:445:444:389:413:446:385:422:408:340:452:247:407:523:374:434:436:439:453:411:454:454:275:340:453:455:471:179:427:237:495:465:293:422:455:456:442:288:287:449:187:403:459:448:448:416:454:459:421:59:392:444:236:164:429:337:424:460:381:464:465:143:81:409:421:442:390:369:465:466:280:467:227:143:93:468:466:447:415:436:469:471:418:439:203:343:455:103:370:414:353:452:168:429:472:440:281:378:470:469:475:468:374:569:476:456:449:314:478:422:479:358:481:568:304:511:478:483:475:476:479:481:484:494:444:281:201:432:486:511:485:99:471:460:165:511:59:398:398:467:489:483:556:445:490:182:433:489:348:490:491:491:484:569:426:303:454:441:328:369:82:494:56:347:495:209:491:170:44:328:419:184:496:418:456:369:306:226:486:209:496:325:409:396:511:419:164:500:514:547:590:250:488:333:488:459:476:500:377:438:390:471:415:466:554:251:519:519:508:509:497:154:494:364:510:510:131:449:368:593:508:119:493:498:181:509:364:262:513:472:514:105:483:426:426:431:357:470:396:64:339:387:397:504:215:364:568:459:497:545:373:530:504:419:519:499:283:451:520:381:545:12:334:351:485:520:523:490:313:291:469:405:525:217:398:238:525:590:90:467:463:43:413:333:520:307:530:319:277:529:188:295:294:464:425:127:524:530:263:46:267:315:498:529:452:277:479:462:530:523:528:80:516:593:581:355:95:537:485:445:467:537:92:539:522:539:499:463:249:96:176:534:255:320:528:532:542:543:544:394:542:543:522:425:516:592:496:394:364:236:513:490:544:427:141:426:532:547:465:513:539:499:262:591:152:293:29:545:534:302:394:281:556:495:340:436:451:483:581:175:553:493:514:379:446:555:372:555:544:493:319:547:456:401:374:489:598:548:534:578:197:556:272:601:601:560:561:562:560:546:535:575:575:562:598:560:166:561:388:475:413:537:458:510:535:462:401:566:540:446:492:458:239:470:323:390:516:458:569:498:541:484:590:360:409:440:389:474:566:519:47:603:462:578:500:145:501:566:474:478:598:450:545:576:580:577:576:214:565:577:437:448:592:278:395:508:569:576:579:580:580:509:540:546:579:548:420:419:211:473:570:270:430:30:488:453:586:517:522:437:428:529:472:165:518:528:582:341:73:445:473:578:565:204:591:577:262:428:591:593:593:367:574:586:574:603:343:594:470:484:540:541:80:396:595:518:594:270:474:532:204:576:594:601:391:188:570:9:106:586:583:517:546:270:251:600:542:600:601:602:300:479:603:565:602:481:491:543:251:586:583:30:501:561:48:431:555:451:579:570:311:486:49:428:575:523:582:433:24
1650,1968,549,0,6369,43:1:2:32:2:4:245:6:7:4:8:63:36:9:10:160:10:12:215:312:12:14:9:8:15:16:20:15:18:19:503:19:81:22:48:7:23:18:14:503:24:4:16:6:25:12:38:26:0:28:131:25:29:29:503:492:45:24:26:31:606:7:60:317:28:33:20:492:23:4:34:32:16:34:312:48:36:312:22:0:37:21:33:492:38:23:39:39:606:171:41:171:42:43:2:38:215:41:33:44:160:20:89:21:75:45:606:49:108:190:10:50:49:44:51:77:34:47:52:51:53:54:55:36:53:32:57:28:48:94:93:42:60:49:61:47:62:120:55:64:65:54:52:62:43:64:93:66:67:1:73:67:68:31:37:69:57:65:70:182:69:22:89:8:60:217:72:56:40:68:29:120:19:74:124:74:65:75:37:43:76:61:77:0:45:78:233:81:72:596:61:80:596:11:82:83:84:56:64:596:70:85:86:85:80:233:86:80:73:87:83:63:69:55:88:89:78:90:88:91:67:91:89:14:70:78:81:88:94:21:95:40:11:31:52:44:55:94:87:95:97:192:40:97:72:21:144:50:136:223:100:101:102:103:82:104:25:103:101:105:106:103:73:107:105:104:108:98:109:108:51:109:39:100:27:15:160:71:107:111:112:113:114:54:159:116:102:126:83:116:94:114:36:107:117:118:68:119:77:71:132:112:58:63:159:121:122:122:119:111:42:90:5:123:113:159:606:124:125:31:118:41:5:124:127:126:128:129:130:29:130:131:122:132:125:133:123:117:133:127:18:126:129:33:34:132:109:19:134:97:135:58:134:137:135:76:109:96:139:127:78:140:141:186:142:84:96:137:130:101:141:142:144:145:136:146:129:91:146:139:27:84:119:147:5:138:121:149:61:147:233:95:192:53:151:123:147:120:125:87:152:153:41:153:145:152:149:100:186:39:154:155:150:50:157:107:156:133:155:223:136:158:154:157:75:158:151:190:142:160:143:146:161:162:163:59:162:161:59:37:143:128:150:140:190:112:167:153:168:169:58:124:169:168:170:11:6:84:131:56:1:172:172:137:156:322:167:536:173:66:174:173:175:174:165:166:17:166:170:536:175:164:66:17:178:536:503:179:180:180:181:181:182:158:183:26:134:184:179:175:185:116:186:186:151:95:187:173:185:164:46:62:139:187:189:171:191:150:24:113:93:90:191:179:193:191:134:105:194:110:138:189:183:67:110:195:194:196:197:312:27:132:197:198:195:199:143:74:184:106:98:155:196:200:166:152:192:181:5:57:183:201:141:138:202:200:51:203:391:199:190:205:205:104:206:46:176:207:208:201:168:203:198:243:209:66:6:211:2:111:172:208:211:110:209:411:212:202:213:194:212:117:411:176:193:167:210:206:170:114:201:137:135:168:20:147:122:161:188:169:213:216:144:217:85:153:55:218:219:360:151:146:92:22:221:220:219:221:165:195:222:223:224:180:229:221:163:222:215:174:156:182:184:225:226:227:218:144:150:228:226:155:218:210:230:123:225:136:231:50:74:224:554:231:212:230:197:102:45:77:98:234:234:235:234:236:221:237:238:154:88:236:199:239:118:208:165:237:554:241:240:241:242:308:239:235:62:27:223:219:63:243:133:243:176:230:242:76:108:227:244:226:245:217:246:222:228:247:248:246:145:235:249:224:247:210:249:252:135:225:253:239:248:229:233:250:252:110:249:209:166:97:17:86:231:240:242:254:255:257:216:402:255:258:185:259:256:254:258:257:260:32:261:360:162:263:264:178:265:259:213:263:261:238:266:259:267:211:254:260:248:71:268:252:268:269:244:264:245:272:243:9:57:193:196:273:269:26:267:227:274:275:276:440:276:275:278:290:272:81:273:274:595:163:282:86:71:38:192:268:284:278:285:239:282:116:286:246:247:149:287:274:286:284:220:266:220:139:266:202:384:289:411:265:260:180:92:300:285:169:292:289:279:271:279:293:199:294:284:206:149:287:295:294:296:121:91:40:292:297:273:298:162:299:300:286:524:324:157:295:302:231:303:300:69:283:297:140:271:293:260:219:98:265:304:305:304:261:205:86:279:292:188:308:302:309:298:305:205:237:295:308:287:296:191:310:311:24:198:311:313:189:314:315:142:316:266:250:313:314:317:306:314:92:298:230:299:253:14:303:111:158:318:289:309:257:238:317:320:321:320:113:299:318:317:315:321:198:322:267:60:323:323:323:203:157:324:325:326:140:68:310:316:319:324:214:104:305:325:288:328:329:285:330:244:294:331:331:332:207:332:334:335:336:99:338:334:339:222:339:321:525:335:128:341:171:338:330:329:342:214:229:342:343:335:282:336:188:235:337:72:326:240:344:345:346:347:269:345:341:348:271:382:85:346:350:348:351:351:343:352:241:255:299:342:310:353:344:1:159:354:525:524:23:350:339:189:352:315:355:355:353:96:356:328:335:65:347:464:356:318:358:40:359:354:354:337:83:595:94:199:361:288:449:311:121:365:361:556:359:355:46:366:367:368:332:256:102:264:365:358:366:252:338:370:371:272:206:368:372:438:373:370:374:25:125:297:375:338:376:404:100:263:273:501:371:8:377:378:245:376:375:377:322:373:333:367:368:378:126:372:52:276:376:311:345:379:380:370:284:215:382:225:106:383:344:554:383:336:384:309:200:296:386:360:524:129:207:359:200:379:244:387:319:333:200:258:388:342:389:213:380:329:42:356:389:382:16:390:310:366:388:390:347:17:274:346:391:385:306:392:393:386:58:138:304:371:395:395:367:280:128:99:229:357:392:256:397:397:320:376:54:316:398:399:400:393:156:163:402:400:403:350:365:391:399:404:251:290:276:405:0:406:326:404:375:406:130:361:28:403:369:407:385:341:408:291:336:313:410:216:379:372:278:297:322:408:357:18:291:407:413:178:464:399:118:283:380:218:331:377:348:400:386:414:400:253:414:356:416:415:416:53:417:353:110:373:351:418:106:330:420:350:434:173:421:417:262:307:212:382:452:424:553:275:402:425:420:303:308:282:66:161:112:410:283:406:553:325:429:254:302:429:329:393:421:10:432:430:194:357:387:280:397:352:285:208:431:427:432:228:420:258:430:433:434:241:434:405:431:234:433:468:406:432:383:410:437:384:438:383:384:439:198:440:424:425:417:441:415:442:15:307:499:450:120:437:250:47:450:399:185:321:381:405:447:424:448:427:265:441:447:445:444:389:413:446:385:422:408:340:452:247:407:523:374:434:436:439:453:411:454:454:275:340:453:455:471:179:427:237:495:465:293:422:455:456:442:288:287:449:187:403:459:448:448:416:454:459:421:59:392:444:236:164:429:337:424:460:381:464:465:143:81:409:421:442:390:369:465:466:280:467:227:143:93:468:466:447:415:436:469:471:418:439:203:343:455:103:370:414:353:452:168:429:472:440:281:378:470:469:475:468:374:569:476:456:449:314:478:422:479:358:481:568:304:511:478:483:475:476:479:481:484:494:444:281:201:432:486:511:485:99:471:460:165:511:59:398:398:467:489:483:556:445:490:182:433:489:348:490:491:491:484:569:426:303:454:441:328:369:82:494:56:347:495:209:491:170:44:328:419:184:496:418:456:369:306:226:486:209:496:325:409:396:511:419:164:500:514:547:590:250:488:333:488:459:476:500:377:438:390:471:415:466:554:251:519:519:508:509:497:154:494:364:510:510:131:449:368:593:508:119:493:498:181:509:364:262:513:472:514:105:483:426:426:431:357:470:396:64:339:387:397:504:215:364:568:459:497:545:373:530:504:419:519:499:283:451:520:381:545:12:334:351:485:520:523:490:313:291:469:405:525:217:398:238:525:590:90:467:463:43:413:333:520:307:530:319:277:529:188:295:294:464:425:127:524:530:263:46:267:315:498:529:452:277:479:462:530:523:528:80:516:593:504:355:95:537:485:445:467:537:92:539:522:539:499:463:249:581:176:534:255:320:528:532:542:543:544:394:542:543:522:425:516:592:496:394:364:236:513:490:544:427:141:426:532:547:465:513:539:499:262:591:152:293:29:545:534:302:394:281:556:495:340:436:451:483:581:175:553:493:514:379:446:555:372:555:544:493:319:547:456:401:374:489:598:548:534:578:197:556:272:601:601:560:561:562:560:546:535:575:575:562:598:560:166:561:388:475:413:537:458:510:535:462:401:566:540:446:492:458:239:470:323:390:516:458:569:498:541:484:590:360:409:440:389:474:566:519:47:603:462:578:500:145:501:566:474:478:598:450:545:576:580:577:576:214:565:577:437:448:592:278:395:508:569:576:579:580:580:509:540:546:579:548:420:419:211:473:570:270:430:30:488:453:586:517:522:437:428:529:472:165:518:528:582:341:73:445:473:578:565:204:591:577:262:428:591:593:593:367:574:586:574:603:343:594:470:484:540:541:80:396:595:518:594:270:474:532:204:576:594:601:391:188:570:9:106:586:583:517:546:270:251:581:542:306:601:602:300:479:603:565:602:481:491:543:251:586:583:30:501:561:48:431:555:451:579:570:311:486:49:428:575:523:582:433:24
1652,1969,549,0,6368,43:1:2:32:2:4:245:6:7:4:8:63:36:9:10:160:10:12:215:312:12:14:9:8:15:16:20:15:18:19:503:19:81:22:48:7:23:18:14:503:24:4:16:6:25:12:38:26:0:28:131:25:29:29:503:492:45:24:26:31:606:7:60:317:28:33:20:492:23:4:34:32:16:34:312:48:36:312:22:0:37:21:33:492:38:23:39:39:606:171:41:171:42:43:2:38:215:41:33:44:160:20:89:21:75:45:606:49:108:190:10:50:49:44:51:77:34:47:52:51:53:54:55:36:53:32:57:28:48:94:93:42:60:49:61:47:62:120:55:64:65:54:52:62:43:64:93:66:67:1:73:67:68:31:37:69:57:65:70:182:69:22:89:8:60:217:72:56:40:68:29:120:19:74:124:74:65:75:37:43:76:61:77:0:45:78:233:81:72:596:61:80:596:11:82:83:84:56:64:596:70:85:86:85:80:233:86:80:73:87:83:63:69:55:88:89:78:90:88:91:67:91:89:14:70:78:81:88:94:21:95:40:11:31:52:44:55:94:87:95:97:192:40:97:72:21:144:50:136:223:100:101:102:103:82:104:25:103:101:105:106:103:73:107:105:104:108:98:109:108:51:109:39:100:128:15:160:71:107:111:112:113:114:54:159:116:102:126:83:116:94:114:36:107:117:118:68:119:77:71:132:112:58:63:159:121:122:122:119:111:42:90:5:123:113:159:606:124:125:31:118:41:5:124:127:126:128:129:130:29:130:131:122:132:125:133:123:117:133:127:18:126:129:33:34:132:109:19:134:97:135:58:134:137:135:76:109:96:139:127:78:140:141:186:142:84:96:137:130:101:141:142:144:145:136:146:129:91:146:139:27:84:119:147:5:138:121:149:61:147:233:95:192:53:151:123:147:120:125:87:152:153:41:153:145:152:149:100:186:39:154:155:150:50:157:107:156:133:155:223:136:158:154:157:75:158:151:190:142:160:143:146:161:162:163:59:162:161:59:37:143:128:150:140:190:112:167:153:168:169:58:124:169:168:170:11:6:84:131:56:1:172:172:137:156:322:167:536:173:66:174:173:175:174:165:166:17:166:170:536:175:164:66:17:178:536:503:179:180:180:181:181:182:158:183:26:134:184:179:175:185:116:186:186:151:95:187:173:185:164:46:62:139:187:189:171:191:150:24:113:93:90:191:179:193:191:134:105:194:110:138:189:183:67:110:195:194:196:197:312:27:132:197:198:195:199:143:74:184:106:98:155:196:200:166:152:192:181:5:57:183:201:141:138:202:200:51:203:391:199:190:205:205:104:206:46:176:207:208:201:168:203:198:243:209:66:6:211:2:111:172:208:211:110:209:411:212:202:213:194:212:117:411:176:193:167:210:206:170:114:201:137:135:168:20:147:122:161:188:169:213:216:144:217:85:153:55:218:219:360:151:146:92:22:221:220:219:221:165:195:222:223:224:180:229:221:163:222:215:174:156:182:184:225:226:227:218:144:150:228:226:155:218:210:230:123:225:136:231:50:74:224:554:231:212:230:197:102:45:77:98:234:234:235:234:236:221:237:238:154:88:236:199:239:118:208:165:237:554:241:240:241:242:308:239:235:62:27:223:219:63:243:133:243:176:230:242:76:108:227:244:226:245:217:246:222:228:247:248:246:145:235:249:224:247:210:249:252:135:225:253:239:248:229:233:250:252:110:249:209:166:97:17:86:231:240:242:254:255:257:216:402:255:258:185:259:256:254:258:257:260:32:261:360:162:263:264:178:265:259:213:263:261:238:266:259:267:211:254:260:248:71:268:252:268:269:244:264:245:272:243:9:57:193:196:273:269:26:267:227:274:275:276:440:276:275:278:290:272:81:273:274:595:163:282:86:71:38:192:268:284:278:285:239:282:116:286:246:247:149:287:274:286:284:220:266:220:139:266:202:384:289:411:265:260:180:92:300:285:169:292:289:279:271:279:293:199:294:284:206:149:287:295:294:296:121:91:40:292:297:273:298:162:299:300:286:524:324:157:295:302:231:303:300:69:283:297:140:271:293:260:219:98:265:304:305:304:261:205:86:279:292:188:308:302:309:298:305:205:237:295:308:287:296:191:310:311:24:198:311:313:189:314:315:142:316:266:250:313:314:317:306:314:92:298:230:299:253:14:303:111:158:318:289:309:257:238:317:320:321:320:113:299:318:317:315:321:198:322:267:60:323:323:323:203:157:324:325:326:140:68:310:316:319:324:214:104:305:325:288:328:329:285:330:244:294:331:331:332:207:332:334:335:336:99:338:334:339:222:339:321:525:335:128:341:171:338:330:329:342:214:229:342:343:335:282:336:188:235:337:72:326:240:344:345:346:347:269:345:341:348:271:382:85:346:350:348:351:351:343:352:241:255:299:342:310:353:344:1:159:354:525:524:23:350:339:189:352:315:355:355:353:96:356:328:335:65:347:464:356:318:358:40:359:354:354:337:83:595:94:199:361:288:449:311:121:365:361:556:359:355:46:366:367:368:332:256:102:264:365:358:366:252:338:370:371:272:206:368:372:438:373:370:374:25:125:297:375:338:376:404:100:263:273:501:371:8:377:378:245:376:375:377:322:373:333:367:368:378:126:372:52:276:376:311:345:379:380:370:284:215:382:225:106:383:344:554:383:336:384:309:200:296:386:360:524:129:207:359:200:379:244:387:319:333:200:258:388:342:389:213:380:329:42:356:389:382:16:390:310:366:388:390:347:17:274:346:391:385:306:392:393:386:58:138:304:371:395:395:367:280:291:99:229:357:392:256:397:397:320:376:54:316:398:399:400:393:156:163:402:400:403:350:365:391:399:404:251:290:276:405:0:406:326:404:375:406:130:361:28:403:369:407:385:341:408:291:336:313:410:216:379:372:278:297:322:408:357:18:291:407:413:178:464:399:118:283:380:218:331:377:348:400:386:414:400:253:414:356:416:415:416:53:417:353:110:373:351:418:106:330:420:350:434:173:421:417:262:307:212:382:452:424:553:275:402:425:420:303:308:282:66:161:112:410:283:406:553:325:429:254:302:429:329:393:421:10:432:430:194:357:387:280:397:352:285:208:431:427:432:228:420:258:430:433:434:241:434:405:431:234:433:468:406:432:383:410:437:384:438:383:384:439:198:440:424:425:417:441:415:442:15:307:499:450:120:437:250:47:450:399:185:321:381:405:447:424:448:427:265:441:447:445:444:389:413:446:385:422:408:340:452:247:407:523:374:434:436:439:453:411:454:454:275:340:453:455:471:179:427:237:495:465:293:422:455:456:442:288:287:449:187:403:459:448:448:416:454:459:421:59:392:444:236:164:429:337:424:460:381:464:465:143:81:409:421:442:390:369:465:466:280:467:227:143:93:468:466:447:415:436:469:471:418:439:203:343:455:103:370:414:353:452:168:429:472:440:281:378:470:469:475:468:374:569:476:456:449:314:478:422:479:358:481:568:304:511:478:483:475:476:479:481:484:494:444:281:201:432:486:511:485:99:471:460:165:511:59:398:398:467:489:483:556:445:490:182:433:489:348:490:491:491:484:569:426:303:454:441:328:369:82:494:56:347:495:209:491:170:44:328:419:184:496:418:456:369:306:226:486:209:496:325:409:396:511:419:164:500:514:547:590:250:488:333:488:459:476:500:377:438:390:471:415:466:554:251:519:519:508:509:497:154:494:364:510:510:131:449:368:593:508:119:493:498:181:509:364:262:513:472:514:105:483:426:426:431:357:470:396:64:339:387:397:504:215:364:568:459:497:545:373:530:504:419:519:499:283:451:520:381:545:12:334:351:485:520:523:490:313:497:469:405:525:217:398:238:525:590:90:467:463:43:413:333:520:307:530:319:277:529:188:295:294:464:425:127:524:530:263:46:267:315:498:529:452:277:479:462:530:523:528:80:516:593:504:355:95:537:485:445:467:537:92:539:522:539:499:463:249:581:176:534:255:320:528:532:542:543:544:394:542:543:522:425:516:592:496:394:364:236:513:490:544:427:141:426:532:547:465:513:539:499:262:591:152:293:29:545:534:302:394:281:556:495:340:436:451:483:581:175:553:493:514:379:446:555:372:555:544:493:319:547:456:401:374:489:598:548:534:578:197:556:272:601:601:560:561:562:560:546:535:575:575:562:598:560:166:561:388:475:413:537:458:510:535:462:401:566:540:446:492:458:239:470:323:390:516:458:569:498:541:484:590:360:409:440:389:474:566:519:47:603:462:578:500:145:501:566:474:478:598:450:545:576:580:577:576:214:565:577:437:448:592:278:395:508:569:576:579:580:580:509:540:546:579:548:420:419:211:473:570:270:430:30:488:453:586:517:522:437:428:529:472:165:518:528:582:341:73:445:473:578:565:204:591:577:262:428:591:593:593:367:574:586:574:603:343:594:470:484:540:541:80:396:595:518:594:270:474:532:204:576:594:601:391:188:570:9:106:586:583:517:546:270:251:581:542:306:601:602:300:479:603:565:602:481:491:543:251:586:583:30:501:561:48:431:555:451:579:570:311:486:49:428:575:523:582:433:24
1669,1990,548,0,6366,43:1:2:32:2:4:245:6:7:4:8:63:36:9:10:160:10:12:215:312:12:14:9:8:15:16:20:15:18:19:503:19:81:22:48:7:23:18:14:503:24:4:16:6:25:12:38:26:0:28:131:25:29:29:503:492:45:24:26:31:606:7:60:317:28:33:20:492:23:4:34:32:16:34:312:48:36:312:22:0:37:21:33:492:38:23:39:39:606:171:41:171:42:43:2:38:215:41:33:44:160:20:89:21:75:45:606:49:108:190:10:50:49:44:51:77:34:47:52:51:53:54:55:36:53:32:57:28:48:94:93:42:60:49:61:47:62:120:55:64:65:54:52:62:43:64:93:66:67:1:73:67:68:31:37:69:57:65:70:182:69:22:89:8:60:217:72:56:40:68:29:120:19:74:124:74:65:75:37:43:76:61:77:0:45:78:233:81:72:596:61:80:596:11:82:83:84:56:64:596:70:85:86:85:80:233:86:80:73:87:83:63:69:55:88:89:78:90:88:91:67:91:89:14:70:78:81:88:94:21:95:40:11:31:52:44:55:94:87:95:97:192:40:97:72:21:144:50:136:223:100:101:102:103:82:104:25:103:101:105:106:103:73:107:105:104:108:98:109:108:51:109:39:100:128:15:160:71:107:111:112:113:114:54:159:116:102:126:83:116:94:114:36:107:117:118:68:119:77:71:132:112:58:63:159:121:122:122:119:111:42:90:5:123:113:159:606:124:125:31:118:41:5:124:127:126:128:129:130:29:130:131:122:132:125:133:123:117:133:127:18:126:129:33:34:132:109:19:134:97:135:58:134:137:135:76:109:96:139:127:78:140:141:186:142:84:96:137:130:101:141:142:144:145:136:146:129:91:146:139:27:84:119:147:5:138:121:149:61:147:233:95:192:53:151:123:147:120:125:87:152:153:41:153:145:152:149:100:186:39:154:155:150:50:157:107:156:133:155:223:136:158:154:157:75:158:151:190:142:160:143:146:161:162:163:59:162:161:11:37:143:128:150:140:190:112:167:153:168:169:58:124:169:168:170:11:6:84:131:56:1:172:172:137:156:322:167:536:173:66:174:173:175:174:165:166:17:166:170:536:175:164:66:17:178:536:503:179:180:180:181:181:182:158:183:26:134:184:179:175:185:116:186:186:151:95:187:173:185:164:46:62:139:187:189:171:191:150:24:113:93:90:191:179:193:191:134:105:194:110:138:189:183:67:110:195:194:196:197:312:27:132:197:198:195:199:143:74:184:106:98:155:196:200:166:152:192:181:5:57:183:201:141:138:202:200:51:203:391:199:190:205:205:104:206:46:176:207:208:201:168:203:198:243:209:66:6:211:2:111:172:208:211:110:209:411:212:202:213:194:212:117:411:176:193:167:210:206:170:114:201:137:135:168:20:147:122:161:188:169:213:216:144:217:85:153:55:218:219:360:151:146:92:22:221:220:219:221:165:195:222:223:224:180:229:221:163:222:215:174:156:182:184:225:226:227:218:144:150:228:226:155:218:210:230:123:225:136:231:50:74:224:554:231:212:230:197:102:45:77:98:234:234:235:234:236:221:237:238:154:88:236:199:239:118:208:165:237:554:241:240:241:242:308:239:235:62:27:223:219:63:243:133:243:176:230:242:76:108:227:244:226:245:217:246:222:228:247:248:246:145:235:249:224:247:210:249:252:135:225:253:239:248:229:233:250:252:110:249:209:166:97:17:86:231:240:242:254:255:257:216:402:255:258:185:259:256:254:258:257:260:32:261:360:162:263:264:178:265:259:213:263:59:238:266:259:267:211:254:260:248:71:268:252:268:269:244:264:245:272:243:9:57:193:196:273:269:26:267:227:274:275:276:440:276:275:278:290:272:81:273:274:595:163:282:86:71:38:192:268:284:278:285:239:282:116:286:246:247:149:287:274:286:284:220:266:220:139:266:202:384:289:411:265:260:180:92:300:285:169:292:289:279:271:279:293:199:294:284:206:149:287:295:294:296:121:91:40:292:297:273:298:162:299:300:286:524:324:157:295:302:231:303:300:69:283:297:140:271:293:260:219:98:265:304:305:304:261:205:86:279:292:188:308:302:309:298:305:205:237:295:308:287:296:191:310:311:24:198:311:313:189:314:315:142:316:266:250:313:314:317:306:314:92:298:230:299:253:14:303:111:158:318:289:309:257:238:317:320:321:320:113:299:318:317:315:321:198:322:267:60:323:323:323:203:157:324:325:326:140:68:310:316:319:324:214:104:305:325:288:328:329:285:330:244:294:331:331:332:207:332:334:335:336:99:338:334:339:222:339:321:525:335:128:341:171:338:330:329:342:214:229:342:343:335:282:336:188:235:337:72:326:240:344:345:346:347:269:345:341:348:271:382:85:346:350:348:351:351:343:352:241:255:299:342:310:353:344:1:159:354:525:524:23:350:339:189:352:315:355:355:353:96:356:328:335:65:347:464:356:318:358:40:359:354:354:337:83:595:94:199:361:288:449:311:121:365:361:556:359:355:46:366:367:368:332:256:102:264:365:358:366:252:338:370:371:272:206:368:372:438:373:370:374:25:125:297:375:338:376:404:100:263:273:501:371:8:377:378:245:376:375:377:322:373:333:367:368:378:126:372:52:276:376:311:345:379:380:370:284:215:382:225:106:383:344:554:383:336:384:309:200:296:386:360:524:129:207:359:200:379:244:387:319:333:200:258:388:342:389:213:380:329:42:356:389:382:16:390:310:366:388:390:347:17:274:346:391:385:306:392:393:386:58:138:304:371:395:395:367:280:291:99:229:357:392:256:397:397:320:376:54:316:398:399:400:393:156:163:402:400:403:350:365:391:399:404:251:290:276:405:0:406:326:404:375:406:130:361:28:403:369:407:385:341:408:291:336:313:410:216:379:372:278:297:322:408:357:18:291:407:413:178:464:399:118:283:380:218:331:377:348:400:386:414:400:253:414:356:416:415:416:53:417:353:110:373:351:418:106:330:420:350:434:173:421:417:262:307:212:382:452:424:553:275:402:425:420:303:308:282:66:161:112:410:283:406:553:325:429:254:302:429:329:393:421:10:432:430:194:357:387:280:397:352:285:208:431:427:432:228:420:258:430:433:434:241:434:405:431:234:433:468:406:432:383:410:437:384:438:383:384:439:198:440:424:425:417:441:415:442:15:307:499:450:120:437:250:47:450:399:185:321:381:405:447:424:448:427:265:441:447:445:444:389:413:446:385:422:408:340:452:247:407:523:374:434:436:439:453:411:454:454:275:340:453:455:471:179:427:237:495:465:293:422:455:456:442:288:287:449:187:403:459:448:448:416:454:459:421:59:392:444:236:164:429:337:424:460:381:464:465:143:81:409:421:442:390:369:465:466:280:467:227:143:93:468:466:447:415:436:469:471:418:439:203:343:455:103:370:414:353:452:168:429:472:440:281:378:470:469:475:468:374:569:476:456:449:314:478:422:479:358:481:568:304:511:478:483:475:476:479:481:484:494:444:281:201:432:486:511:485:99:471:460:165:511:59:398:398:467:489:483:556:445:490:182:433:489:348:490:491:491:484:569:426:303:454:441:328:369:82:494:56:347:495:209:491:170:44:328:419:184:496:418:456:369:306:226:486:209:496:325:409:396:511:419:164:500:514:547:590:250:488:333:488:459:476:500:377:438:390:471:415:466:554:251:519:519:508:509:497:154:494:364:510:510:131:449:368:593:508:119:493:498:181:509:364:262:513:472:514:105:483:426:426:431:357:470:396:64:339:387:397:504:215:364:568:459:497:545:373:530:504:419:519:499:283:451:520:381:545:12:334:351:485:520:523:490:313:497:469:405:525:217:398:238:525:590:90:467:463:43:413:333:520:307:530:319:277:529:188:295:294:464:425:127:524:530:263:46:267:315:498:529:452:277:479:462:530:523:528:80:516:593:504:355:95:537:485:445:467:537:92:539:522:539:499:463:249:581:176:534:255:320:528:532:542:543:544:394:542:543:522:425:516:592:496:394:364:236:513:490:544:427:141:426:532:547:465:513:539:499:262:591:152:293:29:545:534:302:394:281:556:495:340:436:451:483:581:175:553:493:514:379:446:555:372:555:544:493:319:547:456:401:374:489:598:548:534:578:197:556:272:601:601:560:561:473:560:546:535:575:575:261:598:560:166:561:388:475:413:537:458:510:535:462:401:566:540:446:492:458:239:470:323:390:516:458:569:498:541:484:590:360:409:440:389:474:566:519:47:603:462:578:500:145:501:566:474:478:598:450:545:576:580:577:576:214:565:577:437:448:592:278:395:508:569:576:579:580:580:509:540:546:579:548:420:419:211:473:570:270:430:30:488:453:586:517:522:437:428:529:472:165:518:528:582:341:73:445:460:578:565:204:591:577:262:428:591:593:593:367:574:586:574:603:343:594:470:484:540:541:80:396:595:518:594:270:474:532:204:576:594:601:391:188:570:9:106:586:583:517:546:270:251:581:542:306:601:602:300:479:603:565:602:481:491:543:251:586:583:30:501:561:48:431:555:451:579:570:311:486:49:428:575:523:582:433:24
1682,2009,548,0,6365,43:1:2:32:2:4:245:6:7:4:8:63:36:9:10:160:10:12:215:312:12:14:9:8:15:16:20:15:18:19:503:19:81:22:48:7:23:18:14:503:24:4:16:6:25:12:38:26:0:28:131:25:29:29:503:492:45:24:26:31:606:7:60:317:28:33:20:492:23:4:34:32:16:34:312:48:36:312:22:0:37:21:33:492:38:23:39:39:606:171:41:171:42:43:2:38:215:41:33:44:160:20:89:21:75:45:606:49:108:190:10:50:49:44:51:77:34:47:52:51:53:54:55:36:53:32:57:28:48:94:93:42:60:49:61:47:62:120:55:64:65:54:52:62:43:64:93:66:67:1:73:67:68:31:37:69:57:65:70:182:69:22:89:8:60:217:72:56:40:68:29:120:19:74:124:74:65:75:37:43:76:61:77:0:45:78:233:81:72:596:61:80:596:11:82:83:84:56:64:596:70:85:86:85:80:233:86:80:73:87:83:63:69:55:88:89:78:90:88:91:67:91:89:14:70:78:81:88:94:21:95:40:11:31:52:44:55:94:87:95:97:192:40:97:72:21:144:50:136:223:100:101:102:103:82:104:25:103:101:105:106:103:73:107:105:104:108:98:109:108:51:109:39:100:128:15:160:71:107:111:112:113:114:54:159:116:102:126:83:116:94:114:36:107:117:118:68:119:77:71:132:112:58:63:159:121:122:122:119:111:42:90:5:123:113:159:606:124:125:31:118:41:5:124:127:126:128:129:130:29:130:131:122:132:125:133:123:117:133:127:18:126:129:33:34:132:109:19:134:97:135:58:134:137:135:76:109:96:139:127:78:140:141:186:142:84:96:137:130:101:141:142:144:145:136:146:129:91:146:139:27:84:119:147:5:138:121:149:61:147:233:95:192:53:151:123:147:120:125:87:152:153:41:153:145:152:149:100:186:39:154:155:150:50:157:107:156:133:155:223:136:158:154:157:75:158:151:190:142:160:143:146:161:162:163:59:162:161:11:37:143:128:150:140:190:112:167:153:168:169:58:124:169:168:170:11:6:84:131:56:1:172:172:137:156:322:167:536:173:66:174:173:175:174:165:166:17:166:170:536:175:164:66:17:178:536:503:179:180:180:181:181:182:158:183:26:134:184:179:175:185:116:186:186:151:95:187:173:185:164:46:62:139:187:189:171:191:150:24:113:93:90:191:179:193:191:134:105:194:110:138:189:183:67:110:195:194:196:197:312:27:132:197:198:195:199:143:74:184:106:98:155:196:200:166:152:192:181:5:57:183:201:141:138:202:200:51:203:391:199:190:205:205:104:206:46:176:207:208:201:168:203:198:243:209:66:6:211:2:111:172:208:211:110:209:411:212:202:213:194:212:117:411:176:193:167:210:206:170:114:201:137:135:168:20:147:122:161:188:169:213:216:144:217:85:153:55:218:219:360:151:146:92:22:221:220:219:221:165:195:222:223:224:180:229:221:163:222:215:174:156:182:184:225:226:227:218:144:150:228:226:155:218:210:230:123:225:136:231:50:74:224:554:231:212:230:197:102:45:77:98:234:234:235:234:236:221:237:238:154:88:236:199:239:118:208:165:237:554:241:240:241:242:308:239:235:62:27:223:219:63:243:133:243:176:230:242:76:108:227:244:226:245:217:246:222:228:247:248:246:145:235:249:224:247:210:249:252:135:225:253:239:248:229:233:250:252:110:249:209:166:97:17:86:231:240:242:254:255:257:216:402:255:258:185:259:256:254:258:257:260:32:261:360:162:263:264:178:265:259:213:263:59:238:266:259:267:211:254:260:248:71:268:252:268:269:244:264:245:272:243:9:57:193:196:273:269:26:267:227:274:275:276:440:276:275:278:290:272:81:273:274:595:163:282:86:71:38:192:268:284:278:285:239:282:116:286:246:247:149:287:274:286:284:220:266:220:139:266:202:384:289:411:265:260:180:92:300:285:169:292:289:279:271:279:293:199:294:284:206:149:287:295:294:296:121:91:40:292:297:273:298:162:299:300:286:524:324:157:295:302:231:303:300:69:283:297:140:271:293:260:219:98:265:304:305:304:261:205:86:279:292:188:308:302:309:298:305:205:237:295:308:287:296:191:310:311:24:198:311:313:189:314:315:142:316:266:250:313:314:317:306:314:92:298:230:299:253:14:303:111:158:318:289:309:257:238:317:320:321:320:113:299:318:317:315:321:198:322:267:60:323:323:323:203:157:324:325:326:140:68:310:316:319:324:214:104:305:325:288:328:329:285:330:244:294:331:331:332:207:332:334:335:336:99:338:334:339:222:339:321:525:335:128:341:171:338:330:329:342:214:229:342:343:335:282:336:188:235:337:72:326:240:344:345:346:347:269:345:341:348:271:382:85:346:350:348:351:351:343:352:241:255:299:342:310:353:344:1:159:354:525:524:23:350:339:189:352:315:355:355:353:96:356:328:335:65:347:464:356:318:358:40:359:354:354:337:83:595:94:199:361:288:449:311:121:365:361:556:359:355:46:366:367:368:332:256:102:264:365:358:366:252:338:370:371:272:206:368:372:438:373:370:374:25:125:297:375:338:376:404:100:263:273:501:371:8:377:378:245:376:375:377:322:373:333:367:368:378:126:372:52:276:376:311:345:379:380:370:284:215:382:225:106:383:344:554:383:336:384:309:200:296:386:360:524:129:207:359:200:379:244:387:319:333:200:258:388:342:389:213:380:329:42:356:389:382:16:390:310:366:388:390:347:17:274:346:391:385:306:392:393:386:58:138:304:371:395:395:367:280:291:99:229:357:392:256:397:397:320:376:54:316:398:399:400:393:156:163:402:400:403:350:365:391:399:404:251:290:276:405:0:406:326:404:375:406:130:361:28:403:369:407:385:341:408:291:336:313:410:216:379:372:278:297:322:408:357:18:291:407:413:178:464:399:118:283:380:218:331:377:348:400:386:414:400:253:414:356:416:415:416:53:417:353:110:373:351:418:106:330:420:350:434:173:421:417:262:307:212:382:452:424:553:275:402:425:420:303:308:282:66:161:112:410:283:406:553:325:429:254:302:429:329:393:421:10:432:430:194:357:387:280:397:352:285:208:431:427:432:228:420:258:430:433:434:241:434:405:431:234:433:468:406:432:383:410:437:384:438:383:384:439:198:440:424:425:417:441:415:442:15:307:499:450:120:437:250:47:450:399:185:321:381:405:447:424:448:427:265:441:447:445:444:389:413:446:385:422:408:340:452:247:407:523:374:434:436:439:453:411:454:454:275:340:453:455:471:179:427:237:495:465:293:422:455:456:442:288:287:449:187:403:459:448:448:416:454:459:421:59:392:444:236:164:429:337:424:460:381:464:465:143:81:409:421:442:390:369:465:466:280:467:227:143:93:468:466:447:415:436:469:471:418:439:203:343:455:103:370:414:353:452:168:429:472:440:281:378:470:469:475:468:374:569:476:456:449:314:478:422:479:358:481:568:304:511:478:483:475:476:479:396:484:494:444:281:201:432:486:511:485:99:471:460:165:511:59:398:398:467:489:483:556:445:490:182:433:489:348:490:491:491:484:569:426:303:454:441:328:369:82:494:56:347:495:209:491:170:44:328:419:184:496:418:456:369:306:226:486:209:496:325:409:396:511:419:164:500:514:547:590:250:488:333:488:459:476:500:377:438:390:471:415:466:554:251:519:519:508:509:497:154:494:364:510:510:131:449:368:593:508:119:493:498:181:509:364:262:513:472:514:105:483:426:426:431:357:470:396:64:339:387:397:504:215:364:568:459:497:545:373:530:504:419:519:499:283:451:520:381:545:12:334:351:485:520:523:490:313:497:469:405:525:217:398:238:525:590:90:467:463:43:413:333:520:307:530:319:277:529:188:295:294:464:425:127:524:530:263:46:267:315:498:529:452:277:479:462:530:523:528:80:516:593:504:355:95:537:485:445:467:537:92:539:522:539:499:463:249:581:176:534:255:320:528:532:542:543:544:394:542:543:522:425:516:592:496:394:364:236:513:490:544:427:141:426:532:547:465:513:539:499:262:591:152:293:29:545:534:302:394:281:556:495:340:436:451:483:581:175:553:493:514:379:446:555:372:555:544:493:319:547:456:401:374:489:598:548:534:578:197:556:272:601:601:560:561:473:560:546:265:575:575:261:598:560:166:561:388:475:413:537:458:510:535:462:401:566:540:446:492:458:239:470:323:390:516:458:569:498:541:484:590:360:409:440:389:474:566:519:47:603:462:578:500:145:501:566:474:478:598:450:545:481:580:577:498:214:565:577:437:448:592:278:395:508:569:535:579:580:580:509:540:546:579:548:420:419:211:473:570:270:430:30:488:453:586:517:522:437:428:529:472:165:518:528:582:341:73:445:460:578:565:204:591:577:262:428:591:593:593:367:574:586:574:603:343:594:470:484:540:541:80:396:595:518:594:270:474:532:204:576:594:601:391:188:570:9:106:586:583:517:546:270:251:581:542:306:601:602:300:479:603:565:602:576:491:543:251:586:583:30:501:561:48:431:555:451:579:570:311:486:49:428:575:523:582:433:24
1706,2042,547,0,6364,43:1:2:32:2:4:245:6:7:4:8:63:36:9:10:160:10:12:215:312:12:14:9:8:15:16:20:15:18:19:503:19:81:22:48:7:23:18:14:503:24:4:16:6:25:12:38:26:0:28:131:25:29:29:503:492:45:24:26:31:606:7:60:317:28:33:20:492:23:4:34:32:16:34:312:48:36:312:22:0:37:21:33:492:38:23:39:39:606:171:41:171:42:43:2:38:215:41:33:44:160:20:89:21:75:45:606:49:108:190:10:50:49:44:51:77:34:47:52:51:53:54:55:36:53:32:57:28:48:94:93:42:60:49:61:47:62:120:55:64:65:54:52:62:43:64:93:66:67:1:73:67:68:31:37:69:57:65:70:182:69:22:89:8:60:217:72:56:40:68:29:120:19:74:124:74:65:75:37:43:76:61:77:0:45:78:233:81:72:596:61:80:596:11:82:83:84:56:64:596:70:85:86:85:80:233:86:80:73:87:83:63:69:55:88:89:78:90:88:91:67:91:89:14:70:78:81:88:94:21:95:40:11:31:52:44:55:94:87:95:97:192:40:97:72:21:144:50:136:223:100:101:102:103:82:104:25:103:101:105:106:103:73:107:105:104:108:98:109:108:51:109:39:100:128:15:160:71:107:111:112:113:114:54:159:116:102:126:83:116:94:114:36:107:117:118:68:119:77:71:132:112:58:63:159:121:122:122:119:111:42:90:5:123:113:159:606:124:125:31:118:41:5:124:127:126:128:129:130:29:130:131:122:132:125:133:123:117:133:127:18:126:129:33:34:132:109:19:134:97:135:58:134:137:135:76:109:96:139:127:78:140:141:186:142:84:96:137:130:101:141:142:144:145:136:146:129:91:146:139:27:84:119:147:5:138:121:149:61:147:233:95:192:53:151:123:147:120:125:87:152:153:41:153:145:152:149:100:186:39:154:155:150:50:157:107:156:133:155:223:136:158:154:157:75:158:151:190:142:160:143:146:161:162:163:59:162:161:11:37:143:128:150:140:190:112:167:153:168:169:58:124:169:168:170:11:6:84:131:56:1:172:172:137:156:322:167:536:173:66:174:173:175:174:165:166:17:166:170:536:175:164:66:17:178:536:503:179:180:180:181:181:182:158:183:26:134:184:179:175:185:116:186:186:151:95:187:173:185:164:46:62:139:187:189:171:191:150:24:113:93:90:191:179:193:191:134:105:194:110:138:189:183:67:110:195:194:196:197:312:27:132:197:198:195:199:143:74:184:106:98:155:196:200:166:152:192:181:5:57:183:201:141:138:202:200:51:203:391:199:190:205:205:104:206:46:176:207:208:201:168:203:198:243:209:66:6:211:2:111:172:208:211:110:209:411:212:202:213:194:212:117:411:176:193:167:210:206:170:114:201:137:135:168:20:147:122:161:188:169:213:216:144:217:85:153:55:218:219:360:151:146:92:22:221:220:219:221:165:195:222:223:224:180:229:221:163:222:215:174:156:182:184:225:226:227:218:144:150:228:226:155:218:210:230:123:225:136:231:50:74:224:554:231:212:230:197:102:45:77:98:234:234:235:234:236:221:237:238:154:88:236:199:239:118:208:165:237:554:241:240:241:242:308:239:235:62:27:223:219:63:243:133:243:176:230:242:76:108:227:244:226:245:217:246:222:228:247:248:246:145:235:249:224:247:210:249:252:135:225:253:239:248:229:233:250:252:110:249:209:166:97:17:86:231:240:242:254:255:257:216:402:255:258:185:259:256:254:258:257:260:32:261:360:162:263:264:178:265:259:213:263:59:238:266:259:267:211:254:260:248:71:268:252:268:269:244:264:245:272:243:9:57:193:196:273:269:26:267:227:274:275:276:440:276:275:278:290:272:81:273:274:595:163:282:86:71:38:192:268:284:278:285:239:282:116:286:246:247:149:287:274:286:284:220:266:220:139:266:202:384:289:411:265:260:180:92:300:285:169:292:289:279:271:279:293:199:294:284:206:149:287:295:294:296:121:91:40:292:297:273:298:162:299:300:286:524:324:157:295:302:231:303:300:69:283:297:140:271:293:260:219:98:265:304:305:304:261:205:86:279:292:188:308:302:309:298:305:205:237:295:308:287:296:191:310:311:24:198:311:313:189:314:315:142:316:266:250:313:314:317:306:314:92:298:230:299:253:14:303:111:158:318:289:309:257:238:317:320:321:320:113:299:318:317:315:321:198:322:267:60:323:323:323:203:157:324:325:326:140:68:310:316:319:324:214:104:305:325:288:328:329:285:330:244:294:331:331:332:207:332:334:335:336:99:338:334:339:222:339:321:525:335:128:341:171:338:330:329:342:214:229:342:343:335:282:336:188:235:337:72:326:240:344:345:346:347:269:345:341:348:271:382:85:346:350:348:351:351:343:352:241:255:299:342:310:353:344:1:159:354:525:524:23:350:339:189:352:315:355:355:353:96:356:328:335:65:347:464:356:318:358:40:359:354:354:337:83:595:94:199:361:288:449:311:121:365:361:556:359:355:46:366:367:368:332:256:102:264:365:358:366:252:338:370:371:272:206:368:372:438:373:370:374:25:125:297:375:338:376:404:100:263:273:501:371:8:377:378:245:376:375:377:322:373:333:367:368:378:126:372:52:276:376:311:345:379:380:370:284:215:382:225:106:383:344:554:383:336:384:309:200:296:386:360:524:129:207:359:200:379:244:387:319:333:200:258:388:342:389:213:380:329:42:356:389:382:16:390:310:366:388:390:347:17:274:346:391:385:306:392:393:386:58:138:304:371:395:395:367:280:291:99:229:357:392:256:397:397:320:376:54:316:398:399:400:393:156:163:402:400:403:350:365:391:399:404:251:290:276:405:0:406:326:404:375:406:130:361:28:403:369:407:385:341:408:291:336:313:410:216:379:372:278:297:322:408:357:18:291:407:413:178:464:399:118:283:380:218:331:377:348:400:386:290:400:253:414:356:416:415:416:53:417:353:110:373:351:418:106:330:420:350:434:173:421:417:262:307:212:382:452:424:553:275:402:425:420:303:308:282:66:161:112:410:283:406:553:325:429:254:302:429:329:393:421:10:432:430:194:357:387:280:397:352:285:208:431:427:432:228:420:258:430:433:434:241:434:405:431:234:433:468:406:432:383:410:437:384:438:383:384:439:198:440:424:425:417:441:415:442:15:307:499:450:120:437:250:47:450:399:185:321:381:405:447:424:448:427:265:441:447:445:444:389:413:446:385:422:408:340:452:247:407:523:374:434:436:439:453:411:454:454:275:340:453:455:471:179:427:237:495:465:293:422:455:456:442:288:287:449:187:403:459:448:448:416:454:459:421:59:392:444:236:164:429:337:424:460:381:464:465:143:81:409:421:442:390:369:465:466:280:467:227:143:93:468:466:447:415:436:469:471:418:439:203:343:455:103:370:414:353:452:168:429:472:440:281:378:470:469:475:468:374:569:476:456:449:314:478:422:479:358:481:568:304:511:478:483:475:476:479:396:484:494:444:281:201:432:486:511:485:99:471:460:165:511:59:398:398:467:489:483:556:445:490:182:433:489:348:490:491:491:484:569:426:303:454:441:328:369:82:494:56:347:495:209:491:170:44:328:419:184:496:418:456:369:306:226:486:209:496:325:409:396:511:419:164:500:514:547:590:250:488:333:488:459:476:500:377:438:390:471:415:466:554:251:519:519:508:509:497:154:494:364:510:510:131:449:368:593:508:119:493:498:181:509:364:262:513:472:514:105:483:426:426:431:357:470:396:64:339:387:397:504:215:364:568:459:497:545:373:530:504:419:519:499:283:451:481:381:545:12:334:351:485:520:523:490:313:497:469:405:525:217:398:238:525:590:90:467:463:43:413:333:481:307:530:319:277:529:188:295:294:464:425:127:524:530:263:46:267:315:498:529:452:277:479:462:530:523:528:80:516:593:504:355:95:537:485:445:467:537:92:539:522:539:499:463:249:581:176:534:255:320:528:532:542:543:544:394:542:543:522:425:516:592:496:394:364:236:513:490:544:427:141:426:532:547:465:513:539:499:262:591:152:293:29:545:534:302:394:281:556:495:340:436:451:483:581:175:553:493:514:379:446:555:372:555:544:493:319:547:456:401:374:489:598:548:534:578:197:556:272:601:601:560:561:473:560:546:265:575:575:261:598:560:166:561:388:475:413:537:458:510:535:462:401:566:540:446:492:458:239:470:323:390:516:458:569:498:541:484:590:360:409:440:389:474:566:519:47:603:462:578:500:145:501:566:474:478:598:450:545:481:580:577:498:214:565:577:437:448:592:278:395:508:569:535:579:580:580:509:540:546:579:548:420:419:211:473:570:270:430:520:488:453:586:517:522:437:428:529:472:165:518:528:582:341:73:445:460:578:565:204:591:577:262:428:591:593:593:367:574:586:574:603:343:594:470:484:540:541:80:396:595:518:594:270:474:532:204:576:594:601:391:188:570:9:106:586:583:517:546:270:251:581:542:306:601:602:300:479:603:565:602:576:491:543:251:586:583:520:501:561:48:431:555:451:579:570:311:486:49:428:575:523:582:433:24
1741,2088,547,0,6363,43:1:2:32:2:4:245:6:7:4:8:63:36:9:10:160:10:12:215:312:12:14:9:8:15:16:20:15:18:19:503:19:81:22:48:7:23:18:14:503:24:4:16:6:25:12:38:26:0:28:131:25:29:29:503:492:45:24:26:31:606:7:60:317:28:33:20:492:23:4:34:32:16:34:312:48:36:312:22:0:37:21:33:492:38:23:39:39:606:171:41:171:42:43:2:38:215:41:33:44:160:20:89:21:75:45:606:49:108:190:10:50:49:44:51:77:34:47:52:51:53:54:55:36:53:32:57:28:48:94:93:42:60:49:61:47:62:120:55:64:65:54:52:62:43:64:93:66:67:1:73:67:68:31:37:69:57:65:70:182:69:22:89:8:60:217:72:56:40:68:29:120:19:74:124:74:65:75:37:43:76:61:77:0:45:78:233:81:72:596:61:80:596:11:82:83:84:56:64:596:70:85:86:85:80:233:86:80:73:87:83:63:69:55:88:89:78:90:88:91:67:91:89:14:70:78:81:88:94:21:95:40:11:31:52:44:55:94:87:95:97:192:40:97:72:21:144:50:136:223:100:101:102:103:82:104:25:103:101:105:106:103:73:107:105:104:108:98:109:108:51:109:39:100:128:15:160:71:107:111:112:113:114:54:159:116:102:126:83:116:94:114:36:107:117:118:68:119:77:71:132:112:58:63:159:121:122:122:119:111:42:90:5:123:113:159:606:124:125:31:118:41:5:124:127:126:128:129:130:29:130:131:122:132:125:133:123:117:133:127:18:126:129:33:34:132:109:19:134:97:135:58:134:137:135:76:109:96:139:127:78:140:141:186:142:84:96:137:130:101:141:142:144:145:136:146:129:91:146:139:27:84:119:147:5:138:121:149:61:147:233:95:192:53:151:123:147:120:125:87:152:153:41:153:145:152:149:100:186:39:154:155:150:50:157:107:156:133:155:223:136:158:154:157:75:158:151:190:142:160:143:146:161:162:163:59:162:161:11:37:143:128:150:140:190:112:167:153:168:169:58:124:169:168:170:11:6:84:131:56:1:172:172:137:156:322:167:536:173:66:174:173:175:174:165:166:17:166:170:536:175:164:66:17:178:536:503:179:180:180:181:181:182:158:183:26:134:184:179:175:185:116:186:186:151:95:187:173:185:164:46:62:139:187:189:171:191:150:24:113:93:90:191:179:193:191:134:105:194:110:138:189:183:67:110:195:194:196:197:312:27:132:197:198:195:199:143:74:184:106:98:155:196:200:166:152:192:181:5:57:183:201:141:138:202:200:51:203:391:199:190:205:205:104:206:46:176:207:208:201:168:203:198:243:209:66:6:211:2:111:172:208:211:110:209:411:212:202:213:194:212:117:411:176:193:167:210:206:170:114:201:137:135:168:20:147:122:161:188:169:213:216:144:217:85:153:55:218:219:360:151:146:92:22:221:220:219:221:165:195:222:223:224:180:229:221:163:222:215:174:156:182:184:225:226:227:218:144:150:228:226:155:218:210:230:123:225:136:231:50:74:224:554:231:212:230:197:102:45:77:98:234:234:235:234:236:221:237:238:154:88:236:199:239:118:208:165:237:554:241:240:241:242:308:239:235:62:27:223:219:63:243:133:243:176:230:242:76:108:227:244:226:245:217:246:222:228:247:248:246:145:235:249:224:247:210:249:252:135:225:253:239:248:229:233:250:252:110:249:209:166:97:17:86:231:240:242:254:255:257:216:402:255:258:185:259:256:254:258:257:260:32:261:360:162:263:264:178:265:259:213:263:59:238:266:259:267:211:254:260:248:71:268:252:268:269:244:264:245:272:243:9:57:193:196:273:269:26:267:227:274:275:276:440:276:275:278:290:272:81:273:274:595:163:282:86:71:38:192:268:284:278:285:239:282:116:286:246:247:149:287:274:286:284:220:266:220:139:266:202:384:289:411:265:260:180:92:300:285:169:292:289:279:271:279:293:199:294:284:206:149:287:295:294:296:121:91:40:292:297:273:298:162:299:300:286:524:324:157:295:302:231:303:300:69:283:297:140:271:293:260:219:98:265:304:305:304:261:205:86:279:292:188:308:302:309:298:305:205:237:295:308:287:296:191:310:311:24:198:311:313:189:314:315:142:316:266:250:313:314:317:306:314:92:298:230:299:253:14:303:111:158:318:289:309:257:238:317:320:321:320:113:299:318:317:315:321:198:322:267:60:323:323:323:203:157:324:325:326:140:68:310:316:319:324:214:104:305:325:288:328:329:285:330:244:294:331:331:332:207:332:334:335:336:99:338:334:339:222:339:321:525:335:128:341:171:338:330:329:342:214:229:342:343:335:282:336:188:235:337:72:326:240:344:345:346:347:269:345:341:348:271:382:85:346:350:348:351:351:343:352:241:255:299:342:310:353:344:1:159:354:525:524:23:350:339:189:352:315:355:355:353:96:356:328:335:65:347:464:356:318:358:40:359:354:354:337:83:595:94:199:361:288:449:311:121:365:361:556:359:355:46:366:367:368:332:256:102:264:365:358:366:252:338:370:371:272:206:368:372:438:373:370:374:25:125:297:375:338:376:404:100:263:273:501:371:8:377:378:245:376:375:377:322:373:333:367:368:378:126:372:52:276:376:311:345:379:380:370:284:215:382:225:106:383:344:554:383:336:384:309:200:296:386:360:524:129:207:359:200:290:244:387:319:333:200:258:388:342:389:213:380:329:42:356:389:382:16:390:310:366:388:390:347:17:274:346:391:385:306:392:393:386:58:138:304:371:395:395:367:280:291:99:229:357:392:256:397:397:320:376:54:316:398:399:400:393:156:163:402:400:403:350:365:391:399:404:251:290:276:405:0:406:326:404:375:406:130:361:28:403:369:407:385:341:408:291:336:313:410:216:379:372:278:297:322:408:357:18:291:407:413:178:464:399:118:283:380:218:331:377:348:400:386:290:400:253:414:356:416:415:416:53:417:353:110:373:351:418:106:330:420:350:434:173:421:417:262:307:212:382:379:424:553:275:402:425:420:303:308:282:66:161:112:410:283:406:553:325:429:254:302:429:329:393:421:10:432:430:194:357:387:280:397:352:285:208:431:427:432:228:420:258:430:433:434:241:434:405:431:234:433:468:406:432:383:410:437:384:438:383:384:439:198:440:424:425:417:441:415:442:15:307:499:450:120:437:250:47:450:399:185:321:381:405:447:424:448:427:265:441:447:445:444:389:413:446:385:422:408:340:452:247:407:523:374:434:436:439:453:411:454:454:275:340:453:455:471:179:427:237:495:465:293:422:455:456:442:288:287:449:187:403:459:448:448:416:454:459:421:59:392:444:236:164:429:337:424:460:381:464:465:143:81:409:421:442:390:369:465:466:280:467:227:143:93:468:466:447:415:436:469:471:418:439:203:343:455:103:370:414:353:452:168:429:472:440:281:378:470:469:475:468:374:569:476:456:449:314:478:422:479:358:481:568:304:511:478:483:475:476:479:396:484:494:444:281:201:432:486:511:485:99:471:460:165:511:59:398:398:467:489:483:556:445:490:182:433:489:348:490:491:491:484:569:426:303:454:441:328:369:82:494:56:347:495:209:491:170:44:328:419:184:496:418:456:369:306:226:486:209:496:325:409:396:511:419:164:500:514:547:590:250:488:333:488:459:476:500:377:438:390:471:415:466:554:251:519:519:508:509:497:154:494:364:510:510:131:449:368:593:508:119:493:498:181:509:364:262:513:472:514:105:483:426:426:431:357:470:396:64:339:387:397:504:215:364:568:459:497:545:373:530:504:419:519:499:283:451:481:381:545:12:334:351:485:520:523:490:313:497:469:405:525:217:398:238:525:590:90:467:463:43:413:333:481:307:530:319:277:529:188:295:294:464:425:127:524:530:263:46:267:315:498:529:452:277:479:462:530:523:528:80:516:593:504:355:95:537:485:445:467:537:92:539:522:539:499:463:249:581:176:534:255:320:528:532:542:543:544:394:542:543:522:425:516:592:496:394:364:236:513:490:544:427:141:426:532:547:465:513:539:499:262:591:152:293:29:545:534:302:394:281:556:495:340:436:451:483:581:175:553:493:514:534:446:555:372:555:544:493:319:547:456:401:374:489:598:548:534:578:197:556:272:601:601:560:561:473:560:546:265:575:575:261:598:560:166:561:388:475:413:537:458:510:535:462:401:566:540:446:492:458:239:470:323:390:516:458:569:498:541:484:590:360:409:440:389:474:566:519:47:603:462:578:500:145:501:566:474:478:598:450:545:481:580:577:498:214:565:577:437:448:592:278:395:508:569:535:579:580:580:509:540:546:579:548:420:419:211:473:570:270:430:520:488:453:586:517:522:437:428:529:472:165:518:528:582:341:73:445:460:578:565:204:591:577:262:428:591:593:593:367:574:586:574:603:343:594:470:484:540:541:80:396:595:518:594:270:474:532:204:576:594:601:391:188:570:9:106:586:583:517:546:270:251:581:542:306:601:602:300:479:603:565:602:576:491:543:251:586:583:520:501:561:48:431:555:451:579:570:311:486:49:428:575:523:582:433:24
1743,2089,547,0,6362,43:1:2:32:2:4:245:6:7:4:8:63:36:9:10:160:10:12:215:312:12:14:9:8:15:16:20:15:18:19:503:19:81:22:48:7:23:18:14:503:24:4:16:6:25:12:38:26:0:28:131:25:29:29:503:492:45:24:26:31:606:7:60:317:28:33:20:492:23:4:34:32:16:34:312:48:36:312:22:0:37:21:33:492:38:23:39:39:606:171:41:171:42:43:2:38:215:41:33:44:160:20:89:21:75:45:606:49:108:190:10:50:49:44:51:77:34:47:52:51:53:54:55:36:53:32:57:28:48:94:93:42:60:49:61:47:62:120:55:64:65:54:52:62:43:64:93:66:67:1:73:67:68:31:37:69:57:65:70:182:69:22:89:8:60:217:72:56:40:68:29:120:19:74:124:74:65:75:37:43:76:61:77:0:45:78:233:81:72:596:61:80:596:11:82:83:84:56:64:596:70:85:86:85:80:233:86:80:73:87:83:63:69:55:88:89:78:90:88:91:67:91:89:14:70:78:81:88:94:21:95:40:11:31:52:44:55:94:87:95:97:192:40:97:72:21:144:50:136:223:100:101:102:103:82:104:25:103:101:105:106:103:73:107:105:104:108:98:109:108:51:109:39:100:128:15:160:71:107:111:112:113:114:54:159:116:102:126:83:116:94:114:36:107:117:118:68:119:77:71:132:112:58:63:159:121:122:122:119:111:42:90:5:123:113:159:606:124:125:31:118:41:5:124:127:126:128:129:130:29:130:131:122:132:125:133:123:117:133:127:18:126:129:33:34:132:109:19:134:97:135:58:134:137:135:76:109:96:139:127:78:140:141:186:142:84:96:137:130:101:141:142:144:145:136:146:129:91:146:139:27:84:119:147:5:138:121:149:61:147:233:95:192:53:151:123:147:120:125:87:152:153:41:153:145:152:149:100:186:39:154:155:150:50:157:107:156:133:155:223:136:158:154:157:75:158:151:190:142:160:143:146:161:162:163:59:162:161:11:37:143:128:150:140:190:112:167:153:168:169:58:124:169:168:170:11:6:84:131:56:1:172:172:137:156:322:167:536:173:66:174:173:175:174:165:166:17:166:170:536:175:164:66:17:178:536:503:179:180:180:181:181:182:158:183:26:134:184:179:175:185:116:186:186:151:95:187:173:185:164:46:62:139:187:189:171:191:150:24:113:93:90:191:179:193:191:134:105:194:110:138:189:183:67:110:195:194:196:197:312:27:132:197:198:195:199:143:74:184:106:98:155:196:200:166:152:192:181:5:57:183:201:141:138:202:200:51:203:391:199:190:205:205:104:206:46:176:207:208:201:168:203:198:243:209:66:6:211:2:111:172:208:211:110:209:411:212:202:213:194:212:117:411:176:193:167:210:206:170:114:201:137:135:168:20:147:122:161:188:169:213:216:144:217:85:153:55:218:219:360:151:146:92:22:221:220:219:221:165:195:222:223:224:180:229:221:163:222:215:174:156:182:184:225:226:227:218:144:150:228:226:155:218:210:230:123:225:136:231:50:74:224:554:231:212:230:197:102:45:77:98:234:234:235:234:236:221:237:238:154:88:236:199:239:118:208:165:237:554:241:240:241:242:308:239:235:62:27:223:219:63:243:133:243:176:230:242:76:108:227:244:226:245:217:246:222:228:247:248:246:145:235:249:224:247:210:249:252:135:225:253:239:248:229:233:250:252:110:249:209:166:97:17:86:231:240:242:254:255:257:216:402:255:258:185:259:256:254:258:257:260:32:261:360:162:263:264:178:265:259:213:263:59:238:266:259:267:211:254:260:248:71:268:252:268:269:244:264:245:272:243:9:57:193:196:273:269:26:267:227:274:275:276:440:276:275:278:290:272:81:273:274:595:163:282:86:71:38:192:268:284:278:285:239:282:116:286:246:247:149:287:274:286:284:220:266:220:139:266:202:384:289:411:265:260:180:92:300:285:169:292:289:279:271:279:293:199:294:284:206:149:287:295:294:296:121:91:40:292:297:273:298:162:299:300:286:524:324:157:295:302:231:303:300:69:283:297:140:271:293:260:219:98:265:304:305:304:261:205:86:279:292:188:308:302:309:298:305:205:237:295:308:287:296:191:310:311:24:198:311:313:189:314:315:142:316:266:250:313:314:317:306:314:92:298:230:299:253:14:303:111:158:318:289:309:257:238:317:320:321:320:113:299:318:317:315:321:198:322:267:60:323:323:323:203:157:324:325:326:140:68:310:316:319:324:214:104:305:325:288:328:329:285:330:244:294:331:331:332:207:332:334:335:336:99:338:334:339:222:339:321:525:335:128:341:171:338:330:329:342:214:229:342:343:335:282:336:188:235:337:72:326:240:344:345:346:347:269:345:341:348:271:382:85:346:350:348:351:351:343:352:241:255:299:342:310:353:344:1:159:354:525:524:23:350:339:189:352:315:355:355:353:96:356:328:335:65:347:464:356:318:358:40:359:354:354:337:83:595:94:199:361:288:449:311:121:365:361:556:359:355:46:366:367:368:332:256:102:264:365:358:366:252:338:370:371:272:206:368:372:438:373:370:374:25:125:297:375:338:376:404:100:263:273:501:371:8:377:378:245:376:375:377:322:373:333:367:368:378:126:372:52:276:376:311:345:379:380:370:284:215:382:225:106:383:344:554:383:336:384:309:200:296:386:360:524:129:207:359:200:290:244:387:319:333:200:258:388:342:389:213:380:329:42:356:389:382:16:390:310:366:388:390:347:17:274:346:391:385:306:392:393:386:58:138:304:371:395:395:367:280:291:99:229:357:392:256:397:397:320:376:54:316:398:399:400:393:156:163:402:400:403:350:365:391:399:404:251:290:276:405:0:406:326:404:375:406:130:361:28:403:369:407:385:341:408:291:336:313:410:216:379:372:278:297:322:408:357:18:291:407:413:178:464:399:118:283:380:218:331:377:348:400:386:290:400:253:414:356:416:415:416:53:417:353:110:373:351:418:106:330:420:350:434:173:421:417:262:307:212:382:379:424:553:275:402:425:420:303:308:282:66:161:112:410:283:406:553:325:429:254:302:429:329:393:421:10:432:430:194:357:387:280:397:352:285:208:431:427:432:228:420:258:430:433:434:241:434:405:431:234:433:468:406:432:383:410:437:384:438:383:384:439:198:440:424:425:417:441:415:442:15:307:499:450:120:437:250:47:450:399:185:321:381:405:447:424:448:427:265:441:447:445:444:389:413:446:385:422:408:340:452:247:407:523:374:434:436:439:453:411:454:454:275:340:453:455:471:179:427:237:495:465:293:422:455:456:442:288:287:449:187:403:459:448:448:416:454:459:421:59:392:444:236:164:429:337:424:460:381:464:465:143:81:409:421:442:390:369:465:466:280:467:227:143:93:468:466:447:415:436:469:471:418:439:203:343:455:103:370:414:353:452:168:429:472:440:281:378:470:469:475:468:374:569:476:456:449:314:478:422:479:358:481:568:304:511:478:483:475:476:479:396:484:494:444:281:201:432:486:511:485:99:471:460:165:511:59:398:398:467:489:483:556:445:490:182:433:489:348:490:491:491:484:569:426:303:454:441:328:369:82:494:56:347:495:209:491:170:44:328:419:184:496:418:456:369:306:226:486:209:496:325:409:396:511:419:164:500:514:547:590:250:488:333:488:459:476:500:377:438:390:471:415:466:554:251:519:519:508:509:497:154:494:364:510:510:131:449:368:593:508:119:493:498:181:509:364:262:513:472:514:105:483:426:426:431:357:470:396:64:339:387:397:504:215:364:568:459:497:545:373:530:504:419:519:499:283:451:481:381:545:12:334:351:485:520:523:490:313:497:469:405:525:217:398:238:525:590:90:467:463:43:413:333:481:307:530:319:277:529:188:295:294:464:425:127:524:530:263:46:267:315:498:529:452:277:479:462:530:523:528:80:516:593:504:355:95:537:485:445:467:537:92:539:522:539:499:463:249:581:176:534:255:320:528:532:542:543:544:394:542:543:522:425:516:592:496:394:364:236:513:490:544:427:141:426:532:547:465:513:539:499:262:591:152:293:29:545:534:302:394:281:556:495:340:436:451:483:581:175:553:493:514:534:446:555:372:555:544:493:319:547:456:401:374:489:598:548:534:578:197:556:272:277:560:444:561:473:560:546:265:575:575:261:598:560:166:561:388:475:413:537:458:510:535:462:401:566:540:446:492:458:239:470:323:390:516:458:569:498:541:484:590:360:409:440:389:474:566:519:47:603:462:578:500:145:501:566:474:478:598:450:545:481:580:577:498:214:565:577:437:448:592:278:395:508:569:535:579:580:580:509:540:546:579:548:420:419:211:473:570:270:430:520:488:453:586:517:522:437:428:529:472:165:518:528:582:341:73:445:460:578:565:204:591:577:262:428:591:593:593:367:574:586:574:603:343:594:470:484:540:541:80:396:595:518:594:270:474:532:204:576:594:601:391:188:570:9:106:586:583:517:546:270:251:581:542:306:601:602:300:479:603:565:602:576:491:543:251:586:583:520:501:561:48:431:555:451:579:570:311:486:49:428:575:523:582:433:24
1803,2169,547,0,6357,43:1:2:32:2:4:187:6:7:4:8:63:36:9:10:160:10:12:215:312:12:14:9:8:15:16:20:15:18:19:503:19:81:22:48:7:23:18:14:503:24:4:16:6:25:12:38:26:0:28:131:25:29:29:503:492:45:24:26:31:606:7:60:317:28:33:20:492:23:4:34:32:16:34:312:48:36:312:22:0:37:21:33:492:38:23:39:39:606:171:41:171:42:43:2:38:215:41:33:44:160:20:89:21:75:45:606:49:108:190:10:50:49:44:51:77:34:47:52:51:53:54:55:36:53:32:57:28:48:94:93:42:60:49:61:47:62:120:55:64:65:54:52:62:43:64:93:66:67:1:73:67:68:31:37:69:57:65:70:182:69:22:89:8:60:217:72:56:40:68:29:120:19:74:124:74:65:75:37:43:76:61:77:0:45:78:233:81:72:596:61:80:596:11:82:83:84:56:64:596:70:85:86:85:80:233:86:80:73:87:83:63:69:55:88:89:78:90:88:91:67:91:89:14:70:78:81:88:94:21:95:40:11:31:52:44:55:94:87:95:97:192:40:97:72:21:144:50:136:223:100:101:102:103:82:104:25:103:101:105:106:103:73:107:105:104:108:98:109:108:51:109:39:100:128:15:160:71:107:111:112:113:114:54:159:116:102:126:83:116:94:114:36:107:117:118:68:119:77:71:132:112:58:63:159:121:122:122:119:111:42:90:5:123:113:159:606:124:125:31:118:41:5:124:127:126:128:129:130:29:130:131:122:132:125:133:123:117:133:127:18:126:129:33:34:132:109:19:134:97:135:58:134:137:135:76:109:96:139:127:78:140:141:186:142:84:96:137:130:101:141:142:144:145:136:146:129:91:146:139:27:84:119:147:5:138:121:149:61:147:233:95:192:53:151:123:147:120:125:87:152:153:41:153:145:152:149:100:186:39:154:155:150:50:157:107:156:133:155:223:136:158:154:157:75:158:151:190:142:160:143:146:161:162:163:59:162:161:11:37:143:128:150:140:190:112:167:153:168:169:58:124:169:168:170:11:6:84:131:56:1:172:172:137:156:322:167:536:173:66:174:173:175:174:165:166:17:166:170:536:175:164:66:17:178:536:503:179:180:180:181:181:182:158:183:26:134:184:179:175:185:116:186:186:151:95:187:173:185:164:46:62:139:187:189:171:191:150:24:113:93:90:191:179:193:191:134:105:194:110:138:189:183:67:110:195:194:196:197:312:27:132:197:198:195:199:143:74:184:106:98:155:196:200:166:152:192:181:5:57:183:201:141:138:202:200:51:203:253:199:190:205:205:104:206:46:176:207:208:201:168:203:198:243:209:66:6:211:2:111:172:208:211:110:209:411:212:202:213:194:212:117:411:176:193:167:210:206:170:114:201:137:135:168:20:147:122:161:188:169:213:216:144:217:85:153:55:218:219:360:151:146:92:22:221:220:219:221:165:195:222:223:224:180:229:221:163:222:215:174:156:182:184:225:226:227:218:144:150:228:226:155:218:210:230:123:225:136:231:50:74:224:554:231:212:230:197:102:45:77:98:234:234:235:234:236:221:237:238:154:88:236:199:239:118:208:165:237:554:241:240:241:242:308:239:235:62:27:223:219:63:243:133:243:176:230:242:76:108:227:244:226:245:217:246:222:228:247:248:246:145:235:249:224:247:210:249:252:135:225:316:239:248:229:233:250:252:110:249:209:166:97:17:86:231:240:242:254:255:257:216:402:255:258:185:259:256:254:258:257:260:32:261:360:162:263:264:178:265:259:213:263:59:238:266:259:267:211:254:260:248:71:268:252:268:269:244:264:245:272:243:9:57:193:196:273:269:26:267:227:274:275:276:440:276:275:278:290:272:81:273:274:595:163:282:86:71:38:192:268:284:278:285:239:282:116:286:246:247:149:287:274:286:284:220:266:220:139:266:202:384:289:411:265:260:180:92:300:285:169:292:289:279:271:279:293:199:294:284:206:149:287:295:294:296:121:91:40:292:297:273:298:162:299:300:286:524:324:157:295:302:231:303:300:69:283:297:140:271:293:260:219:98:265:304:305:304:261:205:86:279:292:188:308:302:309:298:305:205:237:295:308:287:296:191:310:311:24:198:311:313:189:314:315:142:316:266:250:313:314:317:306:314:92:298:230:299:253:14:303:111:158:318:289:309:257:238:317:320:321:320:113:299:318:317:315:321:198:322:267:60:323:323:323:203:157:324:325:326:140:68:310:316:319:324:214:104:305:325:288:328:329:285:330:244:294:331:331:332:207:332:334:335:336:99:338:334:339:222:339:321:525:335:128:341:171:338:330:329:342:214:229:342:343:335:282:336:188:235:337:72:326:240:344:345:346:347:269:345:341:348:271:382:85:346:350:348:351:351:343:352:241:255:299:342:310:353:344:1:159:354:525:524:23:350:339:189:352:315:355:355:353:96:356:328:335:65:347:464:356:318:358:40:359:354:354:337:83:595:94:199:361:288:449:311:121:365:361:556:359:355:46:366:367:368:332:256:102:264:365:358:366:252:338:370:371:272:206:368:372:438:373:370:374:25:125:297:375:338:376:404:100:263:273:501:371:8:377:378:245:376:375:377:322:373:333:367:368:378:126:372:52:276:376:311:345:379:380:370:284:215:382:225:106:383:344:554:383:336:384:309:200:296:386:360:524:129:207:359:200:290:244:387:319:333:200:258:388:342:389:213:380:329:42:356:389:382:16:390:310:366:388:390:347:17:274:346:391:385:306:392:393:386:58:138:304:371:395:395:367:280:291:99:229:357:392:256:397:397:320:376:54:245:398:399:400:393:156:163:402:400:403:350:365:391:399:404:251:290:276:405:0:406:326:404:375:406:130:361:28:403:369:407:385:341:408:291:336:313:410:216:379:372:278:297:322:408:357:18:291:407:413:178:464:399:118:283:380:218:331:377:348:400:386:290:400:253:414:356:416:415:416:53:417:353:110:373:351:418:106:330:420:350:434:173:421:417:262:307:212:382:379:424:553:275:402:425:420:303:308:282:66:161:112:410:283:406:553:325:429:254:302:429:329:393:421:10:432:430:194:357:387:280:397:352:285:208:431:427:432:228:420:258:430:433:434:241:434:405:431:234:433:468:406:432:383:410:437:384:438:383:384:439:198:440:424:425:417:441:415:442:15:307:499:450:120:437:250:47:450:399:185:321:381:405:447:424:448:427:265:441:447:445:444:389:413:446:385:422:408:340:452:247:407:523:374:434:436:439:453:411:454:454:275:340:453:455:471:179:427:237:495:465:293:422:455:456:442:288:287:449:253:403:459:448:448:416:454:459:421:59:392:444:236:164:429:337:424:460:381:464:465:143:81:409:421:442:390:369:465:466:280:467:227:143:93:468:466:447:415:436:469:471:418:439:203:343:455:103:370:414:353:452:168:429:472:440:281:378:470:469:475:468:374:569:476:456:449:314:478:422:479:358:481:568:304:511:478:483:475:476:479:396:484:494:444:281:201:432:486:511:485:99:471:460:165:511:59:398:398:467:489:483:556:445:490:182:433:489:348:490:491:491:484:569:426:303:454:441:328:369:82:494:56:347:495:209:491:170:44:328:419:184:496:418:456:369:306:226:486:209:496:325:409:396:511:419:164:500:514:547:590:250:488:333:488:459:476:500:377:438:390:471:415:466:554:251:519:519:508:509:497:154:494:364:510:510:131:449:368:593:508:119:493:498:181:509:364:262:513:472:514:105:483:426:426:431:357:470:396:64:339:387:397:504:215:364:568:459:497:545:373:530:504:419:519:499:283:451:481:381:545:12:334:351:485:520:523:490:313:497:469:405:525:217:398:238:525:590:90:467:463:43:413:333:481:307:530:319:277:529:188:295:294:464:425:127:524:530:263:46:267:315:498:529:452:277:479:462:530:523:528:80:516:593:504:355:95:537:485:445:467:537:92:539:522:539:499:463:249:581:176:534:255:320:528:532:542:543:544:394:542:543:522:425:516:592:496:394:364:236:513:490:544:427:141:426:532:547:465:513:539:499:262:591:152:293:29:545:534:302:394:281:556:495:340:436:451:483:581:175:553:493:514:534:446:555:372:555:544:493:319:547:456:401:374:489:598:548:534:578:197:556:272:277:560:444:561:473:560:546:265:575:575:261:598:560:166:561:388:475:413:537:458:510:535:462:401:566:540:446:492:458:239:470:323:390:516:458:569:498:541:484:590:360:409:440:389:474:566:519:47:603:462:578:500:145:501:566:474:478:598:450:545:481:580:577:498:214:565:577:437:448:592:278:395:508:569:535:579:580:580:509:540:546:579:548:420:419:211:473:570:270:430:520:488:453:586:517:522:437:428:529:472:165:518:528:582:341:73:445:460:578:565:204:591:577:262:428:591:593:593:367:574:586:574:603:343:594:470:484:540:541:80:396:595:518:594:270:474:532:204:576:594:601:391:188:570:9:106:586:583:517:546:270:251:581:542:306:601:602:300:479:603:565:602:576:491:543:251:586:583:520:501:561:48:431:555:451:579:570:311:486:49:428:575:523:582:433:24
1886,2282,547,0,6356,43:1:2:32:2:4:187:6:7:4:8:63:36:9:10:160:10:12:215:312:12:14:9:8:15:16:20:15:18:19:503:19:81:22:48:7:23:18:14:503:24:4:16:6:25:12:38:26:0:28:131:25:29:29:503:492:45:24:26:31:606:7:60:317:28:33:20:492:23:4:34:32:16:34:312:48:36:312:22:0:37:21:33:492:38:23:39:39:606:171:41:171:42:43:2:38:215:41:33:44:160:20:89:21:75:45:606:49:108:190:10:50:49:44:51:77:34:47:52:51:53:54:55:36:53:32:57:28:48:94:93:42:60:49:61:47:62:120:55:64:65:54:52:62:43:64:93:66:67:1:73:67:68:31:37:69:57:65:70:182:69:22:89:8:60:217:72:56:40:68:29:120:19:74:124:74:65:75:37:43:76:61:77:0:45:78:233:81:72:596:61:80:596:11:82:83:84:56:64:596:70:85:86:85:80:233:86:80:73:87:83:63:69:55:88:89:78:90:88:91:67:91:89:14:70:78:81:88:94:21:95:40:11:31:52:44:55:94:87:95:97:192:40:97:72:21:144:50:136:223:100:101:102:103:82:104:25:103:101:105:106:103:73:107:105:104:108:98:109:108:51:109:39:100:128:15:160:71:107:111:112:113:114:54:159:116:102:126:83:116:94:114:36:107:117:118:68:119:77:71:132:112:58:63:159:121:122:122:119:111:42:90:5:123:113:159:606:124:125:31:118:41:5:124:127:126:128:129:130:29:130:131:122:132:125:133:123:117:133:127:18:126:129:33:34:132:109:19:134:97:135:58:134:137:135:76:109:96:139:127:78:140:141:186:142:84:96:137:130:101:141:142:144:145:136:146:129:91:146:139:27:84:119:147:5:138:121:149:61:147:233:95:192:53:151:123:147:120:125:87:152:153:41:153:145:152:149:100:186:39:154:155:150:50:157:107:156:133:155:223:136:158:154:157:75:158:151:190:142:160:143:146:161:162:163:59:162:161:11:37:143:128:150:140:190:112:167:153:168:169:58:124:169:168:170:11:6:84:131:56:1:172:172:137:156:322:167:536:173:66:174:173:175:174:165:166:17:166:170:536:175:164:66:17:178:536:503:179:180:180:181:181:182:158:183:26:134:184:179:175:185:116:186:186:151:95:187:173:185:164:46:62:139:187:189:171:191:150:24:113:93:90:191:179:193:191:134:105:194:110:138:189:183:67:110:195:194:196:197:312:27:132:197:198:195:199:143:74:184:106:98:155:196:200:166:152:192:181:5:57:183:201:141:138:202:200:51:203:253:199:190:205:205:104:206:46:176:207:208:201:168:203:198:243:209:66:6:211:2:111:172:208:211:110:209:411:212:202:213:194:212:117:411:176:193:167:210:206:170:114:201:137:135:168:20:147:122:161:188:169:213:216:144:217:85:153:55:218:219:360:151:146:92:22:221:220:219:221:165:195:222:223:224:180:229:221:163:222:215:174:156:182:184:225:226:227:218:144:150:228:226:155:218:210:230:123:225:136:231:50:74:224:554:231:212:230:197:102:45:77:98:234:234:235:234:236:221:237:238:154:88:236:199:239:118:208:165:237:554:241:240:241:242:308:239:235:62:27:223:219:63:243:133:243:176:230:242:76:108:227:244:226:245:217:246:222:228:247:248:246:145:235:249:224:247:210:249:252:135:225:316:239:248:229:233:250:252:110:249:209:166:97:17:86:231:240:242:254:255:257:216:402:255:258:185:259:256:254:258:257:260:32:261:360:162:263:264:178:265:259:213:263:59:238:266:259:267:211:254:260:248:71:268:252:268:269:244:264:245:272:243:9:57:193:196:273:269:26:267:227:274:275:276:440:276:275:278:290:272:81:273:274:595:163:282:86:71:38:192:268:284:278:285:239:282:116:286:246:247:149:287:274:286:284:220:266:220:139:266:202:384:289:411:265:260:180:92:300:285:169:292:289:279:271:279:293:199:294:284:206:149:287:295:294:296:121:91:40:292:297:273:298:162:299:300:286:524:324:157:295:302:231:303:300:69:283:297:140:271:293:260:219:98:265:304:305:304:261:205:86:279:292:188:308:302:309:298:305:205:237:295:308:287:296:191:310:311:24:198:311:313:189:314:315:142:316:266:250:313:314:317:306:314:92:298:230:299:253:14:303:111:158:318:289:309:257:238:317:320:321:320:113:299:318:317:315:321:198:322:267:60:323:323:323:203:157:324:325:326:140:68:310:316:319:324:214:104:305:325:288:328:329:285:330:244:294:331:331:332:207:332:334:335:336:99:338:334:339:222:339:321:525:335:128:341:171:338:330:329:342:214:229:342:343:335:282:336:188:235:337:72:326:240:344:345:346:347:269:345:341:348:271:382:85:346:350:348:351:351:343:352:241:255:299:342:310:353:344:1:159:354:525:524:23:350:339:189:352:315:355:355:353:96:356:328:335:65:347:464:356:318:358:40:359:354:354:337:83:595:94:199:361:288:449:311:121:365:361:556:359:355:46:366:367:368:332:256:102:264:365:358:366:252:338:370:371:272:206:368:372:438:373:370:374:25:125:297:375:338:376:404:100:263:273:501:371:8:377:378:245:376:375:377:322:373:333:367:368:378:126:372:52:276:376:311:345:379:380:370:284:215:382:225:106:383:344:554:383:336:384:309:200:296:386:360:524:129:207:359:200:290:244:387:319:333:200:258:388:342:389:213:380:329:42:356:389:382:16:390:310:366:388:390:347:17:274:346:391:385:306:392:393:386:58:138:304:371:395:395:367:280:291:99:229:357:392:256:397:397:320:376:54:245:398:399:400:393:156:163:402:400:403:350:365:391:399:404:251:290:276:405:0:406:326:404:375:406:130:361:28:403:369:407:385:341:408:291:336:313:410:216:379:372:278:297:322:408:357:18:291:407:413:178:464:399:118:283:380:218:331:377:348:400:386:414:400:253:414:356:416:415:416:53:417:353:110:373:351:418:106:330:420:350:434:173:421:417:262:307:212:382:379:424:553:275:402:425:420:303:308:282:66:161:112:410:283:406:553:325:429:254:302:429:329:393:421:10:432:430:194:357:387:280:397:352:285:208:431:427:432:228:420:258:430:433:434:241:434:405:431:234:433:468:406:432:383:410:437:384:438:383:384:439:198:440:424:425:417:441:415:442:15:307:499:450:120:437:250:47:450:399:185:321:381:405:447:424:448:427:265:441:447:445:444:389:413:446:385:422:408:340:452:247:407:523:374:434:436:439:453:411:454:454:275:340:453:455:471:179:427:237:495:465:293:422:455:456:442:288:287:449:253:403:459:448:448:416:454:459:421:59:392:444:236:164:429:337:424:460:381:464:465:143:81:409:421:442:390:369:465:466:280:467:227:143:93:468:466:447:415:436:469:471:418:439:203:343:455:103:370:414:353:452:168:429:472:440:281:378:470:469:475:468:374:569:476:456:449:314:478:422:479:358:481:568:304:511:478:483:475:476:479:396:484:494:444:281:201:432:486:511:485:99:471:460:165:511:59:398:398:467:489:483:556:445:490:182:433:489:348:490:491:491:484:569:426:303:454:441:328:369:82:494:56:347:495:209:491:170:44:328:419:184:496:418:456:369:306:226:486:209:496:325:409:396:511:419:164:500:514:547:590:250:488:333:488:459:476:500:377:438:390:471:415:466:554:251:519:519:508:509:497:154:494:364:510:510:131:449:368:593:508:119:493:498:181:509:364:262:513:472:514:105:483:426:426:431:357:470:396:64:339:387:397:504:215:364:568:459:497:545:373:530:504:419:519:499:283:451:481:381:545:12:334:351:485:520:523:490:313:497:469:405:525:217:398:238:525:590:90:467:463:43:413:333:481:307:530:319:290:529:188:295:294:464:425:127:524:530:263:46:267:315:498:529:452:277:479:462:530:523:528:80:516:593:504:355:95:537:485:445:467:537:92:539:522:539:499:463:249:581:176:534:255:320:528:532:542:543:544:394:542:543:522:425:516:592:496:394:364:236:513:490:544:427:141:426:532:547:465:513:539:499:262:591:152:293:29:545:534:302:394:281:556:495:340:436:451:483:581:175:553:493:514:534:446:555:372:555:544:493:319:547:456:401:374:489:598:548:534:578:197:556:272:277:560:444:561:473:560:546:265:575:575:261:598:560:166:561:388:475:413:537:458:510:535:462:401:566:540:446:492:458:239:470:323:390:516:458:569:498:541:484:590:360:409:440:389:474:566:519:47:603:462:578:500:145:501:566:474:478:598:450:545:481:580:577:498:214:565:577:437:448:592:278:395:508:569:535:579:580:580:509:540:546:579:548:420:419:211:473:570:270:430:520:488:453:586:517:522:437:428:529:472:165:518:528:582:341:73:445:460:578:565:204:591:577:262:428:591:593:593:367:574:586:574:603:343:594:470:484:540:541:80:396:595:518:594:270:474:532:204:576:594:601:391:188:570:9:106:586:583:517:546:270:251:581:542:306:601:602:300:479:603:565:602:576:491:543:251:586:583:520:501:561:48:431:555:451:579:570:311:486:49:428:575:523:582:433:24
1922,2329,547,0,6355,43:1:2:32:2:4:187:6:7:4:8:63:36:9:10:160:10:12:215:312:12:14:9:8:15:16:20:15:18:19:503:19:81:22:48:7:23:18:14:503:24:4:16:6:25:12:38:26:0:28:131:25:29:29:503:492:45:24:26:31:606:7:60:317:28:33:20:492:23:4:34:32:16:34:312:48:36:312:22:0:37:21:33:492:38:23:39:39:606:171:41:171:42:43:2:38:215:41:33:44:160:20:89:21:75:45:606:49:108:190:10:50:49:44:51:77:34:47:52:51:53:54:55:36:53:32:57:28:48:94:93:42:60:49:61:47:62:120:55:64:65:54:52:62:43:64:93:66:67:1:73:67:68:31:37:69:57:65:70:182:69:22:89:8:60:217:72:56:40:68:29:120:19:74:124:74:65:75:37:43:76:61:77:0:45:78:233:81:72:596:61:80:596:11:82:83:84:56:64:596:70:85:86:85:80:233:86:80:73:87:83:63:69:55:88:89:78:90:88:91:67:91:89:14:70:78:81:88:94:21:95:40:11:31:52:44:55:94:87:95:97:192:40:97:72:21:144:50:136:223:100:101:102:103:82:104:25:103:101:105:106:103:73:107:105:104:108:98:109:108:51:109:39:100:128:15:160:71:107:111:112:113:114:54:159:116:102:126:83:116:94:114:36:107:117:118:68:119:77:71:132:112:58:63:159:121:122:122:119:111:42:90:5:123:113:159:606:124:125:31:118:41:5:124:127:126:128:129:130:29:130:131:122:132:125:133:123:117:133:127:18:126:129:33:34:132:109:19:134:97:135:58:134:137:135:76:109:96:139:127:78:140:141:186:142:84:96:137:130:101:141:142:144:145:136:146:129:91:146:139:27:84:119:147:5:138:121:149:61:147:233:95:192:53:151:123:147:120:125:87:152:153:41:153:145:152:149:100:186:39:154:155:150:50:157:107:156:133:155:223:136:158:154:157:75:158:151:190:142:160:143:146:161:162:163:59:162:161:11:37:143:128:150:140:190:112:167:153:168:169:58:124:169:168:170:11:6:84:131:56:1:172:172:137:156:322:167:536:173:66:174:173:175:174:165:166:17:166:170:536:175:164:66:17:178:536:503:179:180:180:181:181:182:158:183:26:134:184:179:175:185:116:186:186:151:95:187:173:185:164:46:62:139:187:189:171:191:150:24:113:93:90:191:179:193:191:134:105:194:110:138:189:183:67:110:195:194:196:197:312:27:132:197:198:195:199:143:74:184:106:98:155:196:200:166:152:192:181:5:57:183:201:141:138:202:200:51:203:253:199:190:205:205:104:206:46:176:207:208:201:168:203:198:243:209:66:6:211:2:111:172:208:211:110:209:411:212:202:213:194:212:117:411:176:193:167:210:206:170:114:201:137:135:168:20:147:122:161:188:169:213:216:144:217:85:153:55:218:219:360:151:146:92:22:221:220:219:221:165:195:222:223:224:180:229:221:163:222:215:174:156:182:184:225:226:227:218:144:150:228:226:155:218:210:230:123:225:136:231:50:74:224:554:231:212:230:197:102:45:77:98:234:234:235:234:236:221:237:238:154:88:236:199:239:118:208:165:237:554:241:240:241:242:308:239:235:62:27:223:219:63:243:133:243:176:230:242:76:108:227:244:226:245:217:246:222:228:247:248:246:145:235:249:224:247:210:249:252:135:225:316:239:248:229:233:250:252:110:249:209:166:97:17:86:231:240:242:254:255:257:216:402:255:258:185:259:256:254:258:257:260:32:261:360:162:263:264:178:265:259:213:263:59:238:266:259:267:211:254:260:248:71:268:252:268:269:244:264:245:272:243:9:57:193:196:273:269:26:267:227:274:275:276:440:276:275:278:290:272:81:273:274:595:163:282:86:71:38:192:268:284:278:285:239:282:116:286:246:247:149:287:274:286:284:220:266:220:139:266:202:384:289:411:265:260:180:92:300:285:169:292:289:279:271:279:293:199:294:284:206:149:287:295:294:296:121:91:40:292:297:273:298:162:299:300:286:524:324:157:295:302:231:303:300:69:283:297:140:271:293:260:219:98:265:304:305:304:261:205:86:279:292:188:308:302:309:298:305:205:237:295:308:287:296:191:310:311:24:198:311:313:189:314:315:142:316:266:250:313:314:317:306:314:92:298:230:299:253:14:303:111:158:318:289:309:257:238:317:320:321:320:113:299:318:317:315:321:198:322:267:60:323:323:323:203:157:324:325:326:140:68:310:316:319:324:214:104:305:325:288:328:329:285:330:244:294:331:331:332:207:332:334:337:336:99:338:334:339:222:339:321:525:335:128:341:171:338:330:329:342:214:229:342:343:335:282:336:188:235:337:72:326:240:344:345:346:347:269:345:341:348:271:382:85:346:350:348:351:351:343:352:241:255:299:342:310:353:344:1:159:354:525:524:23:350:339:189:352:315:355:355:353:96:356:328:335:65:347:464:356:318:358:40:359:354:354:324:83:595:94:199:361:288:449:311:121:365:361:556:359:355:46:366:367:368:332:256:102:264:365:358:366:252:338:370:371:272:206:368:372:438:373:370:374:25:125:297:375:338:376:404:100:263:273:501:371:8:377:378:245:376:375:377:322:373:333:367:368:378:126:372:52:276:376:311:345:379:380:370:284:215:382:225:106:383:344:554:383:336:384:309:200:296:386:360:524:129:207:359:200:290:244:387:319:333:200:258:388:342:389:213:380:329:42:356:389:382:16:390:310:366:388:390:347:17:274:346:391:385:306:392:393:386:58:138:304:371:395:395:367:280:291:99:229:357:392:256:397:397:320:376:54:245:398:399:400:393:156:163:402:400:403:350:365:391:399:404:251:290:276:405:0:406:326:404:375:406:130:361:28:403:369:407:385:341:408:291:336:313:410:216:379:372:278:297:322:408:357:18:291:407:413:178:464:399:118:283:380:218:331:377:348:400:386:414:400:253:414:356:416:415:416:53:417:353:110:373:351:418:106:330:420:350:434:173:421:417:262:307:212:382:379:424:553:275:402:425:420:303:308:282:66:161:112:410:283:406:553:325:429:254:302:429:329:393:421:10:432:430:194:357:387:280:397:352:285:208:431:427:432:228:420:258:430:433:434:241:434:405:431:234:433:468:406:432:383:410:437:384:438:383:384:439:198:440:424:425:417:441:415:442:15:307:499:450:120:437:250:47:450:399:185:321:381:405:447:424:448:427:265:441:447:445:444:389:413:446:385:422:408:340:452:247:407:523:374:434:436:439:453:411:454:454:275:340:453:455:471:179:427:237:495:465:293:422:455:456:442:288:287:449:253:403:459:448:448:416:454:459:421:59:392:444:236:164:429:463:424:460:381:464:465:143:81:409:421:442:390:369:465:466:280:467:227:143:93:468:466:463:415:436:469:471:418:439:203:343:455:103:370:414:353:452:168:429:472:440:281:378:470:469:475:468:374:569:476:456:449:314:478:422:479:358:481:568:304:511:478:483:475:476:479:396:335:494:444:281:201:432:486:511:485:99:471:460:165:511:59:398:398:467:489:483:556:445:490:182:433:489:348:490:491:491:447:569:426:303:454:441:328:369:82:494:56:347:495:209:491:170:44:328:419:184:496:418:456:369:306:226:486:209:496:325:409:396:511:419:164:500:514:547:590:250:488:333:488:459:476:500:377:438:390:471:415:466:554:251:519:519:508:509:497:154:494:364:510:510:131:449:368:593:508:119:493:498:181:509:364:262:513:472:514:105:483:426:426:431:357:470:396:64:339:387:397:504:215:364:568:459:497:545:373:530:504:419:519:499:283:451:481:381:545:12:334:351:485:520:523:490:313:497:469:405:525:217:398:238:525:590:90:467:463:43:413:333:481:307:530:319:290:529:188:295:294:464:425:127:524:530:263:46:267:315:498:529:452:277:479:462:530:523:528:80:516:593:504:355:95:537:485:445:467:537:92:539:522:539:499:96:249:581:176:534:255:320:528:532:542:543:544:394:542:543:522:425:516:592:496:394:364:236:513:490:544:427:141:426:532:547:465:513:539:499:262:591:152:293:29:545:534:302:394:281:556:495:340:436:451:483:581:175:553:493:514:534:446:555:372:555:544:493:319:547:456:401:374:489:598:548:534:578:197:556:272:277:560:444:561:473:560:546:265:575:575:261:598:560:166:561:388:475:413:537:458:510:535:462:401:566:540:446:492:458:239:470:323:390:516:458:569:498:541:484:590:360:409:440:389:474:566:519:47:603:462:578:500:145:501:566:474:478:598:450:545:481:580:577:498:214:565:577:437:448:592:278:395:508:569:535:579:580:580:509:540:546:579:548:420:419:211:473:570:270:430:520:488:453:586:517:522:437:428:529:472:165:518:528:582:341:73:445:460:578:565:204:591:577:262:428:591:593:593:367:574:586:574:603:343:594:470:484:540:541:80:396:595:518:594:270:474:532:204:576:594:601:391:188:570:9:106:586:583:517:546:270:251:581:542:306:601:602:300:479:603:565:602:576:491:543:251:586:583:520:501:561:48:431:555:451:579:570:311:486:49:428:575:523:582:433:24
1926,2333,547,0,6353,43:1:2:32:2:4:187:6:7:4:8:63:36:9:10:160:10:12:215:312:12:14:9:8:15:16:20:15:18:19:503:19:81:22:48:7:23:18:14:503:24:4:16:6:25:12:38:26:0:28:131:25:29:29:503:492:45:24:26:31:606:7:60:317:28:33:20:492:23:4:34:32:16:34:312:48:36:312:22:0:37:21:33:492:38:23:39:39:606:171:41:171:42:43:2:38:215:41:33:44:160:20:89:21:75:45:606:49:108:190:10:50:49:44:51:77:34:47:52:51:53:54:55:36:53:32:57:28:48:94:93:42:60:49:61:47:62:120:55:64:65:54:52:62:43:64:93:66:67:1:73:67:68:31:37:69:57:65:70:182:69:22:89:8:60:217:72:56:40:68:29:120:19:74:124:74:65:75:37:43:76:61:77:0:45:78:233:81:72:596:61:80:596:11:82:83:84:56:64:596:70:85:86:85:80:233:86:80:73:87:83:63:69:55:88:89:78:90:88:91:67:91:89:14:70:78:81:88:94:21:95:40:11:31:52:44:55:94:87:95:97:192:40:97:72:21:144:50:136:223:100:101:102:103:82:104:25:103:101:105:106:103:73:107:105:104:108:98:109:108:51:109:39:100:128:15:160:71:107:111:112:113:114:54:159:116:102:126:83:116:94:114:36:107:117:118:68:119:77:71:132:112:58:63:159:121:122:122:119:111:42:90:5:123:113:159:606:124:125:31:118:41:5:124:127:126:128:129:130:29:130:131:122:132:125:133:123:117:133:127:18:126:129:33:34:132:109:19:134:97:135:58:134:137:135:76:109:96:139:127:78:140:141:186:142:84:96:137:130:101:141:142:144:145:136:146:129:91:146:139:27:84:119:147:5:138:121:149:61:147:233:95:192:53:151:123:147:120:125:87:152:153:41:153:145:152:149:100:186:39:154:155:150:50:157:107:156:133:155:223:136:158:154:157:75:158:151:190:142:160:143:146:161:162:163:59:162:161:11:37:143:128:150:140:190:112:167:153:168:169:58:124:169:168:170:11:6:84:131:56:1:172:172:137:156:322:167:536:173:66:174:173:175:174:165:166:17:166:170:536:175:164:66:17:178:536:503:179:180:180:181:181:182:158:183:26:134:184:179:175:185:116:186:186:151:95:187:173:185:164:46:62:139:187:189:171:191:150:24:113:93:90:191:179:193:191:134:105:194:110:138:189:183:67:110:195:194:196:197:312:27:132:197:198:195:199:143:74:184:106:98:155:196:200:166:152:192:181:5:57:183:201:141:138:202:200:51:203:253:199:190:205:205:104:206:46:176:207:208:201:168:203:198:243:209:66:6:211:2:111:172:208:211:110:209:411:212:202:213:194:212:117:411:176:193:167:210:206:170:114:201:137:135:168:20:147:122:161:188:169:213:216:144:217:85:153:55:218:219:360:151:146:92:22:221:220:219:221:165:195:222:223:224:180:229:221:163:222:215:174:156:182:184:225:226:227:218:144:150:228:226:155:218:210:230:123:225:136:231:50:74:224:554:231:212:230:197:102:45:77:98:234:234:235:234:236:221:237:238:154:88:236:199:239:118:208:165:237:554:241:240:241:242:308:239:235:62:27:223:219:63:243:133:243:176:230:242:76:108:227:244:226:245:217:246:222:228:247:248:246:145:235:249:224:247:210:249:252:135:225:316:239:248:229:233:250:252:110:249:209:166:97:17:86:231:240:242:254:255:257:216:402:255:258:185:259:256:254:258:257:260:32:261:360:162:263:264:178:265:259:213:263:59:238:266:259:267:211:254:260:248:71:268:252:268:269:244:264:245:272:243:9:57:193:196:273:269:26:267:227:274:275:276:440:276:275:278:290:272:81:273:274:595:163:282:86:71:38:192:268:284:278:285:239:282:116:286:246:247:149:287:274:286:284:220:266:220:139:266:202:384:289:411:265:260:180:92:300:285:169:292:289:279:271:279:293:199:294:284:206:149:287:295:294:296:121:91:40:292:297:273:298:162:299:300:286:524:324:157:295:302:231:303:300:69:283:297:140:271:293:260:219:98:265:304:305:304:261:205:86:279:292:188:308:302:309:298:305:205:237:295:308:287:296:191:310:311:24:198:311:313:189:314:315:142:316:266:250:313:314:317:306:314:92:298:230:299:253:14:303:111:158:318:289:309:257:238:317:320:321:320:113:299:318:317:315:321:198:322:267:60:323:323:323:203:157:324:325:326:140:68:310:316:319:324:214:104:305:325:288:328:329:285:330:244:294:331:331:332:207:332:334:337:336:99:338:334:339:222:339:321:525:335:128:341:171:338:330:329:342:214:229:342:343:335:282:336:188:235:337:72:326:240:344:345:346:347:269:345:341:348:271:382:85:346:350:348:351:351:343:352:241:255:299:342:310:353:344:1:159:354:525:524:23:350:339:189:352:315:355:355:353:96:356:328:335:65:347:464:356:318:358:40:359:354:354:324:83:595:94:199:361:288:449:311:121:365:361:556:359:355:46:366:367:368:332:256:102:264:365:358:366:252:338:370:371:272:206:368:372:438:373:370:337:25:125:297:375:338:376:404:100:263:273:501:371:8:377:378:245:376:375:377:322:373:333:367:368:378:126:372:52:276:376:311:345:379:380:370:284:215:382:225:106:383:344:554:383:336:384:309:200:296:386:360:524:129:207:359:200:290:244:387:319:333:200:258:388:342:389:213:380:329:42:356:389:382:16:390:310:366:388:390:347:17:274:346:391:385:306:392:374:386:58:138:304:371:395:395:367:280:291:99:229:357:392:256:397:397:320:376:54:245:398:399:400:374:156:163:402:400:403:350:365:391:399:404:251:290:276:405:0:406:326:404:375:406:130:361:28:403:369:407:385:341:408:291:336:313:410:216:379:372:278:297:322:408:357:18:291:407:413:178:464:399:118:283:380:218:331:377:348:400:386:414:400:253:414:356:416:415:416:53:417:353:110:373:351:418:106:330:420:350:434:173:421:417:262:307:212:382:379:424:553:275:402:425:420:303:308:282:66:161:112:410:283:406:553:325:429:254:302:429:329:393:421:10:432:430:194:357:387:280:397:352:285:208:431:427:432:228:420:258:430:433:434:241:434:405:431:234:433:468:406:432:383:410:437:384:438:383:384:439:198:440:424:425:417:441:415:442:15:307:499:450:120:437:250:47:450:399:185:321:381:405:447:424:448:427:265:441:447:445:444:389:413:446:385:422:408:340:452:247:407:523:393:434:436:439:453:411:454:454:275:340:453:455:471:179:427:237:495:465:293:422:455:456:442:288:287:449:253:403:459:448:448:416:454:459:421:59:392:444:236:164:429:463:424:460:381:464:465:143:81:409:421:442:390:369:465:466:280:467:227:143:93:468:466:463:415:436:469:471:418:439:203:343:455:103:370:414:353:452:168:429:472:440:281:378:470:469:475:468:393:569:476:456:449:314:478:422:479:358:481:568:304:511:478:483:475:476:479:396:335:494:444:281:201:432:486:511:485:99:471:460:165:511:59:398:398:467:489:483:556:445:490:182:433:489:348:490:491:491:447:569:426:303:454:441:328:369:82:494:56:347:495:209:491:170:44:328:419:184:496:418:456:369:306:226:486:209:496:325:409:396:511:419:164:500:514:547:590:250:488:333:488:459:476:500:377:438:390:471:415:466:554:251:519:519:508:509:497:154:494:364:510:510:131:449:368:593:508:119:493:498:181:509:364:262:513:472:514:105:483:426:426:431:357:470:396:64:339:387:397:504:215:364:568:459:497:545:373:530:504:419:519:499:283:451:481:381:545:12:334:351:485:520:523:490:313:497:469:405:525:217:398:238:525:590:90:467:463:43:413:333:481:307:530:319:290:529:188:295:294:464:425:127:524:530:263:46:267:315:498:529:452:277:479:462:530:523:528:80:516:593:504:355:95:537:485:445:467:537:92:539:522:539:499:96:249:581:176:534:255:320:528:532:542:543:544:394:542:543:522:425:516:592:496:394:364:236:513:490:544:427:141:426:532:547:465:513:539:499:262:591:152:293:29:545:534:302:394:281:556:495:340:436:451:483:581:175:553:493:514:534:446:555:372:555:544:493:319:547:456:401:257:489:598:548:534:578:197:556:272:277:560:444:561:473:560:546:265:575:575:261:598:560:166:561:388:475:413:537:458:510:535:462:401:566:540:446:492:458:239:470:323:390:516:458:569:498:541:484:590:360:409:440:389:474:566:519:47:603:462:578:500:145:501:566:474:478:598:450:545:481:580:577:498:214:565:577:437:448:592:278:395:508:569:535:579:580:580:509:540:546:579:548:420:419:211:473:570:270:430:520:488:453:586:517:522:437:428:529:472:165:518:528:582:341:73:445:460:578:565:204:591:577:262:428:591:593:593:367:574:586:574:603:343:594:470:484:540:541:80:396:595:518:594:270:474:532:204:576:594:601:391:188:570:9:106:586:583:517:546:270:251:581:542:306:601:602:300:479:603:565:602:576:491:543:251:586:583:520:501:561:48:431:555:451:579:570:311:486:49:428:575:523:582:433:24
1944,2356,546,0,6352,43:1:2:32:2:4:187:6:7:4:8:63:36:9:10:160:10:12:215:312:12:14:9:8:15:16:20:15:18:19:503:19:81:22:48:7:23:18:14:503:24:4:16:6:25:12:38:26:0:28:131:25:29:29:503:492:45:24:26:31:606:7:60:317:28:33:20:492:23:4:34:32:16:34:312:48:36:312:22:0:37:21:33:492:38:23:39:39:606:171:41:171:42:43:2:38:215:41:33:44:160:20:89:21:75:45:606:49:108:190:10:50:49:44:51:77:34:47:52:51:53:54:55:36:53:32:57:28:48:94:93:42:60:49:61:47:62:120:55:64:65:54:52:62:43:64:93:66:67:1:73:67:68:31:37:69:57:65:70:182:69:22:89:8:60:217:72:56:40:68:29:120:19:74:124:74:65:75:37:43:76:61:77:0:45:78:233:81:72:596:61:80:596:11:82:83:84:56:64:596:70:85:86:85:80:233:86:80:73:87:83:63:69:55:88:89:78:90:88:91:67:91:89:14:70:78:81:88:94:21:95:40:11:31:52:44:55:94:87:95:97:192:40:97:72:21:144:50:136:223:100:101:102:103:82:104:25:103:101:105:106:103:73:107:105:104:108:98:109:108:51:109:39:100:128:15:160:71:107:111:112:113:114:54:159:116:102:126:83:116:94:114:36:107:117:118:68:119:77:71:132:112:58:63:159:121:122:122:119:111:42:90:5:123:113:159:606:124:125:31:118:41:5:124:127:126:128:129:130:29:130:131:122:132:125:133:123:117:133:127:18:126:129:33:34:132:109:19:134:97:135:58:134:137:135:76:109:96:139:127:78:140:141:186:142:84:96:137:130:101:141:142:144:145:136:146:129:91:146:139:27:84:119:147:5:138:121:149:61:147:233:95:192:53:151:123:147:120:125:87:152:153:41:153:145:152:149:100:186:39:154:155:150:50:157:107:156:133:155:223:136:158:154:157:75:158:151:190:142:160:143:146:161:162:163:59:162:161:11:37:143:128:150:140:190:112:167:153:168:169:58:124:169:168:170:11:6:84:131:56:1:172:172:137:156:322:167:536:173:66:174:173:175:174:165:166:17:166:170:536:175:164:66:17:178:536:503:179:180:180:181:181:182:158:183:26:134:184:179:175:185:116:186:186:151:95:187:173:185:164:46:62:139:187:189:171:191:150:24:113:93:90:191:179:193:191:134:105:194:110:138:189:183:67:110:195:194:196:197:312:27:132:197:198:195:199:143:74:184:106:98:155:196:200:166:152:192:181:5:57:183:201:141:138:202:200:51:203:253:199:190:205:205:104:206:46:176:207:208:201:168:203:198:243:209:66:6:211:2:111:172:208:211:110:209:411:212:202:213:194:212:117:411:176:193:167:210:206:170:114:201:137:135:168:20:147:122:161:188:169:213:216:144:217:85:153:55:218:219:360:151:146:92:22:221:220:219:221:165:195:222:223:224:180:229:221:163:222:215:174:156:182:184:225:226:227:218:144:150:228:226:155:218:210:230:123:225:136:231:50:74:224:554:231:212:230:197:102:45:77:98:234:234:235:234:236:221:237:238:154:88:236:199:239:118:208:165:237:554:241:240:241:242:308:239:235:62:27:223:219:63:243:133:243:176:230:242:76:108:227:244:226:245:217:246:222:228:247:248:246:145:235:249:224:247:210:249:252:135:225:316:239:248:229:233:250:252:110:249:209:166:97:17:86:231:240:242:254:255:257:216:402:255:258:185:259:256:254:258:257:260:32:261:360:162:263:264:178:265:259:213:263:59:238:266:259:267:211:254:260:248:71:268:252:268:269:244:264:245:272:243:9:57:193:196:273:269:26:267:227:274:275:276:440:276:275:278:290:272:81:273:274:595:163:282:86:71:38:192:268:284:278:285:239:282:116:286:246:247:149:287:274:286:284:220:266:220:139:266:202:384:289:411:265:260:180:92:300:285:169:292:289:279:271:279:293:199:294:284:206:149:287:295:294:296:121:91:40:292:297:273:298:162:299:300:286:524:324:157:295:302:231:303:300:69:283:297:140:271:293:260:219:98:265:304:305:304:261:205:86:279:292:188:308:302:309:298:305:205:237:295:308:287:296:191:310:311:24:198:311:313:189:314:315:142:316:266:250:313:314:317:306:314:92:298:230:299:253:14:303:111:158:318:289:309:257:238:317:320:321:320:113:299:318:317:315:321:198:322:267:60:323:323:323:203:157:324:325:326:140:68:310:316:319:324:214:104:305:325:288:328:329:285:330:244:294:331:331:332:207:332:334:337:336:99:338:334:339:222:339:321:525:335:128:341:171:338:330:329:342:214:229:342:343:335:282:336:188:235:337:72:326:240:344:345:346:347:269:345:341:348:271:382:85:346:350:348:351:351:343:352:241:255:299:342:310:353:344:1:159:354:525:524:23:350:339:189:352:315:355:355:353:96:356:328:335:65:347:464:356:318:358:40:359:354:354:324:83:595:94:199:361:288:449:311:121:365:361:556:359:355:46:366:367:368:332:256:102:264:365:358:366:252:338:370:371:272:206:368:372:438:373:370:337:25:125:297:375:338:376:404:100:263:273:501:371:8:377:378:245:376:375:377:322:373:333:367:368:378:126:372:52:276:376:311:345:379:380:370:284:215:382:225:106:383:344:554:383:336:384:309:200:296:386:360:524:129:207:359:200:290:244:387:319:333:200:258:388:342:389:213:380:329:42:356:389:382:16:390:310:366:388:390:347:17:274:346:391:385:306:392:374:386:58:138:304:371:395:395:367:280:291:99:229:357:392:256:397:397:320:376:54:245:398:399:400:374:156:163:402:400:403:350:365:391:399:404:251:290:276:405:0:406:326:404:375:406:130:361:28:403:369:407:385:341:408:291:336:313:410:216:379:372:278:297:322:408:357:18:291:407:413:178:464:399:118:283:380:218:331:377:348:400:386:414:400:253:414:356:416:415:416:53:417:353:110:373:351:418:106:330:420:350:434:173:421:417:262:307:212:382:379:424:553:275:402:425:420:303:308:282:66:161:112:410:283:406:553:325:429:254:302:429:329:393:421:10:432:430:194:357:387:280:397:352:285:208:431:427:432:228:420:258:430:433:434:241:434:405:431:234:433:468:406:432:383:410:437:384:438:383:384:439:198:440:424:425:417:441:415:442:15:307:499:450:120:437:250:47:450:399:185:321:381:405:447:424:448:427:265:441:447:445:444:389:413:446:385:422:408:340:452:247:407:523:393:434:436:439:453:411:454:454:275:340:453:455:471:179:427:237:495:465:293:422:455:456:442:288:287:449:253:403:459:448:448:416:454:459:421:59:392:444:236:164:429:463:424:460:381:464:465:143:81:409:421:442:390:369:465:466:280:467:227:143:93:468:466:463:415:436:469:471:418:439:203:343:455:103:370:414:353:452:168:429:472:440:281:378:470:469:475:468:393:569:476:456:449:314:478:422:479:358:481:568:304:511:478:483:475:476:479:396:335:494:444:281:201:432:486:511:485:99:471:460:165:511:59:398:398:467:489:483:556:445:490:182:433:489:348:490:491:491:447:569:426:303:454:441:328:369:82:494:56:347:495:209:491:170:44:328:419:184:496:418:456:369:306:226:486:209:496:325:409:396:511:419:164:500:514:547:590:250:488:333:488:459:476:500:377:438:390:471:415:466:554:251:519:519:508:509:497:154:494:364:510:510:131:449:368:593:508:119:493:498:181:509:364:262:513:472:514:105:483:426:426:431:357:470:396:64:339:387:397:504:215:364:568:459:497:545:373:530:504:419:519:499:283:451:481:381:545:12:334:351:485:520:523:490:313:497:469:405:525:217:398:238:525:590:90:467:463:43:413:333:481:307:530:319:290:529:188:295:294:464:425:127:524:530:263:46:267:315:498:529:452:277:479:462:530:523:528:80:516:593:504:355:95:537:485:445:467:537:92:539:522:539:499:96:249:581:176:534:255:320:528:532:542:543:544:394:542:543:522:425:516:592:496:394:364:236:513:490:544:427:141:426:532:547:465:513:539:499:262:591:152:293:29:545:534:302:394:281:556:495:340:436:451:483:581:175:553:493:514:534:446:555:372:555:544:493:319:547:456:401:257:489:598:548:534:578:197:556:272:277:560:444:561:473:560:546:265:575:575:261:598:560:166:561:388:475:413:537:458:510:535:462:401:566:540:446:492:458:239:470:323:390:516:458:569:498:541:484:590:360:409:440:389:474:566:519:47:603:462:578:500:145:501:566:474:478:598:450:545:481:580:577:498:214:565:577:437:448:592:278:395:508:569:535:277:580:580:509:540:546:579:548:420:419:211:473:570:270:430:520:488:453:586:517:522:437:428:529:472:165:579:528:582:341:73:445:460:578:565:204:591:577:262:428:591:593:593:367:574:586:574:603:343:594:470:484:540:541:80:396:595:204:594:270:474:532:484:576:594:601:391:188:570:9:106:586:583:517:546:270:251:581:542:306:601:602:300:479:603:565:602:576:491:543:251:586:583:520:501:561:48:431:555:451:579:570:311:486:49:428:575:523:582:433:24
1979,2406,546,0,6351,43:1:2:32:2:4:187:6:7:4:8:63:36:9:10:160:10:12:215:312:12:14:9:8:15:16:20:15:18:19:503:19:81:22:48:7:23:18:14:503:24:4:16:6:25:12:38:26:0:28:131:25:29:29:503:492:45:24:26:31:606:7:60:317:28:33:20:492:23:4:34:32:16:34:312:48:36:312:22:0:37:21:33:492:38:23:39:39:606:171:41:171:42:43:2:38:215:41:33:44:160:20:89:21:75:45:606:49:108:190:10:50:49:44:51:77:34:47:52:51:53:54:55:36:53:32:57:28:48:94:93:42:60:49:61:47:62:120:55:64:65:54:52:62:43:64:93:66:67:1:73:67:68:31:37:69:57:65:70:182:69:22:89:8:60:217:72:56:40:68:29:120:19:74:124:74:65:75:37:43:76:61:77:0:45:78:233:81:72:596:61:80:596:11:82:83:84:56:64:596:70:85:86:85:80:233:86:80:73:87:83:63:69:55:88:89:78:90:88:91:67:91:89:14:70:78:81:88:94:21:95:40:11:31:52:44:55:94:87:95:97:192:40:97:72:21:144:50:136:223:100:101:102:103:82:104:25:103:101:105:106:103:73:107:105:104:108:98:109:108:51:109:39:100:128:15:160:71:107:111:112:113:114:54:159:116:102:126:83:116:94:114:36:107:117:118:68:119:77:71:132:112:58:63:159:121:122:122:119:111:42:90:5:123:113:159:606:124:125:31:118:41:5:124:127:126:128:129:130:29:130:131:122:132:125:133:123:117:133:127:18:126:129:33:34:132:109:19:134:97:135:58:134:137:135:76:109:96:139:127:78:140:141:186:142:84:96:137:130:101:141:142:144:145:136:146:129:91:146:139:27:84:119:147:5:138:121:149:61:147:233:95:192:53:151:123:147:120:125:87:152:153:41:153:145:152:149:100:186:39:154:155:150:50:157:107:156:133:155:223:136:158:154:157:75:158:151:190:142:160:143:146:161:162:163:59:162:161:11:37:143:128:150:140:190:112:167:153:168:169:58:124:169:168:170:11:6:84:131:56:1:172:172:137:156:322:167:536:173:66:174:173:175:174:165:166:17:166:170:536:175:164:66:17:178:536:503:179:180:180:181:181:182:158:183:26:134:184:179:175:185:116:186:186:151:95:187:173:185:164:46:62:139:187:189:171:191:150:24:113:93:90:191:179:193:191:134:105:194:110:138:189:183:67:110:195:194:196:197:312:27:132:197:198:195:199:143:74:184:106:98:155:196:200:166:152:192:181:5:57:183:201:141:138:202:200:51:203:253:199:190:205:205:104:206:46:176:207:208:201:168:203:198:243:209:66:6:211:2:111:172:208:211:110:209:411:212:202:213:194:212:117:411:176:193:167:210:206:170:114:201:137:135:168:20:147:122:161:188:169:213:216:144:217:85:153:55:218:219:360:151:146:92:22:221:220:219:221:165:195:222:223:224:180:229:221:163:222:215:174:156:182:184:225:226:227:218:144:150:228:226:155:218:210:230:123:225:136:231:50:74:224:554:231:212:230:197:102:45:77:98:234:234:235:234:236:221:237:238:154:88:236:199:239:118:208:165:237:554:241:240:241:242:308:239:235:62:27:223:219:63:243:133:243:176:230:242:76:108:227:244:226:245:217:246:222:228:247:248:246:145:235:249:224:247:210:249:252:135:225:316:239:248:229:233:250:252:110:249:209:166:97:17:86:231:240:242:254:255:257:216:402:255:258:185:259:256:254:258:257:260:32:261:360:162:263:264:178:265:259:213:263:59:238:266:259:267:211:254:260:248:71:268:252:268:269:244:264:245:272:243:9:57:193:196:273:269:26:267:227:274:275:276:440:276:275:278:290:272:81:273:274:595:163:282:86:71:38:192:268:284:278:285:239:282:116:286:246:247:149:287:274:286:284:220:266:220:139:266:202:384:289:411:265:260:180:92:300:285:169:292:289:279:271:279:293:199:294:284:206:149:287:295:294:296:121:91:40:292:297:273:298:162:299:300:286:524:324:157:295:302:231:303:300:69:283:297:140:271:293:260:219:98:265:304:305:304:261:205:86:279:292:188:308:302:309:298:305:205:237:295:308:287:296:191:310:311:24:198:311:313:189:314:315:142:316:266:250:313:314:317:306:314:92:298:230:299:253:14:303:111:158:318:289:309:257:238:317:320:321:320:113:299:318:317:315:321:198:322:267:60:323:323:323:203:157:324:325:326:140:68:310:316:319:324:214:104:305:325:288:328:329:285:330:244:294:331:331:332:207:332:334:337:336:99:338:334:339:222:339:321:525:335:128:341:171:338:330:329:342:214:229:342:343:335:282:336:188:235:337:72:326:240:344:345:346:347:269:345:341:348:271:382:85:346:350:348:351:351:343:352:241:255:299:342:310:353:344:1:159:354:525:524:23:350:339:189:352:315:355:355:353:96:356:328:335:65:347:464:356:318:358:40:359:354:354:324:83:595:94:199:361:288:449:311:121:365:361:556:359:355:46:366:367:368:332:256:102:264:365:358:366:252:338:370:371:272:206:368:372:438:373:370:337:25:125:297:375:338:376:404:100:263:273:501:371:8:377:378:245:376:375:377:322:373:333:367:368:378:126:372:52:276:376:311:345:379:380:370:284:215:382:225:106:383:344:554:383:336:384:309:200:296:386:360:524:129:207:359:200:290:244:387:319:333:200:258:388:342:389:213:380:329:42:356:389:382:16:390:310:366:388:390:347:17:274:346:391:385:306:392:374:386:58:138:304:371:395:395:367:280:291:99:229:357:392:256:397:397:320:376:54:245:398:399:400:374:156:163:402:400:403:350:365:391:399:404:251:290:276:405:0:406:326:404:375:406:130:361:28:403:369:407:385:341:408:291:336:313:410:216:379:372:278:297:322:408:357:18:291:407:413:178:464:399:118:283:380:218:331:377:348:400:386:414:400:253:414:356:416:415:416:53:417:353:110:373:351:418:106:330:420:350:434:173:421:417:262:307:212:382:379:424:553:275:402:425:420:303:308:282:66:161:112:410:283:406:553:325:429:254:302:429:329:393:421:10:432:430:194:357:387:280:397:352:285:208:431:427:432:228:420:258:430:433:434:241:434:405:431:234:433:468:406:432:383:410:437:384:438:383:384:439:198:440:424:425:417:441:415:442:15:307:499:450:120:437:250:47:450:399:185:321:381:405:447:424:448:427:265:441:447:445:444:389:413:446:385:422:408:340:452:247:407:523:393:434:436:439:453:411:454:454:275:340:453:455:471:179:427:237:495:465:293:422:455:456:442:288:287:449:253:403:459:448:448:416:454:459:421:59:392:444:236:164:429:463:424:460:381:464:465:143:81:409:421:442:390:369:465:466:280:467:227:143:93:468:466:463:415:436:469:471:418:439:203:343:455:103:370:414:353:452:168:429:472:440:281:378:470:469:475:468:393:569:476:456:449:314:478:422:479:358:481:568:304:511:478:483:475:476:479:396:335:494:444:281:201:432:486:511:27:99:471:460:165:511:59:398:398:467:489:483:556:445:490:182:433:489:348:490:491:491:447:569:426:303:454:441:328:369:82:494:56:347:495:209:491:170:44:328:419:184:496:418:456:369:306:226:486:209:496:325:409:396:511:419:164:500:514:547:590:250:488:333:488:459:476:500:377:438:390:471:415:466:554:251:519:519:508:509:497:154:494:364:510:510:131:449:368:593:508:119:493:498:181:509:364:262:513:472:514:105:483:426:426:431:357:470:396:64:339:387:397:504:215:364:568:459:497:545:373:530:504:419:519:499:283:451:481:381:545:12:334:351:485:520:523:490:313:497:469:405:525:217:398:238:525:590:90:467:463:43:413:333:481:307:530:319:290:529:188:295:294:464:425:127:524:530:263:46:267:315:498:529:452:277:479:462:530:523:528:80:516:593:504:355:95:537:485:445:467:537:92:539:522:539:499:96:249:581:176:534:255:320:528:532:542:543:544:394:542:543:522:425:516:592:496:394:364:236:513:490:544:427:141:426:532:547:465:513:539:499:262:591:152:293:29:545:534:302:394:281:556:495:340:436:451:483:581:175:553:493:514:534:446:555:372:555:544:493:319:547:456:401:257:489:598:548:534:578:197:556:272:277:560:444:561:473:560:546:265:575:575:261:598:560:166:561:388:475:413:537:458:510:535:462:401:566:540:446:492:458:239:470:323:390:516:458:569:498:541:484:590:360:409:440:389:474:566:519:47:603:462:578:500:145:501:566:474:478:598:450:545:481:580:577:498:214:565:577:437:448:592:278:395:508:569:535:277:580:580:509:540:546:579:548:420:419:211:473:570:270:430:520:488:453:586:517:522:437:428:529:472:165:579:528:582:341:73:445:460:578:565:204:591:577:262:428:591:593:593:367:574:586:574:603:343:594:470:484:540:541:80:396:595:204:594:270:474:532:484:576:594:601:391:188:570:9:106:586:583:517:546:270:251:581:542:306:601:602:300:479:603:565:602:576:491:543:251:586:583:520:501:561:48:431:555:451:579:570:311:486:49:428:575:523:582:433:24
1990,2420,546,0,6350,43:1:2:32:2:4:187:6:7:4:8:63:36:9:10:160:10:12:215:312:12:14:9:8:15:16:20:15:18:19:503:19:81:22:48:7:23:18:14:503:24:4:16:6:25:12:38:26:0:28:131:25:29:29:503:492:45:24:26:31:606:7:60:317:28:33:20:492:23:4:34:32:16:34:312:48:36:312:22:0:37:21:33:492:38:23:39:39:606:171:41:171:42:43:2:38:215:41:33:44:160:20:89:21:75:45:606:49:108:190:10:50:49:44:51:77:34:47:52:51:53:54:55:36:53:32:57:28:48:94:93:42:60:49:61:47:62:120:55:64:65:54:52:62:43:64:93:66:67:1:73:67:68:31:37:69:57:65:70:182:69:22:89:8:60:217:72:56:40:68:29:120:19:74:124:74:65:75:37:43:76:61:77:0:45:78:233:81:72:596:61:80:596:11:82:83:84:56:64:596:70:85:86:85:80:233:86:80:73:87:83:63:69:55:88:89:78:90:88:91:67:91:89:14:70:78:81:88:94:21:95:40:11:31:52:44:55:94:87:95:97:192:40:97:72:21:144:50:136:223:100:101:102:103:82:104:25:103:101:105:106:103:73:107:105:104:108:98:109:108:51:109:39:100:128:15:160:71:107:111:112:113:114:54:159:116:102:126:83:116:94:114:36:107:117:118:68:119:77:71:132:112:58:63:159:121:122:122:119:111:42:90:5:123:113:159:606:124:125:31:118:41:5:124:127:126:128:129:130:29:130:131:122:132:125:133:123:117:133:127:18:126:129:33:34:132:109:19:134:97:135:58:134:137:135:76:109:96:139:127:78:140:141:186:142:84:96:137:130:101:141:142:144:145:136:146:129:91:146:139:27:84:119:147:5:138:121:149:61:147:233:95:192:53:151:123:147:120:125:87:152:153:41:153:145:152:149:100:186:39:154:155:150:50:157:107:156:133:155:223:136:158:154:157:75:158:151:190:142:160:143:146:161:162:163:59:162:161:11:37:143:128:150:140:190:112:167:153:168:169:58:124:169:168:170:11:6:84:131:56:1:172:172:137:156:322:167:536:173:66:174:173:175:174:165:166:17:166:170:536:175:164:66:17:178:536:503:179:180:180:181:181:182:158:183:26:134:184:179:175:185:116:186:186:151:95:187:173:185:164:46:62:139:187:189:171:191:150:24:113:93:90:191:179:193:191:134:105:194:110:138:189:183:67:110:195:194:196:197:312:27:132:197:198:195:199:143:74:184:106:98:155:196:200:166:152:192:181:5:57:183:201:141:138:202:200:51:203:253:199:190:205:205:104:206:46:176:207:208:201:168:203:198:243:209:66:6:211:2:111:172:208:211:110:209:411:212:202:213:194:212:117:411:176:193:167:210:206:170:114:201:137:135:168:20:147:122:161:188:169:213:216:144:217:85:153:55:218:219:360:151:146:92:22:221:220:219:221:165:195:222:223:224:180:229:221:163:222:215:174:156:182:184:225:226:227:218:144:150:228:226:155:218:210:230:123:225:136:231:50:74:224:554:231:212:230:197:102:45:77:98:234:234:235:234:236:221:237:238:154:88:236:199:239:118:208:165:237:554:241:240:241:242:308:239:235:62:27:223:219:63:243:133:243:176:230:242:76:108:227:244:226:245:217:246:222:228:247:248:246:145:235:249:224:247:210:249:252:135:225:316:239:248:229:233:250:252:110:249:209:166:97:17:86:231:240:242:254:255:257:216:402:255:258:185:259:256:254:258:257:260:32:261:360:162:263:264:178:265:259:213:263:59:238:266:259:267:211:254:260:248:71:268:252:268:269:244:264:245:272:243:9:57:193:196:273:269:26:267:227:274:275:276:440:276:275:278:290:272:81:273:274:595:163:282:86:71:38:192:268:284:278:285:239:282:116:286:246:247:149:287:274:286:284:220:266:220:139:266:202:384:289:411:265:260:180:92:300:285:169:292:289:279:271:279:293:199:294:284:206:149:287:295:294:296:121:91:40:292:297:273:298:162:299:300:286:524:324:157:295:302:231:303:300:69:283:297:140:271:293:260:219:98:265:304:305:304:261:205:86:279:292:188:308:302:309:298:305:205:237:295:308:287:296:191:310:311:24:198:311:313:189:314:315:142:316:266:250:313:314:317:306:314:92:298:230:299:253:14:303:111:158:318:289:309:257:238:317:320:321:320:113:299:318:317:315:321:198:322:267:60:323:323:323:203:157:324:325:326:140:68:310:316:319:324:214:104:305:325:288:328:329:285:330:244:294:331:331:332:207:332:334:337:336:99:338:334:339:222:339:321:525:335:128:341:171:338:330:329:342:214:229:342:343:335:282:336:188:235:337:72:326:240:344:345:346:347:269:345:341:348:271:382:85:346:350:348:351:351:343:352:241:255:299:342:310:353:344:1:159:354:525:524:23:350:339:189:352:315:355:355:353:96:356:328:335:65:347:464:356:318:358:40:359:354:354:324:83:595:94:199:361:288:449:311:121:365:361:556:359:355:46:366:367:368:332:256:102:264:365:358:366:252:338:370:371:272:206:368:372:438:373:370:337:25:125:297:375:338:376:404:100:263:273:501:371:8:377:378:245:376:375:377:322:373:333:367:368:378:126:372:52:276:376:311:345:379:380:370:284:215:382:225:106:383:344:554:383:336:384:309:200:296:386:360:524:129:207:359:200:290:244:387:319:333:200:258:388:342:389:213:380:329:42:356:389:382:16:390:310:366:388:390:347:17:274:346:391:385:306:392:374:386:58:138:304:371:395:395:367:280:291:99:229:357:392:256:397:397:320:376:54:245:398:399:400:374:156:163:402:400:403:350:365:391:399:404:251:290:276:405:0:406:326:404:375:406:130:361:28:403:369:407:385:341:408:291:336:313:410:216:379:372:278:297:322:408:357:18:291:407:413:178:464:399:118:283:380:218:99:377:348:400:386:414:400:253:414:356:416:415:416:53:417:353:110:373:351:418:106:330:420:350:434:173:421:417:262:307:212:382:379:424:553:275:402:425:420:303:308:282:66:161:112:410:283:406:553:325:429:254:302:429:329:393:421:10:432:430:194:357:387:280:397:352:285:208:431:427:432:228:420:258:430:433:434:241:434:405:431:234:433:468:406:432:383:410:437:384:438:383:384:439:198:440:424:425:417:441:415:442:15:307:499:450:120:437:250:47:450:399:185:321:381:405:447:424:448:427:265:441:447:445:444:389:413:446:385:422:408:340:452:247:407:523:393:434:436:439:453:411:454:454:275:340:453:455:331:179:427:237:495:465:293:422:455:456:442:288:287:449:253:403:459:448:448:416:454:459:421:59:392:444:236:164:429:463:424:460:381:464:465:143:81:409:421:442:390:369:465:466:280:467:227:143:93:468:466:463:415:436:469:391:418:439:203:343:455:103:370:414:353:452:168:429:472:440:281:378:470:469:475:468:393:569:476:456:449:314:478:422:479:358:481:568:304:511:478:483:475:476:479:396:335:494:444:281:201:432:486:511:27:280:471:460:165:511:59:398:398:467:489:483:556:445:490:182:433:489:348:490:491:491:447:569:426:303:454:441:328:369:82:494:56:347:495:209:491:170:44:328:419:184:496:418:456:369:306:226:486:209:496:325:409:396:511:419:164:500:514:547:590:250:488:333:488:459:476:500:377:438:390:471:415:466:554:251:519:519:508:509:497:154:494:364:510:510:131:449:368:593:508:119:493:498:181:509:364:262:513:472:514:105:483:426:426:431:357:470:396:64:339:387:397:504:215:364:568:459:497:545:373:530:504:419:519:499:283:451:481:381:545:12:334:351:485:520:523:490:313:497:469:405:525:217:398:238:525:590:90:467:463:43:413:333:481:307:530:319:290:529:188:295:294:464:425:127:524:530:263:46:267:315:498:529:452:277:479:462:530:523:528:80:516:593:504:355:95:537:485:445:467:537:92:539:522:539:499:96:249:581:176:534:255:320:528:532:542:543:544:394:542:543:522:425:516:592:496:394:364:236:513:490:544:427:141:426:532:547:465:513:539:499:262:591:152:293:29:545:534:302:394:281:556:495:340:436:451:483:581:175:553:493:514:534:446:555:372:555:544:493:319:547:456:401:257:489:598:548:534:578:197:556:272:277:560:444:561:473:560:546:265:575:575:261:598:560:166:561:388:475:413:537:458:510:535:462:401:566:540:446:492:458:239:470:323:390:516:458:569:498:541:484:590:360:409:440:389:474:566:519:47:603:462:578:500:145:501:566:474:478:598:450:545:481:580:577:498:214:565:577:437:448:592:278:395:508:569:535:277:580:580:509:540:546:579:548:420:419:211:473:570:270:430:520:488:453:586:517:522:437:428:529:472:165:579:528:582:341:73:445:460:578:565:204:591:577:262:428:591:593:593:367:574:586:574:603:343:594:470:484:540:541:80:396:595:204:594:270:474:532:484:576:594:601:391:188:570:9:106:586:583:517:546:270:251:581:542:306:601:602:300:479:603:565:602:576:491:543:251:586:583:520:501:561:48:431:555:451:579:570:311:486:49:428:575:523:582:433:24
2033,2476,546,0,6348,43:1:2:32:2:4:187:6:7:4:8:63:36:9:10:160:10:12:215:312:12:14:9:8:15:16:20:15:18:19:503:19:81:22:48:7:23:18:14:503:24:4:16:6:25:12:38:26:0:28:131:25:29:29:503:492:45:24:26:31:606:7:60:317:28:33:20:492:23:4:34:32:16:34:312:48:36:312:22:0:37:21:33:492:38:23:39:39:606:171:41:171:42:43:2:38:215:41:33:44:160:20:89:21:75:45:606:49:108:190:10:50:49:44:51:77:34:47:52:51:53:54:55:36:53:32:57:28:48:94:93:42:60:49:61:47:62:120:55:64:65:54:52:62:43:64:93:66:67:1:73:67:68:31:37:69:57:65:70:182:69:22:89:8:60:217:72:56:40:68:29:120:19:74:124:74:65:75:37:43:76:61:77:0:45:78:233:81:72:596:61:80:596:11:82:83:84:56:64:596:70:85:86:85:80:233:86:80:73:87:83:63:69:55:88:89:78:90:88:91:67:91:89:14:70:78:81:88:94:21:95:40:11:31:52:44:55:94:87:95:97:192:40:97:72:21:144:50:136:223:100:101:102:103:82:104:25:103:101:105:106:103:73:107:105:104:108:98:109:108:51:109:39:100:128:15:160:71:107:111:112:113:114:54:159:116:102:126:83:116:94:114:36:107:117:118:68:119:77:71:132:112:58:63:159:121:122:122:119:111:42:90:5:123:113:159:606:124:125:31:118:41:5:124:127:126:128:129:130:29:130:131:122:132:125:133:123:117:133:127:18:126:129:33:34:132:109:19:134:97:135:58:134:137:135:76:109:96:139:127:78:140:141:186:142:84:96:137:130:101:141:142:144:145:136:146:129:91:146:139:27:84:119:147:5:138:121:149:61:147:233:95:192:53:151:123:147:120:125:87:152:153:41:153:145:152:149:100:186:39:154:155:150:50:157:107:156:133:155:223:136:158:154:157:75:158:151:190:142:160:143:146:161:162:163:59:162:161:11:37:143:128:150:140:190:112:167:153:168:169:58:124:169:168:170:11:6:84:131:56:1:172:172:137:156:322:167:536:173:66:174:173:175:174:165:166:17:166:170:536:175:164:66:17:178:536:503:179:180:180:181:181:182:158:183:26:134:184:179:175:185:116:186:186:151:95:187:173:185:164:46:62:139:187:189:171:191:150:24:113:93:90:191:179:193:191:134:105:194:110:138:189:183:67:110:195:194:196:197:312:27:132:197:198:195:199:143:74:184:106:98:155:196:200:166:152:192:181:5:57:183:201:141:138:202:200:51:203:253:199:190:205:205:104:206:46:176:207:208:201:168:203:198:243:209:66:6:211:2:111:172:208:211:110:209:411:212:202:213:194:212:117:411:176:193:167:210:206:170:114:201:137:135:168:20:147:122:161:188:169:213:216:144:217:85:153:55:218:219:360:151:146:92:22:221:220:219:221:165:195:222:223:224:180:229:221:163:222:215:174:156:182:184:225:226:227:218:144:150:228:226:155:218:210:230:123:225:136:231:50:74:224:554:231:212:230:197:102:45:77:98:234:234:235:234:236:221:237:238:154:88:236:199:239:118:208:165:237:554:241:240:241:242:308:239:235:62:27:223:219:63:243:133:243:176:230:242:76:108:227:244:226:245:217:246:222:228:247:248:246:416:235:249:224:247:210:249:252:135:225:316:239:248:229:233:250:252:110:249:209:166:97:17:86:231:240:242:254:255:257:216:402:255:258:185:259:256:254:258:257:260:32:261:360:162:263:264:178:265:259:213:263:59:238:266:259:267:211:254:260:248:71:268:252:268:269:244:264:245:272:243:9:57:193:196:273:269:26:267:227:274:275:276:440:276:275:278:290:272:81:273:274:595:163:282:86:71:38:192:268:284:278:285:239:282:116:286:246:247:149:287:274:286:284:220:266:220:139:266:202:384:289:411:265:260:180:92:300:285:169:292:289:279:271:279:293:199:294:284:206:149:287:295:294:296:121:91:40:292:297:273:298:162:299:300:286:524:324:157:295:302:231:303:300:69:283:297:140:271:293:260:219:98:265:304:305:304:261:205:86:279:292:188:308:302:309:298:305:205:237:295:308:287:296:191:310:311:24:198:311:313:189:314:315:142:316:266:250:313:314:317:306:314:92:298:230:299:253:14:303:111:158:318:289:309:257:238:317:320:321:320:113:299:318:317:315:321:198:322:267:60:323:323:323:203:157:324:325:326:140:68:310:316:319:324:214:104:305:325:288:328:329:285:330:244:294:331:331:332:207:332:334:337:336:99:338:334:339:222:339:321:525:335:128:341:171:338:330:329:342:214:229:342:343:335:282:336:188:235:337:72:326:240:344:345:346:347:269:345:341:348:271:382:85:346:350:348:351:351:343:352:241:255:299:342:310:353:344:1:159:354:525:524:23:350:339:189:352:315:355:355:353:96:356:328:335:65:347:464:356:318:358:40:359:354:354:324:83:595:94:199:361:288:449:311:121:365:361:556:359:355:46:366:367:368:332:256:102:264:365:358:366:252:338:370:371:272:206:368:372:438:373:370:337:25:125:297:375:338:376:404:100:263:273:145:371:8:377:378:245:376:375:377:322:373:333:367:368:378:126:372:52:276:376:311:345:379:380:370:284:215:382:225:106:383:344:554:383:336:384:309:200:296:386:360:524:129:207:359:200:290:244:387:319:333:200:258:388:342:389:213:380:329:42:356:389:382:16:390:310:366:388:390:347:17:274:346:391:385:306:392:374:386:58:138:304:371:395:395:367:280:291:99:229:357:392:256:397:397:320:376:54:245:398:399:400:374:156:163:402:400:403:350:365:391:399:404:251:290:276:405:0:406:326:404:375:406:130:361:28:403:369:407:385:341:408:291:336:313:410:216:379:372:278:297:322:408:357:18:291:407:413:178:464:399:118:283:380:218:99:377:348:400:386:414:400:253:414:356:416:415:416:53:417:353:110:373:351:418:106:330:420:350:434:173:421:417:262:307:212:382:379:424:553:275:402:425:420:303:308:282:66:161:112:410:283:406:553:325:429:254:302:429:329:393:421:10:432:430:194:357:387:280:397:352:285:208:431:427:432:228:420:258:430:433:434:241:434:405:431:234:433:468:406:432:383:410:437:384:438:383:384:439:198:440:424:425:417:441:415:442:15:307:499:450:120:437:250:47:450:399:185:321:381:405:447:424:448:427:265:441:447:445:444:389:413:446:385:422:408:340:452:247:407:523:393:434:436:439:453:411:454:454:275:340:453:455:331:179:427:237:495:465:293:422:455:456:442:288:287:449:253:403:459:448:448:416:454:459:421:59:392:444:236:164:429:463:424:460:381:464:465:143:81:409:421:442:390:369:465:466:280:467:227:143:93:468:466:463:415:436:469:391:418:439:203:343:455:103:370:414:353:452:168:429:472:440:281:378:470:469:475:468:393:569:476:456:449:314:478:422:479:358:481:568:304:511:478:483:475:476:479:396:335:494:444:281:201:432:486:511:27:280:471:460:165:511:59:398:398:467:489:483:556:445:490:182:433:489:348:490:491:491:447:569:426:303:454:441:328:369:82:494:56:347:495:209:491:170:44:328:419:184:496:418:456:369:306:226:486:209:496:325:409:396:511:419:164:500:514:547:590:250:488:333:488:459:476:500:377:438:390:471:415:466:554:251:519:519:508:509:497:154:494:364:510:510:131:449:368:593:508:119:493:498:181:509:364:262:513:472:514:105:483:426:426:431:357:470:396:64:339:387:397:504:215:364:568:459:497:545:373:530:504:419:519:499:283:451:481:381:545:12:334:351:485:520:523:490:313:497:469:405:525:217:398:238:525:590:90:467:463:43:413:333:481:307:530:319:290:529:188:295:294:464:425:127:524:530:263:46:267:315:498:529:452:277:479:462:530:523:528:80:516:593:504:355:95:537:485:445:467:537:92:539:522:539:499:96:249:581:176:534:255:320:528:532:542:543:544:394:542:543:522:425:516:592:496:394:364:236:513:490:544:427:141:426:532:547:465:513:539:499:262:591:152:293:29:545:534:302:394:281:556:495:340:436:451:483:581:175:553:493:514:534:446:555:372:555:544:493:319:547:456:401:257:489:598:548:534:578:197:556:272:277:560:444:561:473:560:546:265:575:575:261:598:560:166:561:388:475:413:537:458:510:535:462:401:566:540:446:492:458:239:470:323:390:516:458:569:498:541:484:590:360:409:440:389:474:566:519:47:603:462:578:500:145:501:566:474:478:598:450:545:481:580:577:498:214:565:577:437:448:592:278:395:508:569:535:277:580:580:509:540:546:579:548:420:419:211:473:570:270:430:520:488:453:586:517:522:437:428:529:472:165:579:528:582:341:73:445:460:578:565:204:591:577:262:428:591:593:593:367:574:586:574:603:343:594:470:484:540:541:80:396:595:204:594:270:474:532:484:576:594:601:391:188:570:9:106:586:583:517:546:270:251:581:542:306:601:602:300:479:603:565:602:576:491:543:251:586:583:520:501:561:48:431:555:451:579:570:311:486:49:428:575:523:582:433:24
2048,2494,546,0,6347,43:1:2:32:2:4:187:6:7:4:8:63:36:9:10:160:10:12:215:312:12:14:9:8:15:16:20:15:18:19:503:19:81:22:48:7:23:18:14:503:24:4:16:6:25:12:38:26:0:28:131:25:29:29:503:492:45:24:26:31:606:7:60:317:28:33:20:492:23:4:34:32:16:34:312:48:36:312:22:0:37:21:33:492:38:23:39:39:606:171:41:171:42:43:2:38:215:41:33:44:160:20:89:21:75:45:606:49:108:190:10:50:49:44:51:77:34:47:52:51:53:54:55:36:53:32:57:28:48:94:93:42:60:49:61:47:62:120:55:64:65:54:52:62:43:64:93:66:67:1:73:67:68:31:37:69:57:65:70:182:69:22:89:8:60:217:72:56:40:68:29:120:19:74:124:74:65:75:37:43:76:61:77:0:45:78:233:81:72:596:61:80:596:11:82:83:84:56:64:596:70:85:86:85:80:233:86:80:73:87:83:63:69:55:88:89:78:90:88:91:67:91:89:14:70:78:81:88:94:21:95:40:11:31:52:44:55:94:87:95:97:192:40:97:72:21:144:50:136:223:100:101:102:103:82:104:25:103:101:105:106:103:73:107:105:104:108:98:109:108:51:109:39:100:128:15:160:71:107:111:112:113:114:54:159:116:102:126:83:116:94:114:36:107:117:118:68:119:77:71:132:112:58:63:159:121:122:122:119:111:42:90:5:123:113:159:606:124:125:31:118:41:5:124:127:126:128:129:130:29:130:131:122:132:125:133:123:117:133:127:18:126:129:33:34:132:109:19:134:97:135:58:134:137:135:76:109:96:139:127:78:140:141:186:142:84:96:137:130:101:141:142:144:145:136:146:129:91:146:139:27:84:119:147:5:138:121:149:61:147:233:95:192:53:151:123:147:120:125:87:152:153:41:153:145:152:149:100:186:39:154:155:150:50:157:107:156:133:155:223:136:158:154:157:75:158:151:190:142:160:143:146:161:162:163:59:162:161:11:37:143:128:150:140:190:112:167:153:168:169:58:124:169:168:170:11:6:84:131:56:1:172:172:137:156:322:167:536:173:66:174:173:175:174:165:166:17:166:170:536:175:164:66:17:178:536:503:179:180:180:181:181:182:158:183:26:134:184:179:175:185:116:186:186:151:95:187:173:185:164:46:62:139:187:189:171:191:150:24:113:93:90:191:179:193:191:134:105:194:110:138:189:183:67:110:195:194:196:197:312:27:132:197:198:195:199:143:74:184:106:98:155:196:200:166:152:192:181:5:57:183:201:141:138:202:200:51:203:253:199:190:205:205:104:206:46:176:207:208:201:168:203:198:243:209:66:6:211:2:111:172:208:211:110:209:411:212:202:213:194:212:117:411:176:193:167:210:206:170:114:201:137:135:168:20:147:122:161:188:169:213:216:144:217:85:153:55:218:219:360:151:146:92:22:221:220:219:221:165:195:222:223:224:180:229:221:163:222:215:174:156:182:184:225:226:227:218:144:150:228:226:155:218:210:230:123:225:136:231:50:74:224:554:231:212:230:197:102:45:77:98:234:234:235:234:236:221:237:238:154:88:236:199:239:118:208:165:237:554:241:240:241:242:308:239:235:62:27:223:219:63:243:133:243:176:230:242:76:108:227:244:226:245:217:246:222:228:247:248:246:416:235:249:224:247:210:249:252:135:225:316:239:248:229:233:250:252:110:249:209:166:97:17:86:231:240:242:254:255:257:216:402:255:258:185:259:256:254:258:257:260:32:261:360:162:263:264:178:265:259:213:263:59:238:266:259:267:211:254:260:248:71:268:252:268:269:244:264:245:272:243:9:57:193:196:273:269:26:267:227:274:275:276:440:276:275:278:290:272:81:273:274:595:163:282:86:71:38:192:268:284:278:285:239:282:116:286:246:247:149:287:274:286:284:220:266:220:139:266:202:384:289:411:265:260:180:92:300:285:169:292:289:279:271:279:293:199:294:284:206:149:287:295:294:296:121:91:40:292:297:273:298:162:299:300:286:524:324:157:295:302:231:303:300:69:283:297:140:271:293:260:219:98:265:304:305:304:261:205:86:279:292:188:308:302:309:298:305:205:237:295:308:287:296:191:310:311:24:198:311:313:189:314:315:142:316:266:250:313:314:317:306:314:92:298:230:299:253:14:303:111:158:318:289:309:257:238:317:320:321:320:113:299:318:317:315:321:198:322:267:60:323:323:323:203:157:324:325:326:140:68:310:316:319:324:214:104:305:325:288:328:329:285:330:244:294:331:331:332:207:332:334:337:336:99:338:334:339:222:339:321:525:335:128:341:171:338:330:329:342:214:229:342:343:335:282:336:188:235:337:72:326:240:344:345:346:347:269:345:341:348:271:382:85:346:350:348:351:351:343:352:241:255:299:342:310:353:344:1:159:354:525:524:23:350:339:189:352:315:355:355:353:96:356:328:335:65:347:464:356:318:358:40:359:354:354:324:83:595:94:199:361:288:449:311:121:365:361:556:359:355:46:366:367:368:332:256:102:264:365:358:366:252:338:370:371:272:206:368:372:438:373:370:337:25:125:297:375:338:376:404:100:263:273:145:371:8:377:378:245:376:375:377:322:373:333:367:368:378:126:372:52:276:376:311:345:379:380:370:284:215:382:225:106:383:344:554:383:336:384:309:200:296:386:360:524:129:207:359:200:290:244:387:319:333:200:258:388:342:389:213:380:329:42:356:389:382:16:390:310:366:388:390:347:17:274:346:391:385:306:392:374:386:58:138:304:371:395:395:367:280:291:99:229:357:392:256:397:397:320:376:54:245:398:399:400:374:156:163:402:400:403:350:365:391:399:404:251:290:276:405:0:406:326:404:375:406:130:361:28:403:369:407:385:341:408:291:336:313:410:216:379:372:278:297:322:408:357:18:291:407:413:178:464:399:118:283:380:218:99:377:348:400:386:414:400:253:414:356:416:415:416:53:417:353:110:373:351:418:106:330:420:350:434:173:421:417:262:307:212:382:379:424:553:275:402:425:420:303:308:282:66:161:112:410:283:406:553:325:429:254:302:429:329:374:421:10:432:430:194:357:387:280:397:352:285:208:431:427:432:228:420:258:430:433:434:241:434:405:431:234:433:468:406:432:383:410:437:384:438:383:384:439:198:440:424:425:417:441:415:442:15:307:499:450:120:437:250:47:450:399:185:321:381:405:447:424:448:427:265:441:447:445:444:389:413:446:385:422:408:340:452:247:407:523:393:434:436:439:453:411:454:454:275:340:453:455:331:179:427:237:495:465:293:422:455:456:442:288:287:449:253:403:459:448:448:416:454:459:421:59:392:444:236:164:429:463:424:460:381:464:465:143:81:409:421:442:390:369:465:466:280:467:227:143:93:468:466:463:415:436:469:391:418:439:203:343:455:103:370:414:353:452:168:429:472:440:281:378:470:469:475:468:393:569:476:456:449:314:478:422:479:358:481:568:304:511:478:483:475:476:479:396:335:494:444:281:201:432:486:511:27:280:471:460:165:511:59:398:398:467:489:483:556:445:490:182:433:489:348:490:491:491:447:569:426:303:454:441:328:369:82:494:56:347:495:209:491:170:44:328:419:184:496:418:456:369:306:226:486:209:496:325:409:396:511:419:164:500:514:547:590:250:488:333:488:459:476:500:377:438:390:471:415:466:554:251:519:519:508:509:497:154:494:364:510:510:131:449:368:593:508:119:493:498:181:509:364:262:513:472:514:105:483:426:426:431:357:470:396:64:339:387:397:504:215:364:568:459:497:545:373:530:504:419:519:499:283:451:481:381:545:12:334:351:485:520:523:490:313:497:469:405:525:217:398:238:525:590:90:467:463:43:413:333:481:307:530:319:290:529:188:295:294:464:425:127:524:530:263:46:267:315:498:529:452:277:479:462:530:523:528:80:516:593:504:355:95:537:485:445:467:537:92:539:522:539:499:96:249:581:176:534:255:320:528:532:542:543:544:394:542:543:522:425:516:592:496:394:364:236:513:490:544:427:141:426:532:547:465:513:539:499:262:591:152:293:29:545:534:302:394:281:556:495:340:436:451:483:581:175:553:493:514:534:446:555:372:555:544:493:319:547:456:401:257:489:598:548:534:578:197:556:272:277:560:444:561:473:560:546:265:575:575:261:598:560:166:561:388:475:413:537:458:510:535:462:401:566:540:446:492:458:239:470:323:390:516:458:569:498:541:484:590:360:409:440:389:474:566:519:47:603:462:578:500:145:501:566:474:478:598:450:545:481:580:577:498:214:565:577:437:448:592:278:395:508:569:535:277:580:580:509:540:546:579:548:420:419:211:473:570:270:430:520:488:453:586:517:522:437:428:529:472:165:579:528:582:341:73:445:460:578:565:204:591:577:262:428:591:593:593:367:574:586:574:603:343:594:470:484:540:541:80:396:595:204:594:270:474:532:484:576:594:601:391:188:570:9:106:586:583:517:546:270:251:581:542:306:601:602:300:479:603:565:602:576:491:543:251:586:583:520:501:561:48:431:555:451:579:570:311:486:49:428:575:523:582:433:24
2061,2511,545,0,6346,43:1:2:32:2:4:187:6:7:4:8:63:36:9:10:160:10:12:215:312:12:14:9:8:15:16:20:15:18:19:503:19:81:22:48:7:23:18:14:503:24:4:16:6:25:12:38:26:0:28:131:25:29:29:503:492:45:24:26:31:606:7:60:317:28:33:20:492:23:4:34:32:16:34:312:48:36:312:22:0:37:21:33:492:38:23:39:39:606:171:41:171:42:43:2:38:215:41:33:44:160:20:89:21:75:45:606:49:108:190:10:50:49:44:51:77:34:47:52:51:53:54:55:36:53:32:57:28:48:94:93:42:60:49:61:47:62:120:55:64:65:54:52:62:43:64:93:66:67:1:73:67:68:31:37:69:57:65:548:182:69:22:89:8:60:217:72:56:40:68:29:120:19:74:124:74:65:75:37:43:76:61:77:0:45:78:233:81:72:596:61:80:596:11:82:83:84:56:64:596:548:85:86:85:80:233:86:80:73:87:83:63:69:55:88:89:78:90:88:91:67:91:89:14:548:78:81:88:94:21:95:40:11:31:52:44:55:94:87:95:97:192:40:97:72:21:144:50:136:223:100:101:102:103:82:104:25:103:101:105:106:103:73:107:105:104:108:98:109:108:51:109:39:100:128:15:160:71:107:111:112:113:114:54:159:116:102:126:83:116:94:114:36:107:117:118:68:119:77:71:132:112:58:63:159:121:122:122:119:111:42:90:5:123:113:159:606:124:125:31:118:41:5:124:127:126:128:129:130:29:130:131:122:132:125:133:123:117:133:127:18:126:129:33:34:132:109:19:134:97:135:58:134:137:135:76:109:96:139:127:78:140:141:186:142:84:96:137:130:101:141:142:144:145:136:146:129:91:146:139:27:84:119:147:5:138:121:149:61:147:233:95:192:53:151:123:147:120:125:87:152:153:41:153:145:152:149:100:186:39:154:155:150:50:157:107:156:133:155:223:136:158:154:157:75:158:151:190:142:160:143:146:161:162:163:59:162:161:11:37:143:128:150:140:190:112:167:153:168:169:58:124:169:168:170:11:6:84:131:56:1:172:172:137:156:322:167:536:173:66:174:173:175:174:165:166:17:166:170:536:175:164:66:17:178:536:503:179:180:180:181:181:182:158:183:26:134:184:179:175:185:116:186:186:151:95:187:173:185:164:46:62:139:187:189:171:191:150:24:113:93:90:191:179:193:191:134:105:194:110:138:189:183:67:110:195:194:196:197:312:27:132:197:198:195:199:143:74:184:106:98:155:196:200:166:152:192:181:5:57:183:201:141:138:202:200:51:203:253:199:190:205:205:104:206:46:176:207:208:201:168:203:198:243:209:66:6:211:2:111:172:208:211:110:209:411:212:202:213:194:212:117:411:176:193:167:210:206:170:114:201:137:135:168:20:147:122:161:188:169:213:216:144:217:85:153:55:218:219:360:151:146:92:22:221:220:219:221:165:195:222:223:224:180:229:221:163:222:215:174:156:182:184:225:226:227:218:144:150:228:226:155:218:210:230:123:225:136:231:50:74:224:554:231:212:230:197:102:45:77:98:234:234:235:234:236:221:237:238:154:88:236:199:239:118:208:165:237:554:241:240:241:242:308:239:235:62:27:223:219:63:243:133:243:176:230:242:76:108:227:244:226:245:217:246:222:228:247:248:246:416:235:249:224:247:210:249:252:135:225:316:239:248:229:233:250:252:110:249:209:166:97:17:86:231:240:242:254:255:257:216:402:255:258:185:259:256:254:258:257:260:32:261:360:162:263:264:178:265:259:213:263:59:238:266:259:267:211:254:260:248:71:268:252:268:269:244:264:245:272:243:9:57:193:196:273:269:26:267:227:274:275:276:440:276:275:278:290:272:81:273:274:595:163:282:86:71:38:192:268:284:278:285:239:282:116:286:246:247:149:287:274:286:284:220:266:220:139:266:202:384:289:411:265:260:180:92:300:285:169:292:289:279:271:279:293:199:294:284:206:149:287:295:294:296:121:91:40:292:297:273:298:162:299:300:286:524:324:157:295:302:231:303:300:69:283:297:140:271:293:260:219:98:265:304:305:304:261:205:86:279:292:188:308:302:309:298:305:205:237:295:308:287:296:191:310:311:24:198:311:313:189:314:315:142:316:266:250:313:314:317:306:314:92:298:230:299:253:14:303:111:158:318:289:309:257:238:317:320:321:320:113:299:318:317:315:321:198:322:267:60:323:323:323:203:157:324:325:326:140:68:310:316:319:324:214:104:305:325:288:328:329:285:330:244:294:331:331:332:207:332:334:337:336:99:338:334:339:222:339:321:525:335:128:341:171:338:330:329:342:214:229:342:343:335:282:336:188:235:337:72:326:240:344:345:346:347:269:345:341:348:271:382:85:346:350:348:351:351:343:352:241:255:299:342:310:353:344:1:159:354:525:524:23:350:339:189:352:315:355:355:353:96:356:328:335:65:347:464:356:318:358:40:359:354:354:324:83:595:94:199:361:288:449:311:121:365:361:556:359:355:46:366:367:368:332:256:102:264:365:358:366:252:338:370:371:272:206:368:372:438:373:370:337:25:125:297:375:338:376:404:100:263:273:145:371:8:377:378:245:376:375:377:322:373:333:367:368:378:126:372:52:276:376:311:345:379:380:370:284:215:382:225:106:383:344:554:383:336:384:309:200:296:386:360:524:129:207:359:200:290:244:387:319:333:200:258:388:342:389:213:380:329:42:356:389:382:16:390:310:366:388:390:347:17:274:346:391:385:306:392:374:386:58:138:304:371:395:395:367:280:291:99:229:357:392:256:397:397:320:376:54:245:398:399:400:374:156:163:402:400:403:350:365:391:399:404:251:290:276:405:0:406:326:404:375:406:130:361:28:403:369:407:385:341:408:291:336:313:410:216:379:372:278:297:322:408:357:18:291:407:413:178:464:399:118:283:380:218:99:377:348:400:386:414:400:253:414:356:416:415:416:53:417:353:110:373:351:418:106:330:420:350:434:173:421:417:262:307:212:382:379:424:553:275:402:425:420:303:308:282:66:161:112:410:283:406:553:325:429:254:302:429:329:374:421:10:432:430:194:357:387:280:397:352:285:208:431:427:432:228:420:258:430:433:434:241:434:405:220:234:433:468:406:432:383:410:437:384:438:383:384:439:198:440:424:425:417:441:415:442:15:307:499:450:120:437:250:47:450:399:185:321:381:405:447:424:448:427:265:441:447:445:444:389:413:446:385:422:408:340:452:247:407:523:393:434:436:439:453:411:454:454:275:340:453:455:331:179:427:237:495:465:293:422:455:456:442:288:287:449:253:403:459:448:448:416:454:459:421:59:392:444:236:164:429:463:424:460:381:464:465:143:81:409:421:442:390:369:465:466:280:467:227:143:93:468:466:463:415:436:469:391:418:439:203:343:455:103:370:414:353:452:168:429:472:440:281:378:470:469:475:468:393:569:476:456:449:314:478:422:479:358:481:568:304:511:478:483:475:476:479:396:335:494:444:281:201:432:486:511:27:280:471:460:165:511:59:398:398:467:489:483:556:445:490:182:433:489:348:490:491:491:447:569:426:303:454:441:328:369:82:494:56:347:495:209:491:170:44:328:419:184:496:418:456:369:306:226:486:209:496:325:409:396:511:419:164:500:514:547:590:250:488:333:488:459:476:500:377:438:390:471:415:466:554:251:519:519:508:509:497:154:494:364:510:510:131:449:368:593:508:119:493:498:181:509:364:262:513:472:514:105:483:426:426:447:357:470:396:64:339:387:397:504:215:364:568:459:497:545:373:530:504:419:519:499:283:451:481:381:545:12:334:351:485:520:523:490:313:497:469:405:525:217:398:238:525:590:90:467:463:43:413:333:481:307:530:319:290:529:188:295:294:464:425:127:524:530:263:46:267:315:498:529:452:277:479:462:530:523:528:80:516:593:504:355:95:537:485:445:467:537:92:539:522:539:499:96:249:581:176:534:255:320:528:532:542:543:544:394:542:543:522:425:516:592:496:394:364:236:513:490:544:427:141:426:532:547:465:513:539:499:262:591:152:293:29:545:534:302:394:281:556:495:340:436:451:483:581:175:553:493:514:534:446:555:372:555:544:493:319:547:456:401:257:489:598:431:534:578:197:556:272:277:560:444:561:473:560:546:265:575:575:261:598:560:166:561:388:475:413:537:458:510:535:462:401:566:540:446:492:458:239:470:323:390:516:458:569:498:541:484:590:360:409:440:389:474:566:519:47:603:462:578:500:145:501:566:474:478:598:450:545:481:580:577:498:214:565:577:437:448:592:278:395:508:569:535:277:580:580:509:540:546:579:594:420:419:211:473:570:270:430:520:488:453:586:517:522:437:428:529:472:165:579:528:582:341:73:445:460:578:565:204:591:577:262:428:591:593:593:367:574:586:574:603:343:594:470:484:540:541:80:396:595:204:594:270:474:532:484:576:594:601:391:188:570:9:106:586:583:517:546:270:251:581:542:306:601:602:300:479:603:565:602:576:491:543:251:586:583:520:501:561:48:431:555:451:579:570:311:486:49:428:575:523:582:433:24
2088,2549,545,0,6345,43:1:2:32:2:4:187:6:7:4:8:63:36:9:10:160:10:12:215:312:12:14:9:8:15:16:20:15:18:19:503:19:81:22:48:7:23:18:14:503:24:4:16:6:25:12:38:26:0:28:131:25:29:29:503:492:45:24:26:31:606:7:60:317:28:33:20:492:23:4:34:32:16:34:312:48:36:312:22:0:37:21:33:492:38:23:39:39:606:171:41:171:42:43:2:38:215:41:33:44:160:20:89:21:75:45:606:49:108:190:10:50:49:44:51:77:34:47:52:51:53:54:55:36:53:32:57:28:48:94:93:42:60:49:61:47:62:120:55:64:65:54:52:62:43:64:93:66:67:1:73:67:68:31:37:69:57:65:548:182:69:22:89:8:60:217:72:56:40:68:29:120:19:74:124:74:65:75:37:43:76:61:77:0:45:78:233:81:72:596:61:80:596:11:82:83:84:56:64:596:548:85:86:85:80:233:86:80:73:87:83:63:69:55:88:89:78:90:88:91:67:91:89:14:548:78:81:88:94:21:95:40:11:31:52:44:55:94:87:95:97:192:40:97:72:21:144:50:136:223:100:101:102:103:82:104:25:103:101:105:106:103:73:107:105:104:108:98:109:108:51:109:39:100:128:15:160:71:107:111:112:113:114:54:159:116:102:126:83:116:94:114:36:107:117:118:68:119:77:71:132:112:58:63:159:121:122:122:119:111:42:90:5:123:113:159:606:124:125:31:118:41:5:124:127:126:128:129:130:29:130:131:122:132:125:133:123:117:133:127:18:126:129:33:34:132:109:19:134:97:135:58:134:137:135:76:109:96:139:127:78:140:141:186:142:84:96:137:130:101:141:142:144:145:136:146:129:91:146:139:27:84:119:147:5:138:121:149:61:147:233:95:192:53:151:123:147:120:125:87:152:153:41:153:145:152:149:100:186:39:154:155:150:50:157:107:156:133:155:223:136:158:154:157:75:158:151:190:142:160:143:146:161:162:163:59:162:161:11:37:143:128:150:140:190:112:167:153:168:169:58:124:169:168:170:11:6:84:131:56:1:172:172:137:156:322:167:536:173:66:174:173:175:174:165:166:17:166:170:536:175:164:66:17:178:536:503:179:180:180:181:181:182:158:183:26:134:184:179:175:185:116:186:186:151:95:187:173:185:164:46:62:139:187:189:171:191:150:24:113:93:90:191:179:193:191:134:105:194:110:138:189:183:67:110:195:194:196:197:312:27:132:197:198:195:199:143:74:184:106:98:155:196:200:166:152:192:181:5:57:183:201:141:138:202:200:51:203:253:199:190:205:205:104:206:46:176:207:208:201:168:203:198:243:209:66:6:211:2:111:172:208:211:110:209:411:212:202:213:194:212:117:411:176:193:167:210:206:170:114:201:137:135:168:20:147:122:161:188:169:213:216:144:217:85:153:55:218:219:360:151:146:92:22:221:220:219:221:165:195:222:223:224:180:229:221:163:222:215:174:156:182:184:225:226:227:218:144:150:228:226:155:218:210:230:123:225:136:231:50:74:224:554:231:212:230:197:102:45:77:98:234:234:235:234:236:221:237:238:154:88:236:199:239:118:208:165:237:554:241:240:241:242:308:239:235:62:27:223:219:63:243:133:243:176:230:242:76:108:227:244:226:245:217:246:222:228:247:248:246:416:235:249:224:247:210:249:252:135:225:316:239:248:229:233:250:252:110:249:209:166:97:17:86:231:240:242:254:255:257:216:402:255:258:185:259:256:254:258:257:260:32:261:360:162:263:264:178:265:259:213:263:59:238:266:259:267:211:254:260:248:71:268:252:268:269:244:264:245:272:243:9:57:193:196:273:269:26:267:227:274:275:276:440:276:275:278:290:272:81:273:274:595:163:282:86:71:38:192:268:284:278:285:239:282:116:286:246:247:149:287:274:286:284:220:266:220:139:266:202:384:289:411:265:260:180:92:300:285:169:292:289:279:271:279:293:199:294:284:206:149:287:295:294:296:121:91:40:292:297:273:298:162:299:300:286:524:324:157:295:302:231:303:300:69:283:297:140:271:293:260:219:98:265:304:305:304:261:205:86:279:292:188:308:302:309:298:305:205:237:295:308:287:296:191:310:311:24:198:311:313:189:314:315:142:316:266:250:313:314:317:306:314:92:298:230:299:253:14:303:111:158:318:289:309:257:238:317:320:321:320:113:299:318:317:315:321:198:322:267:60:323:323:323:203:157:324:325:326:140:68:310:316:319:324:214:104:305:325:288:328:329:285:330:244:294:331:331:332:207:332:334:337:336:99:338:334:339:222:339:321:525:335:128:341:171:338:330:329:342:214:229:342:343:335:282:336:188:235:337:72:326:240:344:345:346:347:269:345:341:348:271:382:85:346:350:348:351:351:343:352:241:255:299:342:310:353:344:1:159:354:525:524:23:350:339:189:352:315:355:355:353:96:356:328:335:65:347:464:356:318:358:40:359:354:354:324:83:595:94:199:361:288:449:311:121:365:361:556:359:355:46:366:367:368:332:256:102:264:365:358:366:252:338:370:371:272:206:368:372:438:373:370:337:25:125:297:375:338:376:404:100:263:273:145:371:8:377:378:245:376:375:377:322:373:333:367:368:378:126:372:52:276:376:311:345:379:380:370:284:215:382:225:106:383:344:554:383:336:384:309:200:296:386:360:524:129:207:359:200:290:244:387:319:333:200:258:388:342:389:213:380:329:42:356:389:382:16:390:310:366:388:390:347:17:274:346:391:385:306:392:374:386:58:138:304:371:395:395:367:280:291:99:229:357:392:256:397:397:320:376:54:245:398:399:400:374:156:163:402:400:403:350:365:391:399:404:251:290:276:405:0:406:326:404:375:406:130:361:28:403:369:407:385:341:408:291:336:313:410:216:379:372:278:297:322:408:357:18:291:407:413:178:464:399:118:283:380:218:99:377:348:400:386:414:400:253:414:356:416:415:416:53:417:353:110:373:351:418:106:330:420:350:434:173:421:417:262:307:212:382:379:424:553:275:402:425:420:303:308:282:66:161:112:410:283:406:553:325:429:254:302:429:329:374:421:10:432:430:194:357:387:280:397:352:285:208:431:427:432:228:420:258:430:433:434:241:434:405:220:234:433:468:406:432:383:410:437:384:438:383:384:439:198:440:424:425:417:441:415:442:15:307:499:450:120:437:250:47:450:399:185:321:381:405:447:424:448:427:265:441:447:445:444:389:413:446:385:422:408:340:452:247:407:523:393:434:436:439:453:411:454:454:275:340:453:455:331:179:427:237:495:465:293:422:455:456:442:288:287:449:253:403:459:448:448:416:454:459:421:59:392:444:236:164:429:463:424:460:381:464:465:143:81:409:421:442:390:369:465:466:280:467:227:143:93:468:466:463:415:436:469:391:418:439:203:343:455:103:370:414:353:452:168:429:472:440:281:378:470:469:475:468:393:569:476:456:449:314:478:422:479:358:481:568:304:511:478:483:475:476:479:396:335:494:444:281:201:432:486:511:27:280:471:460:165:511:59:398:398:467:489:483:556:445:490:182:433:489:348:490:491:491:447:569:426:303:454:441:328:369:82:494:56:347:495:209:491:170:44:328:419:184:496:418:456:369:306:226:486:209:496:325:409:396:511:419:164:500:514:547:590:250:488:333:488:459:476:500:377:438:390:471:415:466:554:251:519:519:508:509:497:154:494:364:510:510:131:449:368:593:508:119:493:498:181:509:364:262:513:472:514:105:483:426:426:447:357:470:396:64:339:387:397:504:215:364:568:459:497:545:373:530:504:419:519:499:283:451:481:381:545:12:7:351:485:520:523:490:313:497:469:405:525:217:398:238:525:590:90:467:463:43:413:333:481:307:530:319:290:529:188:295:294:464:425:127:524:530:263:46:267:315:498:529:452:277:479:462:530:523:528:80:516:593:504:355:95:537:485:445:467:537:92:539:522:539:499:96:249:581:176:534:255:320:528:532:542:543:544:394:542:543:522:425:516:592:496:394:364:236:513:490:544:427:141:426:532:547:465:513:539:499:262:591:152:293:29:545:534:302:394:281:556:495:340:436:451:483:581:175:553:493:514:534:446:555:372:555:544:493:319:547:456:401:257:489:598:431:534:578:197:556:272:277:560:444:561:473:560:546:265:575:575:261:598:560:166:561:388:475:413:537:458:510:535:462:401:566:540:446:492:458:239:470:323:390:516:458:569:498:334:484:590:360:409:440:389:474:566:519:47:603:462:578:500:145:501:566:474:478:598:450:545:481:580:577:498:214:565:577:437:448:592:278:395:508:569:535:277:580:580:509:540:546:579:594:420:419:211:473:570:270:430:520:488:453:586:517:522:437:428:529:472:165:579:528:582:341:73:445:460:578:565:204:591:577:262:428:591:593:593:367:574:586:574:603:343:594:470:484:540:541:80:396:595:204:594:270:474:532:484:576:594:601:391:188:570:9:106:586:583:517:546:270:251:581:542:306:601:602:300:479:603:565:602:576:491:543:251:586:583:520:501:561:48:431:555:451:579:570:311:486:49:428:575:523:582:433:24
2122,2593,545,0,6344,43:1:2:32:2:4:187:6:7:4:8:63:36:9:10:160:10:12:215:312:12:14:9:8:15:16:20:15:18:19:503:19:81:22:48:7:23:18:14:503:24:4:16:6:25:12:38:26:0:28:131:25:29:29:503:492:45:24:26:31:606:7:60:317:28:33:20:492:23:4:34:32:16:34:312:48:36:312:22:0:37:21:33:492:38:23:39:39:606:171:41:171:42:43:2:38:215:41:33:44:160:20:89:21:75:45:606:49:108:190:10:50:49:44:51:77:34:47:52:51:53:54:55:36:53:32:57:28:48:94:93:42:60:49:61:47:62:120:55:64:65:54:52:62:43:64:93:66:67:1:73:67:68:31:37:69:57:65:548:182:69:22:89:8:60:217:72:56:40:68:29:120:19:74:124:74:65:75:37:43:76:61:77:0:45:78:233:81:72:596:61:80:596:11:82:83:84:56:64:596:548:85:86:85:80:233:86:80:73:87:83:63:69:55:88:89:78:90:88:91:67:91:89:14:548:78:81:88:94:21:95:40:11:31:52:44:55:94:87:95:97:192:40:97:72:21:144:50:136:223:100:101:102:103:82:104:25:103:101:105:106:103:73:107:105:104:108:98:109:108:51:109:39:100:128:15:160:71:107:111:112:113:114:54:159:116:102:126:83:116:94:114:36:107:117:118:68:119:77:71:132:112:58:63:159:121:122:122:119:111:42:90:5:123:113:159:606:124:125:31:118:41:5:124:127:126:128:129:130:29:130:131:122:132:125:133:123:117:133:127:18:126:129:33:34:132:109:19:134:97:135:58:134:137:135:76:109:96:139:127:78:140:141:186:142:84:96:137:130:101:141:142:144:145:136:146:129:91:146:139:27:84:119:147:5:138:121:149:61:147:233:95:192:53:151:123:147:120:125:87:152:153:41:153:145:152:149:100:186:39:154:155:150:50:157:107:156:133:155:223:136:158:154:157:75:158:151:190:142:160:143:146:161:162:163:59:162:161:11:37:143:128:150:140:190:112:167:153:168:169:58:124:169:168:170:11:6:84:131:56:1:172:172:137:156:322:167:536:173:66:174:173:175:174:165:166:17:166:170:536:175:164:66:17:178:536:503:179:180:180:181:181:182:158:183:26:134:184:179:175:185:116:186:186:151:95:187:173:185:164:46:62:139:187:189:171:191:150:24:113:93:90:191:179:193:191:134:105:194:110:138:189:183:67:110:195:194:196:197:312:27:132:197:198:195:199:143:74:184:106:98:155:196:200:166:152:192:181:5:57:183:201:141:138:202:200:51:203:253:199:190:205:205:104:206:46:176:207:208:201:168:203:198:243:209:66:6:211:2:111:172:208:211:110:209:411:212:202:213:194:212:117:411:176:193:167:210:206:170:114:201:137:135:168:20:147:122:161:188:169:213:216:144:217:85:153:55:218:219:360:151:146:92:22:221:220:219:221:165:195:222:223:224:180:229:221:163:222:215:174:156:182:184:225:226:227:218:144:150:228:226:155:218:210:230:123:225:136:231:50:74:224:554:231:212:230:197:102:45:77:98:234:234:235:234:236:221:237:238:154:88:236:199:239:118:208:165:237:554:241:240:241:242:308:239:235:62:27:223:219:63:243:133:243:176:230:242:76:108:227:244:226:245:217:246:222:228:247:248:246:416:235:249:224:247:210:249:252:135:225:316:239:248:229:233:250:252:110:249:209:166:97:17:86:231:240:242:254:255:257:216:402:255:258:185:259:256:254:258:257:260:32:261:360:162:263:264:178:265:259:213:263:59:238:266:259:267:211:254:260:248:71:268:252:268:269:244:264:245:272:243:9:57:193:196:273:269:26:267:227:274:275:276:440:276:275:278:290:272:81:273:274:595:163:282:86:71:38:192:268:284:278:285:239:282:116:286:246:247:149:287:274:286:284:220:266:220:139:266:202:384:289:411:265:260:180:92:300:285:169:292:289:279:271:279:293:199:294:284:206:149:287:295:294:296:121:91:40:292:297:273:298:162:299:300:286:524:324:157:295:302:231:303:300:69:283:297:140:271:293:260:219:98:265:304:305:304:261:205:86:279:292:188:308:302:309:298:305:205:237:295:308:287:296:191:310:311:24:198:311:313:189:314:315:142:316:266:250:313:314:317:306:314:92:298:230:299:253:14:303:111:158:318:289:309:257:238:317:320:321:320:113:299:318:317:315:321:198:322:267:60:323:323:323:203:157:324:325:326:140:68:310:316:319:324:214:104:305:325:288:328:329:285:330:244:294:331:331:332:207:332:334:337:336:99:338:334:339:222:339:321:525:335:128:341:171:338:330:329:342:214:229:342:343:335:282:336:188:235:337:72:326:240:344:345:346:347:269:345:341:348:271:382:85:346:350:348:351:351:343:352:241:255:299:342:310:353:344:1:159:354:525:524:23:350:339:189:352:315:355:355:353:96:356:328:335:65:347:464:356:318:358:40:359:354:354:324:83:595:94:199:361:288:449:311:121:365:361:556:359:355:46:366:367:368:332:256:102:264:365:358:366:252:338:370:371:272:206:368:372:438:373:370:337:25:125:297:375:338:376:404:100:263:273:145:371:8:377:378:245:376:375:377:322:373:333:367:368:378:126:372:52:276:376:311:345:379:380:370:284:215:382:225:106:383:344:554:383:336:384:309:200:296:386:360:524:129:207:359:200:290:244:387:319:333:200:258:388:342:389:213:380:329:42:356:389:382:16:390:310:366:388:390:347:17:274:346:391:385:306:392:374:386:58:138:304:371:395:395:367:280:291:99:229:357:392:256:397:397:320:376:54:245:398:399:400:374:156:163:402:400:403:350:365:391:399:404:251:290:276:405:0:406:326:404:375:406:130:361:28:403:369:407:385:341:408:291:336:313:410:216:379:372:278:297:322:408:357:18:291:407:413:178:464:399:118:283:380:218:99:377:348:400:386:414:400:253:414:356:416:415:416:53:417:353:110:373:351:418:106:330:420:350:434:173:421:417:262:307:212:382:379:424:553:275:402:425:420:303:308:282:66:161:112:410:283:406:553:325:429:254:302:429:329:374:421:10:432:430:194:357:387:280:397:352:285:208:431:427:432:228:420:258:430:433:434:241:434:405:220:234:433:468:406:432:383:410:437:384:438:383:384:439:198:440:424:425:417:441:415:442:15:307:499:450:120:437:250:47:450:399:185:321:381:405:447:424:448:427:265:441:447:445:444:389:413:446:385:422:408:340:452:247:407:496:393:434:436:439:453:411:454:454:275:340:453:455:331:179:427:237:495:465:293:422:455:456:442:288:287:449:253:403:459:448:448:416:454:459:421:59:392:444:236:164:429:463:424:460:381:464:465:143:81:409:421:442:390:369:465:466:280:467:227:143:93:468:466:463:415:436:469:391:418:439:203:343:455:103:370:414:353:452:168:429:472:440:281:378:470:469:475:468:393:569:476:456:449:314:478:422:479:358:481:568:304:511:478:483:475:476:479:396:335:494:444:281:201:432:486:511:27:280:471:460:165:511:59:398:398:467:489:483:556:445:490:182:433:489:348:490:491:491:447:569:426:303:454:441:328:369:82:494:56:347:495:209:491:170:44:328:419:184:316:418:456:369:306:226:486:209:496:325:409:396:511:419:164:500:514:547:590:250:488:333:488:459:476:500:377:438:390:471:415:466:554:251:519:519:508:509:497:154:494:364:510:510:131:449:368:593:508:119:493:498:181:509:364:262:513:472:514:105:483:426:426:447:357:470:396:64:339:387:397:504:215:364:568:459:497:545:373:530:504:419:519:499:283:451:481:381:545:12:7:351:485:520:523:490:313:497:469:405:525:217:398:238:525:590:90:467:463:43:413:333:481:307:530:319:290:529:188:295:294:464:425:127:524:530:263:46:267:315:498:529:452:277:479:462:530:523:528:80:516:593:504:355:95:537:485:445:467:537:92:539:522:539:499:96:249:581:176:534:255:320:528:532:542:543:544:394:542:543:522:425:516:592:496:394:364:236:513:490:544:427:141:426:532:547:465:513:539:499:262:591:152:293:29:545:534:302:394:281:556:495:340:436:451:483:581:175:553:493:514:534:446:555:372:555:544:493:319:547:456:401:257:489:598:431:534:578:197:556:272:277:560:444:561:473:560:546:265:575:575:261:598:560:166:561:388:475:413:537:458:510:535:462:401:566:540:446:492:458:239:470:323:390:516:458:569:498:334:484:590:360:409:440:389:474:566:519:47:603:462:578:500:145:501:566:474:478:598:450:545:481:580:577:498:214:565:577:437:448:592:278:395:508:569:535:277:580:580:509:540:546:579:594:420:419:211:473:570:270:430:520:488:453:586:517:522:437:428:529:472:165:579:528:582:341:73:445:460:578:565:204:591:577:262:428:591:593:593:367:574:586:574:603:343:594:470:484:540:541:80:396:595:204:594:270:474:532:484:576:594:601:391:188:570:9:106:586:583:517:546:270:251:581:542:306:601:602:300:479:603:565:602:576:491:543:251:586:583:520:501:561:48:431:555:451:579:570:311:486:49:428:575:523:582:433:24
2123,2593,545,0,6342,43:1:2:32:2:4:187:6:7:4:8:63:36:9:10:160:10:12:215:312:12:14:9:8:15:16:20:15:18:19:503:19:81:22:48:7:23:18:14:503:24:4:16:6:25:12:38:26:0:28:131:25:29:29:503:492:45:24:26:31:606:7:60:317:28:33:20:492:23:4:34:32:16:34:312:48:36:312:22:0:37:21:33:492:38:23:39:39:606:171:41:171:42:43:2:38:215:41:33:44:160:20:89:21:75:45:606:49:108:190:10:50:49:44:51:77:34:47:52:51:53:54:55:36:53:32:57:28:48:94:93:42:60:49:61:47:62:120:55:64:65:54:52:62:43:64:93:66:67:1:73:67:68:31:37:69:57:65:548:182:69:22:89:8:60:217:72:56:40:68:29:120:19:74:124:74:65:75:37:43:76:61:77:0:45:78:233:81:72:596:61:80:596:11:82:83:84:56:64:596:548:85:86:85:80:233:86:80:73:87:83:63:69:55:88:89:78:90:88:91:67:91:89:14:548:78:81:88:94:21:95:40:11:31:52:44:55:94:87:95:97:192:40:97:72:21:144:50:136:223:100:101:102:103:82:104:25:103:101:105:106:103:73:107:105:104:108:98:109:108:51:109:39:100:128:15:160:71:107:111:112:113:114:54:159:116:102:126:83:116:94:114:36:107:117:118:68:119:77:71:132:112:58:63:159:121:122:122:119:111:42:90:5:123:113:159:606:124:125:31:118:41:5:124:127:126:128:129:130:29:130:131:122:132:125:133:123:117:133:127:18:126:129:33:34:132:109:19:134:97:135:58:134:137:135:76:109:96:139:127:78:140:141:186:142:84:96:137:130:101:141:142:144:145:136:146:129:91:146:139:27:84:119:147:5:138:121:149:61:147:233:95:192:53:151:123:147:120:125:87:152:153:41:153:145:152:149:100:186:39:154:155:150:50:157:107:156:133:155:223:136:158:154:157:75:158:151:190:142:160:143:146:161:162:163:59:162:161:11:37:143:128:150:140:190:112:167:153:168:169:58:124:169:168:170:11:6:84:131:56:1:172:172:137:156:322:167:536:173:66:174:173:175:174:165:166:17:166:170:536:175:164:66:17:178:536:503:179:180:180:181:181:182:158:183:26:134:184:179:175:185:116:186:186:151:95:187:173:185:164:46:62:139:187:189:171:191:150:24:113:93:90:191:179:193:191:134:105:194:110:138:189:183:67:110:195:194:196:197:312:27:132:197:198:195:199:143:74:184:106:98:155:196:200:166:152:192:181:5:57:183:201:141:138:202:200:51:203:253:199:190:205:205:104:206:46:176:207:208:201:168:203:198:243:209:66:6:211:2:111:172:208:211:110:209:411:212:202:213:194:212:117:411:176:193:167:210:206:170:114:201:137:135:168:20:147:122:161:188:169:213:216:144:217:85:153:55:218:219:360:151:146:92:22:221:220:219:221:165:195:222:223:224:180:229:221:163:222:215:174:156:182:184:225:226:227:218:144:150:228:226:155:218:210:230:123:225:136:231:50:74:224:554:231:212:230:197:102:45:77:98:234:234:235:234:236:221:237:238:154:88:236:199:239:118:208:165:237:554:241:240:241:242:308:239:235:62:27:223:219:63:243:133:243:176:230:242:76:108:227:244:226:245:217:246:222:228:247:248:246:416:235:249:224:247:210:249:252:135:225:316:239:248:229:233:250:252:110:249:209:166:97:17:86:231:240:242:254:255:257:216:402:255:258:185:259:256:254:258:257:260:32:261:360:162:263:264:178:265:259:213:263:59:238:266:259:267:211:254:260:248:71:268:252:268:269:244:264:245:272:243:9:57:193:196:273:269:26:267:227:274:275:276:440:276:275:278:290:272:81:273:274:595:163:282:86:71:38:192:268:284:278:285:239:282:116:286:246:247:149:287:274:286:284:220:266:220:139:266:202:384:289:411:265:260:180:92:300:285:169:292:289:279:271:279:293:199:294:284:206:149:287:295:294:296:121:91:40:292:297:273:298:162:299:300:286:524:324:157:295:302:231:303:300:69:283:297:140:271:293:260:219:98:265:304:305:304:261:205:86:279:292:188:308:302:309:298:305:205:237:295:308:287:296:191:310:311:24:198:311:313:189:314:315:142:316:266:250:313:314:317:306:314:92:298:230:299:253:14:303:111:158:318:289:309:257:238:317:320:321:320:113:299:318:317:315:321:198:322:267:60:323:323:323:203:157:324:325:326:140:68:310:316:319:324:214:104:305:325:288:328:329:285:330:244:294:331:331:332:207:332:334:337:336:99:338:334:339:222:339:321:525:335:128:341:171:338:330:329:342:214:229:342:343:335:282:336:188:235:337:72:326:240:344:345:346:347:269:345:341:348:271:382:85:346:350:348:351:351:343:352:241:255:299:342:310:353:344:1:159:354:525:524:23:350:339:189:352:315:355:355:353:96:356:328:335:65:347:464:356:318:358:40:359:354:354:324:83:595:94:199:361:288:449:311:121:365:361:556:359:355:46:366:367:368:332:256:102:264:365:358:366:252:338:370:371:272:206:368:372:438:373:370:337:25:125:297:375:338:376:404:100:263:273:145:371:8:377:378:245:376:375:377:322:373:333:367:368:378:126:372:52:276:376:311:345:379:380:370:284:215:382:225:106:383:344:554:383:336:384:309:200:296:386:360:524:129:207:595:200:290:244:387:319:333:200:258:388:342:389:213:380:329:42:356:389:382:16:390:310:366:388:390:347:17:274:346:391:385:306:392:374:386:58:138:304:371:395:395:367:280:291:99:229:357:392:256:397:397:320:376:54:245:398:399:400:374:156:163:402:400:403:350:365:391:399:404:251:290:276:405:0:406:326:404:375:406:130:361:28:403:369:407:385:341:408:291:336:313:410:216:379:372:278:297:322:408:357:18:291:407:359:178:464:399:118:283:380:218:99:377:348:400:386:414:400:253:414:356:416:415:416:53:417:353:110:373:351:418:106:330:420:350:434:173:421:417:262:307:212:382:379:424:553:275:402:425:420:303:308:282:66:161:112:410:283:406:553:325:429:254:302:429:329:374:421:10:432:430:194:357:387:280:397:352:285:208:431:427:432:228:420:258:430:433:434:241:434:405:220:234:433:468:406:432:383:410:437:384:438:383:384:439:198:440:424:425:417:441:415:442:15:307:499:450:120:437:250:47:450:399:185:321:381:405:447:424:448:427:265:441:447:445:444:389:413:446:385:422:408:340:452:247:407:496:393:434:436:439:453:411:454:454:275:340:453:455:331:179:427:237:495:465:293:422:455:456:442:288:287:449:253:403:459:448:448:416:454:459:421:59:392:444:236:164:429:463:424:460:381:464:465:143:81:409:421:442:390:369:465:466:280:467:227:143:93:468:466:463:415:436:469:391:418:439:203:343:455:103:370:414:353:452:168:429:472:440:281:378:470:469:475:468:393:569:476:456:449:314:478:422:479:358:481:568:304:511:478:483:475:476:479:396:335:494:444:281:201:432:486:511:27:280:471:460:165:511:59:398:398:467:489:483:556:445:490:182:433:489:348:490:491:491:447:569:426:303:454:441:328:369:82:494:56:347:495:209:491:170:44:328:419:184:316:418:456:369:306:226:486:209:496:325:409:396:511:419:164:500:514:547:590:250:488:333:488:459:476:500:377:438:390:471:415:466:554:251:519:519:508:509:497:154:494:364:510:510:131:449:368:593:508:119:493:498:181:509:364:262:513:472:514:105:483:426:426:447:357:470:396:64:339:387:397:504:215:364:568:459:497:545:373:530:504:419:519:499:283:451:481:381:545:12:7:351:485:520:523:490:313:497:469:405:525:217:398:238:525:590:90:467:463:43:413:333:481:307:530:319:290:529:188:295:294:464:425:127:524:530:263:46:267:315:498:529:452:277:479:462:530:523:528:80:516:593:504:355:95:537:485:445:467:537:92:539:522:539:499:96:249:581:176:534:255:320:528:532:542:543:544:394:542:543:522:425:516:592:496:394:364:236:513:490:544:427:141:426:532:547:465:513:539:499:262:591:152:293:29:545:534:302:394:281:556:495:340:436:451:483:581:175:553:493:514:534:446:555:372:555:544:493:319:547:456:401:257:489:598:431:534:578:197:556:272:277:560:444:561:473:560:546:265:575:575:261:598:560:166:561:388:475:413:537:458:510:535:462:401:566:540:446:492:458:239:470:323:390:516:458:569:498:334:484:590:360:409:440:389:474:566:519:47:603:462:578:500:145:501:566:474:478:598:450:545:481:580:577:498:214:565:577:437:448:592:278:395:508:569:535:277:580:580:509:540:546:579:594:420:419:211:473:570:270:430:520:488:453:586:517:522:437:428:529:472:165:579:528:582:341:73:445:460:578:565:204:591:577:262:428:591:593:593:367:574:586:574:603:343:594:470:484:540:541:80:396:541:204:594:270:474:532:484:576:594:601:391:188:570:9:106:586:583:517:546:270:251:581:542:306:601:602:300:479:603:565:602:576:491:543:251:586:583:520:501:561:48:431:555:451:579:570:311:486:49:428:575:523:582:433:24
2137,2613,545,0,6341,43:1:2:32:2:4:187:6:7:4:8:63:36:9:10:160:10:12:215:312:12:14:9:8:15:16:20:15:18:19:503:19:81:22:48:7:23:18:14:503:24:4:16:6:25:12:38:26:0:28:131:25:29:29:503:492:45:24:26:31:606:7:60:317:28:33:20:492:23:4:34:32:16:34:312:48:36:312:22:0:37:21:33:492:38:23:39:39:606:171:41:171:42:43:2:38:215:41:33:44:160:20:89:21:75:45:606:49:108:190:10:50:49:44:51:77:34:47:52:51:53:54:55:36:53:32:57:28:48:94:93:42:60:49:61:47:62:120:55:64:65:54:52:62:43:64:93:66:67:1:73:67:68:31:37:69:57:65:548:182:69:22:89:8:60:217:72:56:40:68:29:120:19:74:124:74:65:75:37:43:76:61:77:0:45:78:233:81:72:596:61:80:596:11:82:83:84:56:64:596:548:85:86:85:80:233:86:80:73:87:83:63:69:55:88:89:78:90:88:91:67:91:89:14:548:78:81:88:94:21:95:40:11:31:52:44:55:94:87:95:97:192:40:97:72:21:144:50:136:223:100:101:102:103:82:104:25:103:101:105:106:103:73:107:105:104:108:98:109:108:51:109:39:100:128:15:160:71:107:111:112:113:114:54:159:116:102:126:83:116:94:114:36:107:117:118:68:119:77:71:132:112:58:63:536:121:122:122:119:111:42:90:5:123:113:159:606:124:125:31:118:41:5:124:127:126:128:129:130:29:130:131:122:132:125:133:123:117:133:127:18:126:129:33:34:132:109:19:134:97:135:58:134:137:135:76:109:96:139:127:78:140:141:186:142:84:96:137:130:101:141:142:144:145:136:146:129:91:146:139:27:84:119:147:5:138:121:149:61:147:233:95:192:53:151:123:147:120:125:87:152:153:41:153:145:152:149:100:186:39:154:155:150:50:157:107:156:133:155:223:136:158:154:157:75:158:151:190:142:160:143:146:161:162:163:59:162:161:11:37:143:128:150:140:190:112:167:153:168:169:58:124:169:168:170:11:6:84:131:56:1:172:172:137:156:322:167:536:173:66:174:173:175:174:165:166:17:166:170:536:175:164:66:187:178:536:503:179:180:180:181:181:182:158:183:26:134:184:179:175:185:116:186:186:151:95:159:173:185:164:46:62:139:187:189:171:191:150:24:113:93:90:191:179:193:191:134:105:194:110:138:189:183:67:110:195:194:196:197:312:27:132:197:198:195:199:143:74:184:106:98:155:196:200:166:152:192:181:5:57:183:201:141:138:202:200:51:203:253:199:190:205:205:104:206:46:176:207:208:201:168:203:198:243:209:66:6:211:2:111:172:208:211:110:209:411:212:202:213:194:212:117:411:176:193:167:210:206:170:114:201:137:135:168:20:147:122:161:188:169:213:216:144:217:85:153:55:218:219:360:151:146:92:22:221:220:219:221:165:195:222:223:224:180:229:221:163:222:215:174:156:182:184:225:226:227:218:144:150:228:226:155:218:210:230:123:225:136:231:50:74:224:554:231:212:230:197:102:45:77:98:234:234:235:234:236:221:237:238:154:88:236:199:239:118:208:165:237:554:241:240:241:242:308:239:235:62:27:223:219:63:243:133:243:176:230:242:76:108:227:244:226:245:217:246:222:228:247:248:246:416:235:249:224:247:210:249:252:135:225:316:239:248:229:233:250:252:110:249:209:166:97:17:86:231:240:242:254:255:257:216:402:255:258:185:259:256:254:258:257:260:32:261:360:162:263:264:178:265:259:213:263:59:238:266:259:267:211:254:260:248:71:268:252:268:269:244:264:245:272:243:9:57:193:196:273:269:26:267:227:274:275:276:440:276:275:278:290:272:81:273:274:595:163:282:86:71:38:192:17:284:278:285:239:282:116:286:246:247:149:287:274:286:284:220:266:220:139:266:202:384:289:411:265:260:180:92:300:285:169:292:289:279:271:279:293:199:294:284:206:149:287:295:294:296:121:91:40:292:297:273:298:162:299:300:286:524:324:157:295:302:231:303:300:69:268:297:140:271:293:260:219:98:265:304:305:304:261:205:86:279:292:188:308:302:309:298:305:205:237:295:308:287:296:191:310:311:24:198:311:313:189:314:315:142:316:266:250:313:314:317:306:314:92:298:230:299:253:14:303:111:158:318:289:309:257:238:317:320:321:320:113:299:318:317:315:321:198:322:267:60:323:323:323:203:157:324:325:326:140:68:310:316:319:324:214:104:305:325:288:328:329:285:330:244:294:331:331:332:207:332:334:337:336:99:338:334:339:222:339:321:525:335:128:341:171:338:330:329:342:214:229:342:343:335:282:336:188:235:337:72:326:240:344:345:346:347:269:345:341:348:271:382:85:346:350:348:351:351:343:352:241:255:299:342:310:353:344:1:159:354:525:524:23:350:339:189:352:315:355:355:353:96:356:328:335:65:347:464:356:318:358:40:359:354:354:324:83:595:94:199:361:288:449:311:121:365:361:556:359:355:46:366:367:368:332:256:102:264:365:358:366:252:338:370:371:272:206:368:372:438:373:370:337:25:125:297:375:338:376:404:100:263:273:145:371:8:377:378:245:376:375:377:322:373:333:367:368:378:126:372:52:276:376:311:345:379:380:370:284:215:382:225:106:383:344:554:383:336:384:309:200:296:386:360:524:129:207:595:200:290:244:387:319:333:200:258:388:342:389:213:380:329:42:356:389:382:16:390:310:366:388:390:347:17:274:346:391:385:306:392:374:386:58:138:304:371:395:395:367:280:291:99:229:357:392:256:397:397:320:376:54:245:398:399:400:374:156:163:402:400:403:350:365:391:399:404:251:290:276:405:0:406:326:404:375:406:130:361:28:403:369:407:385:341:408:291:336:313:410:216:379:372:278:297:322:408:357:18:291:407:359:178:464:399:118:283:380:218:99:377:348:400:386:414:400:253:414:356:416:415:416:53:417:353:110:373:351:418:106:330:420:350:434:173:421:417:262:307:212:382:379:424:553:275:402:425:420:303:308:282:66:161:112:410:283:406:553:325:429:254:302:429:329:374:421:10:432:430:194:357:387:280:397:352:285:208:431:427:432:228:420:258:430:433:434:241:434:405:220:234:433:468:406:432:383:410:437:384:438:383:384:439:198:440:424:425:417:441:415:442:15:307:499:450:120:437:250:47:450:399:185:321:381:405:447:424:448:427:265:441:447:445:444:389:413:446:385:422:408:340:452:247:407:496:393:434:436:439:453:411:454:454:275:340:453:455:331:179:427:237:495:465:293:422:455:456:442:288:287:449:253:403:459:448:448:416:454:459:421:59:392:444:236:164:429:463:424:460:381:464:465:143:81:409:421:442:390:369:465:466:280:467:227:143:93:468:466:463:415:436:469:391:418:439:203:343:455:103:370:414:353:452:168:429:472:440:281:378:470:469:475:468:393:569:476:456:449:314:478:422:479:358:481:568:304:511:478:483:475:476:479:396:335:494:444:281:201:432:486:511:27:280:471:460:165:511:59:398:398:467:489:483:556:445:490:182:433:489:348:490:491:491:447:569:426:303:454:441:328:369:82:494:56:347:495:209:491:170:44:328:419:184:316:418:456:369:306:226:486:209:496:325:409:396:511:419:164:500:514:547:590:250:488:333:488:459:476:500:377:438:390:471:415:466:554:251:519:519:508:509:497:154:494:364:510:510:131:449:368:593:508:119:493:498:181:509:364:262:513:472:514:105:483:426:426:447:357:470:396:64:339:387:397:504:215:364:568:459:497:545:373:530:504:419:519:499:283:451:481:381:545:12:7:351:485:520:523:490:313:497:469:405:525:217:398:238:525:590:90:467:463:43:413:333:481:307:530:319:290:529:188:295:294:464:425:127:524:530:263:46:267:315:498:529:452:277:479:462:530:523:528:80:516:593:504:355:95:537:485:445:467:537:92:539:522:539:499:96:249:581:176:534:255:320:528:532:542:543:544:394:542:543:522:425:516:592:496:394:364:236:513:490:544:427:141:426:532:547:465:513:539:499:262:591:152:293:29:545:534:302:394:281:556:495:340:436:451:483:581:175:553:493:514:534:446:555:372:555:544:493:319:547:456:401:257:489:598:431:534:578:197:556:272:277:560:444:561:473:560:546:265:575:575:261:598:560:166:561:388:475:413:537:458:510:535:462:401:566:540:446:492:458:239:470:323:390:516:458:569:498:334:484:590:360:409:440:389:474:566:519:47:603:462:578:500:145:501:566:474:478:598:450:545:481:580:577:498:214:565:577:437:448:592:278:395:508:569:535:277:580:580:509:540:546:579:594:420:419:211:473:570:270:430:520:488:453:586:517:522:437:428:529:472:165:579:528:582:341:73:445:460:578:565:204:591:577:262:428:591:593:593:367:574:586:574:603:343:594:470:484:540:541:80:396:541:204:594:270:474:532:484:576:594:601:391:188:570:9:106:586:583:517:546:270:251:581:542:306:601:602:300:479:603:565:602:576:491:543:251:586:583:520:501:561:48:431:555:451:579:570:311:486:49:428:575:523:582:433:24
2149,2627,545,0,6340,43:1:2:32:2:4:187:6:7:4:8:63:36:9:10:160:10:12:215:312:12:14:9:8:15:16:20:15:18:19:503:19:81:22:48:7:23:18:14:503:24:4:16:6:25:12:38:26:0:28:131:25:29:29:503:492:45:24:26:31:606:7:60:317:28:33:20:492:23:4:34:32:16:34:312:48:36:312:22:0:37:21:33:492:38:23:39:39:606:171:41:171:42:43:2:38:215:41:33:44:160:20:89:21:75:45:606:49:108:190:10:50:49:44:51:77:34:47:52:51:53:54:55:36:53:32:57:28:48:94:93:42:60:49:61:47:62:120:55:64:65:54:52:62:43:64:93:66:67:1:73:67:68:31:37:69:57:65:548:182:69:22:89:8:60:217:72:56:40:68:29:120:19:74:124:74:65:75:37:43:76:61:77:0:45:78:233:81:72:596:61:80:596:11:82:83:84:56:64:596:548:85:86:85:80:233:86:80:73:87:83:63:69:55:88:89:78:90:88:91:67:91:89:14:548:78:81:88:94:21:95:40:11:31:52:44:55:94:87:95:97:192:40:97:72:21:144:50:136:223:100:101:102:103:82:104:25:103:101:105:106:103:73:107:105:104:108:98:109:108:51:109:39:100:128:15:160:71:107:111:112:113:114:54:159:116:102:126:83:116:94:114:36:107:117:118:68:119:77:71:132:112:58:63:536:121:122:122:119:111:42:90:5:123:113:159:606:124:125:31:118:41:5:124:127:126:128:129:130:29:130:131:122:132:125:133:123:117:133:127:18:126:129:33:34:132:109:19:134:97:135:58:134:137:135:76:109:96:139:127:78:140:141:186:142:84:96:137:130:101:141:142:144:145:136:146:129:91:146:139:27:84:119:147:5:138:121:149:61:147:233:95:192:53:151:123:147:120:125:87:152:153:41:153:145:152:149:100:186:39:154:155:150:50:157:107:156:133:155:223:136:158:154:157:75:158:151:190:142:160:143:146:161:162:163:59:162:161:11:37:143:128:150:140:190:112:167:153:168:169:58:124:169:168:170:11:6:84:131:56:1:172:172:137:156:322:167:536:173:66:174:173:175:174:165:166:17:166:170:536:175:164:66:187:178:536:503:179:180:180:181:181:182:158:183:26:134:184:179:175:185:116:186:186:151:95:159:173:185:164:46:62:139:187:189:171:191:150:24:113:93:90:191:179:193:191:134:105:194:110:138:189:183:67:110:195:194:196:197:312:27:132:197:198:195:199:143:74:184:106:98:155:196:200:166:152:192:181:5:57:183:201:141:138:202:200:51:203:253:199:190:205:205:104:206:46:176:207:208:201:168:203:198:243:209:66:6:211:2:111:172:208:211:110:209:411:212:202:213:194:212:117:411:176:193:167:210:206:170:114:201:137:135:168:20:147:122:161:188:169:213:216:144:217:85:153:55:218:219:360:151:146:92:22:221:220:219:221:165:195:222:223:224:180:229:221:163:222:215:174:156:182:184:225:226:227:218:144:150:228:226:155:218:210:230:123:225:136:231:50:74:224:554:231:212:230:197:102:45:77:98:234:234:235:234:236:221:237:238:154:88:236:199:239:118:208:165:237:554:241:240:241:242:308:239:235:62:27:223:219:63:243:133:243:176:230:242:76:108:227:244:226:245:217:246:222:228:247:248:246:416:235:249:224:247:210:249:252:135:225:316:239:248:229:233:250:252:110:249:209:166:97:17:86:231:240:242:254:255:257:216:402:255:258:185:259:256:254:258:257:260:32:261:360:162:263:264:178:265:259:213:263:59:238:266:259:267:211:254:260:248:71:268:252:268:269:244:264:245:272:243:9:57:193:196:273:269:26:267:227:274:275:276:440:276:275:278:290:272:81:273:274:595:163:282:86:71:38:192:17:284:278:285:239:282:116:286:246:247:149:287:274:286:284:220:266:220:139:266:202:384:289:411:265:260:180:92:300:285:169:292:289:279:271:279:293:199:294:284:206:149:287:295:294:296:121:91:40:292:297:273:298:162:299:300:286:524:324:157:295:302:231:303:300:69:268:297:140:271:293:260:219:98:265:304:305:304:261:205:86:279:292:188:308:302:309:298:305:205:237:295:308:287:296:191:310:311:24:198:311:313:189:314:315:142:316:266:250:313:314:317:306:314:92:298:230:299:253:14:303:111:158:318:289:309:257:238:317:320:321:320:113:299:318:317:315:321:198:322:267:60:323:323:323:203:157:324:325:326:140:68:310:316:319:324:214:104:305:325:288:328:329:285:330:244:294:331:331:332:207:332:334:337:336:99:338:334:339:222:339:321:525:335:128:341:171:338:330:329:342:214:229:342:343:335:282:336:188:235:337:72:326:240:344:345:346:347:269:345:341:348:271:382:85:346:350:348:351:351:343:352:241:255:299:342:310:353:344:1:159:354:525:524:23:350:339:189:352:315:355:355:353:96:356:328:335:65:347:464:356:318:358:40:359:354:354:324:83:595:94:199:361:288:449:311:121:365:361:556:359:355:46:366:367:368:332:256:102:264:365:358:366:252:338:370:371:272:206:368:372:438:373:370:337:25:125:297:375:338:376:404:100:263:273:145:371:8:377:378:245:376:375:377:322:373:333:367:368:378:126:372:52:276:376:311:345:379:380:370:284:215:382:225:106:383:344:554:383:336:384:309:200:296:386:360:524:129:207:595:200:290:244:387:319:333:200:258:388:342:389:213:380:329:42:356:389:382:16:390:310:366:388:390:347:17:274:346:391:385:306:392:374:386:58:138:304:371:395:395:367:280:291:99:229:357:392:256:397:397:320:376:54:245:398:399:400:374:156:163:402:400:403:350:365:391:399:404:251:290:276:405:0:406:326:404:375:406:130:361:28:403:369:407:385:341:408:291:336:313:410:216:379:372:278:297:322:408:357:18:291:407:359:178:464:399:118:283:380:218:99:377:348:400:386:414:400:253:414:356:416:415:416:53:417:353:110:373:351:418:106:330:420:350:434:173:421:417:262:307:212:382:379:424:553:275:402:425:420:303:308:282:66:161:112:410:283:406:553:325:429:254:302:429:329:374:421:10:432:430:194:357:387:280:397:352:285:208:431:427:432:228:420:258:430:433:434:241:434:405:220:234:433:468:406:432:383:410:437:384:438:383:384:439:198:440:424:425:417:441:415:442:15:307:499:450:120:437:250:47:450:399:185:321:381:405:447:424:448:427:265:441:447:445:444:389:413:446:385:422:408:340:452:247:407:496:393:434:436:439:453:411:454:454:275:340:453:455:331:179:427:237:495:465:293:422:455:456:442:288:287:449:253:403:459:448:448:416:454:459:421:59:392:444:236:164:429:463:424:460:381:464:465:143:81:409:421:442:390:369:465:466:280:467:227:143:93:468:466:463:415:436:469:391:418:439:203:343:455:103:370:414:353:452:168:429:472:440:281:378:470:469:475:468:393:569:476:456:449:314:478:422:479:358:481:568:304:511:478:483:475:476:479:396:335:494:444:281:201:432:486:511:27:280:471:460:165:511:59:398:398:467:489:483:556:445:490:182:433:489:348:490:491:491:447:569:426:303:454:441:328:369:82:494:56:347:495:209:491:170:44:328:419:184:316:418:456:369:306:226:486:209:496:325:409:396:511:419:164:500:514:547:590:250:488:333:488:459:476:500:377:438:390:471:415:466:554:251:519:519:508:509:497:154:494:364:510:510:131:449:368:593:508:119:493:498:181:509:364:262:513:472:514:105:483:426:426:447:357:470:396:64:339:387:397:504:215:364:568:459:497:545:373:530:504:419:519:499:283:451:481:381:545:12:7:351:485:520:523:490:313:497:469:405:525:217:398:238:525:590:90:467:463:43:413:333:481:307:530:319:290:529:188:295:294:464:425:127:524:530:263:46:267:315:498:529:452:277:479:462:530:523:528:80:516:593:504:355:95:537:485:445:467:537:92:539:522:539:499:96:249:474:176:534:255:320:528:532:542:543:544:394:542:543:522:425:516:592:496:394:364:236:513:490:544:427:141:426:532:547:465:513:539:499:262:591:152:293:29:545:534:302:394:281:556:495:340:436:451:483:474:175:553:493:514:534:446:555:372:555:544:493:319:547:456:401:257:489:598:431:534:578:197:556:272:277:560:444:561:473:560:546:265:575:575:261:598:560:166:561:388:475:413:537:458:510:535:462:401:566:540:446:492:458:239:470:323:390:516:458:569:498:334:484:590:360:409:440:389:501:566:519:47:603:462:578:500:145:501:566:595:478:598:450:545:481:580:577:498:214:565:577:437:448:592:278:395:508:569:535:277:580:580:509:540:546:579:594:420:419:211:473:570:270:430:520:488:453:586:517:522:437:428:529:472:165:579:528:582:341:73:445:460:578:565:204:591:577:262:428:591:593:593:367:574:586:574:603:343:594:470:484:540:541:80:396:541:204:594:270:581:532:484:576:594:601:391:188:570:9:106:586:583:517:546:270:251:581:542:306:601:602:300:479:603:565:602:576:491:543:251:586:583:520:501:561:48:431:555:451:579:570:311:486:49:428:575:523:582:433:24
2172,2658,544,0,6339,43:1:2:32:2:4:187:6:7:4:8:63:36:9:10:160:10:12:215:312:12:14:9:8:15:16:20:15:18:19:503:19:81:22:48:7:23:18:14:503:24:4:16:6:25:12:38:26:0:28:131:25:29:29:503:492:45:24:26:31:606:7:60:317:28:33:20:492:23:4:34:32:16:34:312:48:36:312:22:0:37:21:33:492:38:23:39:39:606:171:41:171:42:43:2:38:215:41:33:44:160:20:89:21:75:45:606:49:108:190:10:50:49:44:51:77:34:47:52:51:53:54:55:36:53:32:57:28:48:94:93:42:60:49:61:47:62:120:55:64:65:54:52:62:43:64:93:66:67:1:73:67:68:31:37:69:57:65:548:182:69:22:89:8:60:217:72:56:40:68:29:120:19:74:124:74:65:75:37:43:76:61:77:0:45:78:233:81:72:596:61:80:596:11:82:83:84:56:64:596:548:85:86:85:80:233:86:80:73:87:83:63:69:55:88:89:78:90:88:91:67:91:89:14:548:78:81:88:94:21:95:40:11:31:52:44:55:94:87:95:97:192:40:97:72:21:144:50:136:223:100:101:102:103:82:104:25:103:101:105:106:103:73:107:105:104:108:98:109:108:51:109:39:100:128:15:160:71:107:111:112:113:114:54:159:116:102:126:83:116:94:114:36:107:117:118:68:119:77:71:132:112:58:63:536:121:122:122:119:111:42:90:5:123:113:159:606:124:125:31:118:41:5:124:127:126:128:129:130:29:130:131:122:132:125:133:123:117:133:127:18:126:129:33:34:132:109:19:134:97:135:58:134:137:135:76:109:96:139:127:78:140:141:186:142:84:96:137:130:101:141:142:144:145:136:146:129:91:146:139:27:84:119:147:5:138:121:149:61:147:233:95:192:53:151:123:147:120:125:87:152:153:41:153:145:152:149:100:186:39:154:155:150:50:157:107:156:133:155:223:136:158:154:157:75:158:151:190:142:160:143:146:161:162:163:59:162:161:11:37:143:128:150:140:190:112:167:153:168:169:58:124:169:168:170:11:6:84:131:56:1:172:172:137:156:322:167:536:173:66:174:173:175:174:165:166:17:166:170:536:175:164:66:187:178:536:503:179:180:180:181:181:182:158:183:26:134:184:179:175:185:116:186:186:151:95:159:173:185:164:46:62:139:187:189:171:191:150:24:113:93:90:191:179:193:191:134:105:194:110:138:189:183:67:110:195:194:196:197:312:27:132:197:198:195:199:143:74:184:106:98:155:196:200:166:152:192:181:5:57:183:201:141:138:202:200:51:203:253:199:190:205:205:104:206:46:176:207:208:201:168:203:198:243:209:66:6:211:2:111:172:208:211:110:209:411:212:202:213:194:212:117:411:176:193:167:210:206:170:114:201:137:135:168:20:147:122:161:188:169:213:216:144:217:85:153:55:218:219:360:151:146:92:22:221:220:219:221:165:195:222:223:224:180:229:221:163:222:215:174:156:182:184:225:226:227:218:144:150:228:226:155:218:210:230:123:225:136:231:50:74:224:554:231:212:230:197:102:45:77:98:234:234:235:234:236:221:237:238:154:88:236:199:239:118:208:165:237:554:241:240:241:242:308:239:235:62:27:223:219:63:243:133:243:176:230:242:76:108:227:244:226:245:217:246:222:228:247:248:246:416:235:249:224:247:210:249:252:135:225:316:239:248:229:233:250:252:110:249:209:166:97:17:86:231:240:242:254:255:257:216:402:255:258:185:259:256:254:258:257:260:32:261:360:162:263:264:178:265:259:213:263:59:238:266:259:267:211:254:260:248:71:268:252:268:269:244:264:245:272:243:9:57:193:196:273:269:26:267:227:274:275:276:440:276:275:278:290:272:81:273:274:595:163:282:86:71:38:192:17:284:278:285:239:282:116:286:246:247:149:287:274:286:284:220:266:220:139:266:202:384:289:411:265:260:180:92:300:285:169:292:289:279:271:279:293:199:294:284:206:149:287:295:294:296:121:91:40:292:297:273:298:162:299:300:286:524:324:157:295:302:231:303:300:69:268:297:140:271:293:260:219:98:265:304:305:304:261:205:86:279:292:188:308:302:309:298:305:205:237:295:308:287:296:191:310:311:24:198:311:313:189:314:315:142:316:266:250:313:314:317:306:314:92:298:230:299:253:14:303:111:158:318:289:309:257:238:317:320:321:320:113:299:318:317:315:321:198:322:267:60:323:323:323:203:157:324:325:326:140:68:310:316:319:324:214:104:305:325:288:328:329:285:330:244:294:331:331:332:207:332:334:337:336:99:338:334:339:222:339:321:525:335:128:341:171:338:330:329:342:214:229:342:343:335:282:336:188:235:337:72:326:240:344:345:346:347:269:345:341:348:271:382:85:346:350:348:351:351:343:352:241:255:299:342:310:353:344:1:159:354:525:524:23:350:339:189:352:315:355:355:353:96:356:328:335:65:347:464:356:318:358:40:359:354:354:324:83:595:94:199:361:288:449:311:121:365:361:556:359:355:46:581:367:368:332:256:102:264:365:358:581:252:338:370:371:272:206:368:372:438:373:370:337:25:125:297:375:338:376:404:100:263:273:145:371:8:377:378:245:376:375:377:322:373:333:367:368:378:126:372:52:276:376:311:345:379:380:370:284:215:382:225:106:383:344:554:383:336:384:309:200:296:386:360:524:129:207:595:200:290:244:387:319:333:200:258:388:342:389:213:380:329:42:356:389:382:16:390:310:581:388:390:347:17:274:346:391:385:306:392:374:386:58:138:304:371:395:395:367:280:291:99:229:357:392:256:397:397:320:376:54:245:398:399:400:374:156:163:402:400:403:350:365:391:399:404:251:290:276:405:0:406:326:404:375:406:130:361:28:403:369:407:385:341:408:291:336:313:410:216:379:372:278:297:322:408:357:18:291:407:359:178:464:399:118:283:380:218:99:377:348:400:386:414:400:253:414:356:416:415:416:53:417:353:110:373:351:418:106:330:420:350:434:173:421:417:262:307:212:382:379:424:553:275:402:425:420:303:308:282:66:161:112:410:283:406:553:325:429:254:302:429:329:374:421:10:432:430:194:357:387:280:397:352:285:208:431:427:432:228:420:258:430:433:434:241:434:405:220:234:433:468:406:432:383:410:437:384:438:383:384:439:198:440:424:425:417:441:415:442:15:307:499:450:120:437:250:47:450:399:185:321:381:405:447:424:448:427:265:441:447:445:444:389:413:446:385:422:408:340:452:247:407:496:393:434:436:439:453:411:454:454:275:340:453:455:331:179:427:237:495:465:293:422:455:456:442:288:287:449:253:403:459:448:448:416:454:459:421:59:392:444:236:164:429:463:424:460:381:464:465:143:81:409:421:442:390:369:465:466:280:467:227:143:93:468:466:463:415:436:469:391:418:439:203:343:455:103:370:414:353:452:168:429:472:440:281:378:470:469:475:468:393:569:476:456:449:314:478:422:479:358:481:568:304:511:478:483:475:476:479:396:335:494:444:281:201:432:486:511:27:280:471:460:165:511:59:398:398:467:489:483:556:445:490:182:433:489:348:490:491:491:447:569:426:303:454:441:328:369:82:494:56:347:495:209:491:170:44:328:419:184:316:418:456:369:306:226:486:209:496:325:409:396:511:419:164:500:514:547:590:250:488:333:488:459:476:500:377:438:390:471:415:466:554:251:519:519:508:509:497:154:494:364:510:510:131:449:368:593:508:119:493:498:181:509:364:262:513:472:514:105:483:426:426:447:357:470:396:64:339:387:397:504:215:364:568:459:497:545:373:530:504:419:519:499:283:451:481:381:545:12:7:351:485:520:523:490:313:497:469:405:525:217:398:238:525:590:90:467:463:43:413:333:481:307:530:319:290:529:188:295:294:464:425:127:524:530:263:46:267:315:498:529:452:277:479:462:530:523:528:80:516:593:504:355:95:537:485:445:467:537:92:539:522:539:499:96:249:474:176:534:255:320:528:532:542:543:544:394:542:543:522:425:516:592:496:394:364:236:513:490:544:427:141:426:532:547:465:513:539:499:262:591:152:293:29:545:534:302:394:281:556:495:340:436:451:483:474:175:553:493:514:534:446:555:372:555:544:493:319:547:456:401:257:489:598:431:534:578:197:556:272:277:560:444:561:473:560:546:265:575:575:261:598:560:166:561:388:475:413:537:458:510:535:462:401:566:540:446:492:458:239:470:323:390:516:458:569:498:334:484:590:360:409:440:389:501:566:519:47:603:462:578:500:145:501:566:595:478:598:450:545:481:580:577:498:214:565:577:437:448:592:278:395:508:569:535:277:580:580:509:540:546:579:594:420:419:211:473:570:270:430:520:488:453:586:517:522:437:428:529:472:165:579:528:582:341:73:445:460:578:565:204:591:577:262:428:591:593:593:367:574:586:574:603:343:594:470:484:540:541:80:396:541:204:594:270:601:532:484:576:594:601:391:188:570:9:106:586:583:517:546:270:251:474:542:306:401:602:300:479:603:565:602:576:491:543:251:586:583:520:501:561:48:431:555:451:579:570:311:486:49:428:575:523:582:433:24
2213,2713,544,0,6338,43:1:2:32:2:4:187:6:7:4:8:63:36:9:10:160:10:12:215:312:12:14:9:8:15:16:20:15:18:19:503:19:81:22:48:7:23:18:14:503:24:4:16:6:25:12:38:26:0:28:131:25:29:29:503:492:45:24:26:31:606:7:60:317:28:33:20:492:23:4:34:32:16:34:312:48:36:312:22:0:37:21:33:492:38:23:39:39:606:171:41:171:42:43:2:38:215:41:33:44:160:20:89:21:75:45:606:49:108:190:10:50:49:44:51:77:34:47:52:51:53:54:55:36:53:32:57:28:48:94:93:42:60:49:61:47:62:120:55:64:65:54:52:62:43:64:93:66:67:1:73:67:68:31:37:69:57:65:548:182:69:22:89:8:60:217:72:56:40:68:29:120:19:74:124:74:65:75:37:43:76:61:77:0:45:78:233:81:72:596:61:80:596:11:82:83:84:56:64:596:548:85:86:85:80:233:86:80:73:87:83:63:69:55:88:89:78:90:88:91:67:91:89:14:548:78:81:88:94:21:95:40:11:31:52:44:55:94:87:95:97:192:40:97:72:21:144:50:136:223:100:101:102:103:82:104:25:103:101:105:106:103:73:107:105:104:108:98:109:108:51:109:39:100:128:15:160:71:107:111:112:113:114:54:159:116:102:126:83:116:94:114:36:107:117:118:68:119:77:71:132:112:58:63:536:121:122:122:119:111:42:90:5:123:113:159:606:124:125:31:118:41:5:124:127:126:128:129:130:29:130:131:122:132:125:133:123:117:133:127:18:126:129:33:34:132:109:19:134:97:135:58:134:137:135:76:109:96:139:127:78:140:141:186:142:84:96:137:130:101:141:142:144:145:136:146:129:91:146:139:27:84:119:147:5:138:121:149:61:147:233:95:192:53:151:123:147:120:125:87:152:153:41:153:145:152:149:100:186:39:154:155:150:50:157:107:156:133:155:223:136:158:154:157:75:158:151:190:142:160:143:146:161:162:163:59:162:161:11:37:143:128:150:140:190:112:167:153:168:169:58:124:169:168:170:11:6:84:131:56:1:172:172:137:156:322:167:536:173:66:174:173:175:174:165:166:17:166:170:536:175:164:66:187:178:536:503:179:180:180:181:181:182:158:183:26:134:184:179:175:185:116:186:186:151:95:159:173:185:164:46:62:139:187:189:171:191:150:24:113:93:90:191:179:193:191:134:105:194:110:138:189:183:67:110:195:194:196:197:312:27:132:197:198:195:199:143:74:184:106:98:155:196:200:166:152:192:181:5:57:183:201:141:138:202:200:51:203:253:199:190:205:205:104:206:46:176:207:208:201:168:203:198:243:209:66:6:211:2:111:172:208:211:110:209:411:212:202:213:194:212:117:411:176:193:167:210:206:170:114:201:137:135:168:20:147:122:161:188:169:213:216:144:217:85:153:55:218:219:360:151:146:92:22:221:220:219:221:165:195:222:223:224:180:229:221:163:222:215:174:156:182:184:225:226:227:218:144:150:228:226:155:218:210:230:123:225:136:231:50:74:224:554:231:212:230:197:102:45:77:98:234:234:235:234:236:221:237:238:154:88:236:199:239:118:208:165:237:554:241:240:241:242:308:239:235:62:27:223:219:63:243:133:243:176:230:242:76:108:227:244:226:245:217:246:222:228:247:248:246:416:235:249:224:247:210:249:252:135:225:316:239:248:229:233:250:252:110:249:209:166:97:17:86:231:240:242:254:255:257:216:402:255:258:185:259:256:254:258:257:260:32:261:360:162:263:264:178:265:259:213:263:59:238:266:259:267:211:254:260:248:71:268:252:268:269:244:264:245:272:243:9:57:193:196:273:269:26:267:227:274:275:276:440:276:275:278:290:272:81:273:274:595:163:282:86:71:38:192:17:284:278:285:239:282:116:286:246:247:149:287:274:286:284:220:266:220:139:266:202:384:289:411:265:260:180:92:300:285:169:292:289:279:271:279:293:199:294:284:206:149:287:295:294:296:121:91:40:292:297:273:298:162:299:300:286:524:324:157:295:302:231:303:300:69:268:297:140:271:293:260:219:98:265:304:305:304:261:205:86:279:292:188:308:302:309:298:305:205:237:295:308:287:296:191:310:311:24:198:311:313:189:314:315:142:316:266:250:313:314:317:306:314:92:298:230:299:253:14:303:111:158:318:289:309:257:238:317:320:321:320:113:299:318:317:315:321:198:322:267:60:323:323:323:203:157:324:325:326:140:68:310:316:319:324:214:104:305:325:288:328:329:285:330:244:294:331:331:332:207:332:334:337:336:99:338:334:339:222:339:321:525:335:128:341:171:338:330:329:342:214:229:342:343:335:282:336:188:235:337:72:326:240:344:345:346:347:269:345:341:348:271:382:85:346:350:348:351:351:343:352:241:255:299:342:310:353:344:1:159:354:525:524:23:350:339:189:352:315:355:355:353:96:356:328:335:65:347:464:356:318:358:40:359:354:354:324:83:595:94:199:361:288:449:311:121:365:361:556:359:355:46:581:367:368:332:256:102:264:365:358:581:252:338:370:371:272:206:368:372:438:373:370:337:25:125:297:375:338:376:404:100:263:273:145:371:8:377:378:245:376:375:377:322:373:333:367:368:378:126:372:52:276:376:311:345:379:380:370:284:215:382:225:106:383:344:554:383:336:384:309:200:296:386:360:524:129:207:595:200:290:244:387:319:333:200:258:388:342:389:213:380:329:42:356:389:382:16:390:310:581:388:390:347:17:274:346:391:385:306:392:374:386:58:138:304:371:395:395:367:280:291:99:229:357:392:256:397:397:320:376:54:245:398:399:406:374:156:163:402:400:403:350:365:391:399:404:251:290:276:414:0:406:326:404:375:406:130:361:28:403:369:407:385:341:408:291:336:313:410:216:379:372:278:297:322:408:357:18:291:407:359:178:464:399:118:283:380:218:99:377:348:400:386:290:400:253:414:356:416:415:416:53:417:353:110:373:351:418:106:330:420:350:434:173:421:417:262:307:212:382:379:424:553:275:402:425:420:303:308:282:66:161:112:410:283:406:553:325:429:254:302:429:329:374:421:10:432:430:194:357:387:280:397:352:285:208:431:427:432:228:420:258:430:433:434:241:434:405:220:234:433:468:406:432:383:410:437:384:438:383:384:439:198:440:424:425:417:441:415:442:15:307:499:450:120:437:250:47:450:399:185:321:381:405:447:424:448:427:265:441:447:445:444:389:413:446:385:422:408:340:452:247:407:496:393:434:436:439:453:411:454:454:275:340:453:455:331:179:427:237:495:465:293:422:455:456:442:288:287:449:253:403:459:448:448:416:454:459:421:59:392:444:236:164:429:463:424:460:381:464:465:143:81:409:421:442:390:369:465:466:280:467:227:143:93:468:466:463:415:436:469:391:418:439:203:343:455:103:370:268:353:452:168:429:472:440:281:378:470:469:475:468:393:569:476:456:449:314:478:422:479:358:481:568:304:511:478:483:475:476:479:396:335:494:444:281:201:432:486:511:27:280:471:460:165:511:59:398:398:467:489:483:556:445:490:182:433:489:348:490:491:491:447:569:426:303:454:441:328:369:82:494:56:347:495:209:491:170:44:328:419:184:316:418:456:369:306:226:486:209:496:325:409:396:511:419:164:500:514:547:590:250:488:333:488:459:476:500:377:438:390:471:415:466:554:251:519:519:508:509:497:154:494:364:510:510:131:449:368:593:508:119:493:498:181:509:364:262:513:472:514:105:483:426:426:447:357:470:396:64:339:387:397:504:215:364:568:459:497:545:373:530:504:419:519:499:283:451:481:381:545:12:7:351:485:520:523:490:313:497:469:405:525:217:398:238:525:590:90:467:463:43:413:333:481:307:530:319:414:529:188:295:294:464:425:127:524:530:263:46:267:315:498:529:452:277:479:462:530:523:528:80:516:593:504:355:95:537:485:445:467:537:92:539:522:539:499:96:249:474:176:534:255:320:528:532:542:543:544:394:542:543:522:425:516:592:496:394:364:236:513:490:544:427:141:426:532:547:465:513:539:499:262:591:152:293:29:545:534:302:394:281:556:495:340:436:451:483:474:175:553:493:514:534:446:555:372:555:544:493:319:547:456:401:257:489:598:431:534:578:197:556:272:277:560:444:561:473:560:546:265:575:575:261:598:560:166:561:388:475:413:537:458:510:535:462:401:566:540:446:492:458:239:470:323:390:516:458:569:498:334:484:590:360:409:440:389:501:566:519:47:603:462:578:500:145:501:566:595:478:598:450:545:481:580:577:498:214:565:577:437:448:592:278:395:508:569:535:277:580:580:509:540:546:579:594:420:419:211:473:570:270:430:520:488:453:586:517:522:437:428:529:472:165:579:528:582:341:73:445:460:578:565:204:591:577:262:428:591:593:593:367:574:586:574:603:343:594:470:484:540:541:80:396:541:204:594:270:601:532:484:576:594:601:391:188:570:9:106:586:583:517:546:270:251:474:542:306:401:602:300:479:603:565:602:576:491:543:251:586:583:520:501:561:48:431:555:451:579:570:311:486:49:428:575:523:582:433:24
2215,2715,544,0,6337,43:1:2:32:2:4:187:6:7:4:8:63:36:9:10:160:10:12:215:312:12:14:9:8:15:16:20:15:18:19:503:19:81:22:48:7:23:18:14:503:24:4:16:6:25:12:38:26:0:28:131:25:29:29:503:492:45:24:26:31:606:7:60:317:28:33:20:492:23:4:34:32:16:34:312:48:36:312:22:0:37:21:33:492:38:23:39:39:606:171:41:171:42:43:2:38:215:41:33:44:160:20:89:21:75:45:606:49:108:190:10:50:49:44:51:77:34:47:52:51:53:54:55:36:53:32:57:28:48:94:93:42:60:49:61:47:62:120:55:64:65:54:52:62:43:64:93:66:67:1:73:67:68:31:37:69:57:65:548:182:69:22:89:8:60:217:72:56:40:68:29:120:19:74:124:74:65:75:37:43:76:61:77:0:45:78:233:81:72:596:61:80:596:11:82:83:84:56:64:596:548:85:86:85:80:233:86:80:73:87:83:63:69:55:88:89:78:90:88:91:67:91:89:14:548:78:81:88:94:21:95:40:11:31:52:44:55:94:87:95:97:192:40:97:72:21:144:50:136:223:100:101:102:103:82:104:25:103:101:105:106:103:73:107:105:104:108:98:109:108:51:109:39:100:128:15:160:71:107:111:112:113:114:54:159:116:102:126:83:116:94:114:36:107:117:118:68:119:77:71:132:112:58:63:536:121:122:122:119:111:42:90:5:123:113:159:606:124:125:31:118:41:5:124:127:126:128:129:130:29:130:131:122:132:125:133:123:117:133:127:18:126:129:33:34:132:109:19:134:97:135:58:134:137:135:76:109:96:139:127:78:140:141:186:142:84:96:137:130:101:141:142:144:145:136:146:129:91:146:139:27:84:119:147:5:138:121:149:61:147:233:95:192:53:151:123:147:120:125:87:152:153:41:153:145:152:149:100:186:39:154:155:150:50:157:107:156:133:155:223:136:158:154:157:75:158:151:190:142:160:143:146:161:162:163:59:162:161:11:37:143:128:150:140:190:112:167:153:168:169:58:124:169:168:170:11:6:84:131:56:1:172:172:137:156:322:167:536:173:66:174:173:175:174:165:166:17:166:170:536:175:164:66:187:178:536:503:179:180:180:181:181:182:158:183:26:134:184:179:175:185:116:186:186:151:95:159:173:185:164:46:62:139:187:189:171:191:150:24:113:93:90:191:179:193:191:134:105:194:110:138:189:183:67:110:195:194:196:197:312:27:132:197:198:195:199:143:74:184:106:98:155:196:200:166:152:192:181:5:57:183:201:141:138:202:200:51:203:253:199:190:205:205:104:206:46:176:207:208:201:168:203:198:243:209:66:6:211:2:111:172:208:211:110:209:411:212:202:213:194:212:117:411:176:193:167:210:206:170:114:201:137:135:168:20:147:122:161:188:169:213:216:144:217:85:153:55:218:219:360:151:146:92:22:221:220:219:221:165:195:222:223:224:180:229:221:163:222:215:174:156:182:184:225:226:227:218:144:150:228:226:155:218:210:230:123:225:136:231:50:74:224:554:231:212:230:197:102:45:77:98:234:234:235:234:236:221:237:238:154:88:236:199:239:118:208:165:237:554:241:240:241:242:308:239:235:62:27:223:219:63:243:133:243:176:230:242:76:108:227:244:226:245:217:246:222:228:247:248:246:416:235:249:224:247:210:249:252:135:225:316:239:248:229:233:250:252:110:249:209:166:97:17:86:231:240:242:254:255:257:216:402:255:258:185:259:256:254:258:257:260:32:261:360:162:263:264:178:265:259:213:263:59:238:266:259:267:211:254:260:248:71:268:252:268:269:244:264:245:272:243:9:57:193:196:273:269:26:267:227:274:275:276:440:276:275:278:290:272:81:273:274:595:163:282:86:71:38:192:17:284:278:285:239:282:116:286:246:247:149:287:274:286:284:220:266:220:139:266:202:384:289:411:265:260:180:92:300:285:169:292:289:279:271:279:293:199:294:284:206:149:287:295:294:296:121:91:40:292:297:273:298:162:299:300:286:524:324:157:295:302:231:303:300:69:268:297:140:271:293:260:219:98:265:304:305:304:261:205:86:279:292:188:308:302:309:298:305:205:237:295:308:287:296:191:310:311:24:198:311:313:189:314:315:142:316:266:250:313:314:317:306:314:92:298:230:299:253:14:303:111:158:318:289:309:257:238:317:320:321:320:113:299:318:317:315:321:198:322:267:60:323:323:323:203:157:324:325:326:140:68:310:316:319:324:214:104:305:325:288:328:329:285:330:244:294:331:331:332:207:332:334:337:336:99:338:334:339:222:339:321:525:335:128:341:171:338:330:329:342:214:229:342:343:335:282:336:188:235:337:72:326:240:344:345:346:347:269:345:341:348:271:382:85:346:350:348:351:351:343:352:241:255:299:342:310:353:344:1:159:354:525:524:23:350:339:189:352:315:355:355:353:96:356:328:335:65:347:464:356:318:358:40:359:354:354:324:83:595:94:199:361:288:449:311:121:365:361:556:359:355:46:581:367:368:332:256:102:264:365:358:581:252:338:370:371:272:206:368:372:438:373:370:337:25:125:297:375:338:376:404:100:263:273:145:371:8:377:378:245:376:375:377:322:373:333:367:368:378:126:372:52:276:376:311:345:379:380:370:284:215:382:225:106:383:344:554:383:336:384:309:200:296:386:360:524:129:207:595:200:290:244:387:319:333:200:258:388:342:389:213:380:329:42:356:389:382:16:390:310:581:388:390:347:17:274:346:391:385:306:392:374:386:58:138:304:371:395:395:367:280:291:99:229:357:392:256:397:397:320:376:54:245:398:399:406:374:156:163:402:400:403:350:365:391:399:404:251:290:276:414:0:406:326:404:375:406:130:361:28:403:369:407:385:341:408:291:336:313:410:216:379:372:278:297:322:408:357:18:291:407:359:178:464:399:118:283:380:218:99:377:348:400:386:290:400:253:414:356:416:415:416:53:417:353:110:373:351:418:106:330:420:350:434:173:421:417:262:307:212:382:379:424:553:275:402:425:420:303:308:282:66:161:112:410:283:406:553:325:429:254:302:429:329:374:421:10:432:430:194:357:387:280:397:352:285:208:431:427:432:228:420:258:430:433:434:241:434:405:220:234:433:468:406:432:383:410:437:384:438:383:384:439:198:440:424:425:417:441:415:442:15:307:499:450:120:437:250:47:450:399:185:321:381:405:447:424:448:427:265:441:447:445:444:389:413:446:385:422:408:340:452:247:407:496:393:434:436:439:453:411:454:454:275:340:453:455:331:179:427:237:495:465:293:422:455:456:442:288:287:449:253:403:459:448:448:416:454:459:421:59:392:444:236:164:429:463:424:460:381:464:465:143:81:460:421:442:390:369:465:466:280:467:227:143:93:468:466:463:415:436:469:391:418:439:203:343:455:103:370:268:353:452:168:429:472:440:281:378:470:469:475:468:393:569:476:456:449:314:478:422:479:358:481:568:304:511:478:483:475:476:479:396:335:494:444:281:201:432:486:511:27:280:471:460:165:511:59:398:398:467:489:483:556:445:490:182:433:489:348:490:491:491:447:569:426:303:454:441:328:369:82:494:56:347:495:209:491:170:44:328:419:184:316:418:456:369:306:226:486:209:496:325:409:396:511:419:164:500:514:547:590:250:488:333:488:459:476:500:377:438:390:471:415:466:554:251:519:519:508:509:497:154:494:364:510:510:131:449:368:593:508:119:493:498:181:509:364:262:513:472:514:105:483:426:426:447:357:470:396:64:339:387:397:504:215:364:568:459:497:545:373:530:504:419:519:499:283:451:481:381:545:12:7:351:485:520:523:490:313:497:469:405:525:217:398:238:525:590:90:467:463:43:413:333:481:307:530:319:414:529:188:295:294:464:425:127:524:530:263:46:267:315:498:529:452:277:479:462:530:523:528:80:516:593:504:355:95:537:485:445:467:537:92:539:522:539:499:96:249:474:176:534:255:320:528:532:542:543:544:394:542:543:522:425:516:592:496:394:364:236:513:490:544:427:141:426:532:547:465:513:539:499:262:591:152:293:29:545:534:302:394:281:556:495:340:436:451:483:474:175:553:493:514:534:446:555:372:555:544:493:319:547:456:401:257:489:598:431:534:578:197:556:272:277:560:444:561:473:560:546:265:575:575:261:598:560:166:561:388:475:413:537:458:510:535:462:401:566:540:446:492:458:239:470:323:390:516:458:569:498:334:484:590:360:409:440:389:501:566:519:47:603:462:578:500:145:501:566:595:478:598:450:545:481:580:577:498:214:565:577:437:448:592:278:395:508:569:535:277:580:580:509:540:546:579:594:420:419:211:473:570:270:430:520:488:453:586:517:522:437:428:529:472:165:579:528:582:341:73:445:517:578:565:204:591:577:262:428:591:593:593:367:574:586:574:603:343:594:470:484:540:541:80:396:541:204:594:270:601:532:484:576:594:601:391:188:570:9:106:586:583:517:546:270:251:474:542:306:401:602:300:479:603:565:602:576:491:543:251:586:583:520:501:561:48:431:555:451:579:570:311:486:49:428:575:523:582:433:24
2242,2749,543,0,6335,43:1:2:32:2:4:187:6:7:4:8:63:36:9:10:160:10:12:215:312:12:14:9:8:15:16:20:15:18:19:503:19:81:22:48:7:23:18:14:503:24:4:16:6:25:12:38:26:0:28:131:25:29:29:503:492:45:24:26:31:606:7:60:317:28:33:20:492:23:4:34:32:16:34:312:48:36:312:22:0:37:21:33:492:38:23:39:39:606:171:41:171:42:43:2:38:215:41:33:44:160:20:89:21:75:45:606:49:108:190:10:50:49:44:51:77:34:47:52:51:53:54:55:36:53:32:57:28:48:94:93:42:60:49:61:47:62:120:55:64:65:54:52:62:43:64:93:66:67:1:73:67:68:31:37:69:57:65:548:182:69:22:89:8:60:217:72:56:40:68:29:120:19:74:124:74:65:75:37:43:76:61:77:0:45:78:233:81:72:596:61:80:596:11:82:83:84:56:64:596:548:85:86:85:80:233:86:80:73:87:83:63:69:55:88:89:78:90:88:91:67:91:89:14:548:78:81:88:94:21:95:40:11:31:52:44:55:94:87:95:97:192:40:97:72:21:144:50:136:223:100:101:102:103:82:104:25:103:101:105:106:103:73:107:105:104:108:98:109:108:51:109:39:100:128:15:160:71:107:111:112:113:114:54:159:116:102:126:83:116:94:114:36:107:117:118:68:119:77:71:132:112:58:63:536:121:122:122:119:111:42:90:5:123:113:159:606:124:125:31:118:41:5:124:127:126:128:129:130:29:130:131:122:132:125:133:123:117:133:127:18:126:129:33:34:132:109:19:134:97:135:58:134:137:135:76:109:96:139:127:78:140:141:186:142:84:96:137:130:101:141:142:144:145:136:146:129:91:146:139:27:84:119:147:5:138:121:149:61:147:233:95:192:53:151:123:147:120:125:87:152:153:41:153:145:152:149:100:186:39:154:155:150:50:157:107:156:133:155:223:136:158:154:157:75:158:151:190:142:160:143:146:161:162:163:59:162:161:11:37:143:128:150:140:190:112:167:153:168:169:58:124:169:168:170:11:6:84:131:56:1:172:172:137:156:322:167:536:173:66:174:173:175:174:165:166:17:166:170:536:175:164:66:187:178:536:503:179:180:180:181:181:182:158:183:26:134:184:179:175:185:116:186:186:151:95:159:173:185:164:46:62:139:187:189:171:191:150:24:113:93:90:191:179:193:191:134:105:194:110:138:189:183:67:110:195:194:196:197:312:27:132:197:198:195:199:143:74:184:106:98:155:196:200:166:152:192:181:5:57:183:201:141:138:202:200:51:203:253:199:190:205:205:104:206:46:176:207:208:201:168:203:198:243:209:66:6:211:2:111:172:208:211:110:209:411:212:202:213:194:212:117:411:176:193:167:210:206:170:114:201:137:135:168:20:147:122:161:188:169:213:216:144:217:85:153:55:218:219:360:151:146:92:22:221:220:219:221:165:195:222:223:224:180:229:221:163:222:215:174:156:182:184:225:226:227:218:144:150:228:226:155:218:210:230:123:225:136:231:50:74:224:554:231:212:230:197:102:45:77:98:234:234:235:234:236:221:237:238:154:88:236:199:239:118:208:165:237:554:241:240:241:242:308:239:235:62:27:223:219:63:243:133:243:176:230:242:76:108:227:244:226:245:217:246:222:228:247:248:246:416:235:249:224:247:210:249:252:135:225:316:239:248:229:233:250:252:110:249:209:166:97:17:86:231:240:242:254:255:257:216:402:255:258:185:259:256:254:258:257:260:32:261:360:162:263:264:178:265:259:213:263:59:238:266:259:267:211:254:260:248:71:268:252:268:269:244:264:245:272:243:9:57:193:196:273:269:26:267:227:274:275:276:440:276:275:278:290:272:81:273:274:595:163:282:86:71:38:192:17:284:278:285:239:282:116:286:246:247:149:287:274:286:284:220:266:220:139:266:202:384:289:411:265:260:180:92:300:285:169:292:289:279:271:279:293:199:294:284:206:149:287:295:294:296:121:91:40:292:297:273:298:162:299:300:286:524:324:157:295:302:231:303:300:69:268:297:140:271:293:260:219:98:265:304:305:304:261:205:86:279:292:188:308:302:309:298:305:205:237:295:308:287:296:191:310:311:24:198:311:313:189:314:315:142:316:266:250:313:314:317:306:314:92:298:230:299:253:14:303:111:158:318:289:309:257:238:317:320:321:320:113:299:318:317:315:321:198:322:267:60:323:323:323:203:157:324:325:326:140:68:310:316:319:324:214:104:305:325:288:328:329:285:330:244:294:331:331:332:207:332:334:337:336:99:338:334:339:222:339:321:525:335:128:341:171:338:330:329:342:214:229:342:343:335:282:336:188:235:337:72:326:240:344:345:346:347:269:345:341:348:271:382:85:346:350:348:351:351:343:352:241:255:299:342:310:353:344:1:159:354:525:524:23:350:339:189:352:315:355:355:353:96:356:328:335:65:347:464:356:318:358:40:359:354:354:324:83:595:94:199:361:288:449:311:121:365:361:556:359:355:46:581:367:368:332:256:102:264:365:358:581:252:338:370:371:272:206:368:372:438:373:370:337:25:125:297:375:338:376:404:100:263:273:145:371:8:377:378:245:376:375:377:322:373:333:367:368:378:126:372:52:276:376:311:345:379:380:370:284:215:382:225:106:383:344:554:383:336:384:309:200:296:386:360:524:129:207:595:200:290:244:387:319:333:200:258:388:342:389:213:380:329:42:356:389:382:16:390:310:581:388:390:347:17:274:346:391:385:306:392:374:386:58:138:304:371:395:395:367:280:291:99:229:357:392:256:397:397:320:376:54:245:398:399:406:374:156:163:402:400:403:350:365:391:399:404:251:290:276:414:0:406:326:404:375:406:130:361:28:403:369:407:385:341:408:291:336:313:410:216:379:372:278:297:322:408:357:18:291:407:359:178:464:399:118:283:380:218:99:377:348:400:386:290:400:253:414:356:416:415:416:53:417:353:110:373:351:418:106:330:420:350:434:173:421:417:262:307:212:382:379:424:553:275:402:425:420:303:308:282:66:161:112:410:283:406:553:325:429:254:302:429:329:374:421:10:432:430:194:357:387:280:397:352:285:208:431:427:432:228:420:258:430:433:434:241:434:405:220:234:433:468:406:432:383:410:437:384:438:383:384:439:198:440:424:425:417:441:415:442:15:307:499:450:120:437:250:47:450:399:185:321:381:405:447:424:448:427:265:441:447:445:444:389:413:446:385:422:408:340:452:247:407:496:393:434:436:439:453:411:454:454:275:340:453:455:331:179:427:237:495:465:293:422:455:456:442:288:287:449:253:403:459:448:448:416:454:459:421:59:392:444:236:164:429:463:424:460:381:464:465:143:81:460:421:442:390:369:465:466:280:467:227:143:93:468:466:463:415:436:469:391:418:439:203:343:455:103:370:268:268:452:168:429:472:440:281:378:470:469:475:468:393:569:476:456:449:314:478:422:479:358:481:568:304:511:478:483:475:476:479:396:335:494:444:281:201:432:486:511:27:280:471:460:165:511:59:398:398:467:489:483:556:445:490:182:433:489:348:490:491:491:447:569:426:303:454:441:328:369:82:494:56:347:495:209:491:170:44:328:419:184:316:418:456:369:306:226:486:209:496:325:409:396:511:419:164:500:514:547:590:250:488:333:488:459:476:500:377:438:390:471:415:466:554:251:519:519:508:509:497:154:494:364:510:510:131:449:368:593:508:119:493:498:181:509:364:262:513:472:409:105:483:426:426:447:357:470:396:64:339:387:397:504:215:364:568:459:497:545:373:530:504:419:519:499:283:451:481:381:545:12:7:351:485:520:523:490:313:497:469:405:525:217:398:238:525:590:90:467:463:43:413:333:481:307:530:319:414:529:188:295:294:464:425:127:524:530:263:46:267:315:498:529:452:277:479:462:530:523:528:80:516:593:504:355:95:537:485:445:467:537:92:539:522:539:499:96:249:474:176:534:255:320:528:532:542:543:544:394:542:543:522:425:516:592:496:394:364:236:513:490:544:427:141:426:532:547:465:513:539:499:262:591:152:293:29:545:534:302:394:281:556:495:340:436:451:483:474:175:553:493:283:534:446:555:372:555:544:493:319:547:456:401:257:489:598:431:534:578:197:556:272:277:560:444:561:473:560:546:265:575:575:261:598:560:166:561:388:475:413:537:458:510:535:462:401:277:540:446:492:458:239:470:323:390:516:458:569:498:334:484:590:360:409:440:389:501:514:519:47:603:462:578:500:145:501:353:595:478:598:450:545:481:580:577:498:214:565:577:437:448:592:278:395:508:569:535:277:580:580:509:540:546:579:594:420:419:211:473:570:270:430:520:488:453:586:517:522:437:428:529:472:165:579:528:582:341:73:445:517:578:565:204:591:577:262:428:591:593:593:367:574:586:574:603:343:594:470:484:540:541:80:396:541:204:594:270:601:532:484:576:594:601:391:188:570:9:106:586:583:517:546:270:251:474:542:306:401:602:300:479:603:565:602:576:491:543:251:586:583:520:501:561:48:431:555:451:579:570:311:486:49:428:575:523:582:433:24
2265,2779,543,0,6333,43:1:2:32:2:4:187:6:7:4:8:63:36:9:10:160:10:12:215:312:12:14:9:8:15:16:20:15:18:19:503:19:81:22:48:7:23:18:14:503:24:4:16:6:25:12:38:26:0:28:131:25:29:29:503:492:45:24:26:31:606:7:60:317:28:33:20:492:23:4:34:32:16:34:312:48:36:312:22:0:37:21:33:492:38:23:39:39:606:171:41:171:42:43:2:38:215:41:33:44:160:20:89:21:75:45:606:49:108:190:10:50:49:44:51:77:34:47:52:51:53:54:55:36:53:32:57:28:48:94:93:42:60:49:61:47:62:120:55:64:65:54:52:62:43:64:93:66:67:1:73:67:68:31:37:69:57:65:548:182:69:22:89:8:60:217:72:56:40:68:29:120:19:74:124:74:65:75:37:43:76:61:77:0:45:78:233:81:72:596:61:80:596:11:82:83:84:56:64:596:548:85:86:85:80:233:86:80:73:87:83:63:69:55:88:89:78:90:88:91:67:91:89:14:548:78:81:88:94:21:95:40:11:31:52:44:55:94:87:95:97:192:40:97:72:21:144:50:136:223:100:101:102:103:82:104:25:103:101:105:106:103:73:107:105:104:108:98:109:108:51:109:39:100:128:15:160:71:107:111:112:113:114:54:159:116:102:126:83:116:94:114:36:107:117:118:68:119:77:71:132:112:58:63:536:121:122:122:119:111:42:90:5:123:113:159:606:124:125:31:118:41:5:124:127:126:128:129:130:29:130:131:122:132:125:133:123:117:133:127:18:126:129:33:34:132:109:19:134:97:135:58:134:137:135:76:109:96:139:127:78:140:141:186:142:84:96:137:130:101:141:142:144:145:136:146:129:91:146:139:27:84:119:147:5:138:121:149:61:147:233:95:192:53:151:123:147:120:125:87:152:153:41:153:145:152:149:100:186:39:154:155:150:50:157:107:156:133:155:223:136:158:154:157:75:158:151:190:142:160:143:146:161:162:163:59:162:161:11:37:143:128:150:140:190:112:167:153:168:169:58:124:169:168:170:11:6:84:131:56:1:172:172:137:156:322:167:536:173:66:174:173:175:174:165:166:17:166:170:536:175:164:66:187:178:536:503:179:180:180:181:181:182:158:183:26:134:184:179:175:185:116:186:186:151:95:159:173:185:164:46:62:139:187:189:171:191:150:24:113:93:90:191:179:193:191:134:105:194:110:138:189:183:67:110:195:194:196:197:312:27:132:197:198:195:199:143:74:184:106:98:155:196:200:166:152:192:181:5:57:183:201:141:138:202:200:51:203:253:199:190:205:205:104:206:46:176:207:208:201:168:203:198:243:209:66:6:211:2:111:172:208:211:110:209:411:212:202:213:194:212:117:411:176:193:167:210:206:170:114:201:137:135:168:20:147:122:161:188:169:213:216:144:217:85:153:55:218:219:360:151:146:92:22:221:220:219:221:165:195:222:223:224:180:229:221:163:222:215:174:156:182:184:225:226:227:218:144:150:228:226:155:218:210:230:123:225:136:231:50:74:224:554:231:212:230:197:102:45:77:98:234:234:235:234:236:221:237:238:154:88:236:199:239:118:208:165:237:554:241:240:241:242:308:239:235:62:27:223:219:63:243:133:243:176:230:242:76:108:227:244:226:245:217:246:222:228:247:248:246:416:235:249:224:247:210:249:252:135:225:316:239:248:229:233:250:252:110:249:209:166:97:17:86:231:240:242:254:255:257:216:402:255:258:185:259:256:254:258:257:260:32:261:360:162:263:264:178:265:259:213:263:59:238:266:259:267:211:254:260:248:71:268:252:268:269:244:264:245:272:243:9:57:193:196:273:269:26:267:227:274:275:276:440:276:275:278:290:272:81:273:274:595:163:282:86:71:38:192:17:284:278:285:239:282:116:286:246:247:149:287:274:286:284:220:266:220:139:266:202:384:289:411:265:260:180:92:300:285:169:292:289:279:271:279:293:199:294:284:206:149:287:295:294:296:121:91:40:292:297:273:298:162:299:300:286:524:324:157:295:302:231:303:300:69:268:297:140:271:293:260:219:98:265:304:305:304:261:205:86:279:292:188:308:302:309:298:305:205:237:295:308:287:296:191:310:311:24:198:311:313:189:314:315:142:316:266:250:313:314:317:306:314:92:298:230:299:253:14:303:111:158:318:289:309:257:238:317:320:321:320:113:299:318:317:315:321:198:322:267:60:323:323:323:203:157:324:325:326:140:68:310:316:319:324:214:104:305:325:288:328:329:285:330:244:294:331:331:332:207:332:334:337:336:99:338:334:339:222:339:321:525:335:128:341:171:338:330:329:342:214:229:342:343:335:282:336:188:235:337:72:326:240:344:345:346:347:269:345:341:348:271:382:85:346:350:348:351:351:343:352:241:255:299:342:310:353:344:1:159:354:525:524:23:350:339:189:352:315:355:355:353:96:356:328:335:65:347:464:356:318:358:40:359:354:354:324:83:595:94:199:361:288:449:311:121:365:361:556:359:355:46:581:367:368:332:256:102:264:365:358:581:252:338:370:371:272:206:368:372:438:373:370:337:25:125:297:375:338:376:404:100:263:273:145:371:8:377:378:245:376:375:377:322:373:333:367:368:378:126:372:52:276:376:311:345:379:380:370:284:215:382:225:106:383:344:554:383:336:384:309:200:296:386:360:524:129:207:595:200:290:244:387:319:333:200:258:388:342:389:213:380:329:42:356:389:382:16:390:310:581:388:390:347:17:274:346:391:385:306:392:374:386:58:138:304:371:395:395:367:280:291:99:229:357:392:256:397:397:320:376:54:245:398:399:406:374:156:163:402:400:403:350:365:391:399:404:251:290:276:414:0:406:326:404:375:406:130:361:28:403:369:407:385:341:408:291:336:313:410:216:379:372:278:297:322:408:357:18:291:407:359:178:464:399:118:283:380:218:99:377:348:400:386:290:400:253:414:356:416:415:416:53:417:353:110:373:351:418:106:330:420:350:434:173:421:417:262:307:212:382:379:424:553:275:402:425:420:303:308:282:66:161:112:410:283:406:553:325:429:254:302:429:329:374:421:10:432:430:194:357:387:280:397:352:285:208:431:427:432:228:420:258:430:433:434:241:434:405:220:234:433:468:406:432:383:410:437:384:438:383:384:439:198:440:424:425:417:441:415:442:15:307:499:450:120:437:250:47:450:399:185:321:381:405:447:424:448:427:265:441:447:445:444:389:413:446:385:422:408:340:452:247:407:496:393:434:436:439:453:411:454:454:275:340:453:455:331:179:427:237:495:465:293:99:455:456:442:288:287:449:253:403:459:448:448:416:454:459:421:59:392:444:236:164:429:463:424:460:381:464:465:143:81:460:421:442:390:369:465:466:280:467:227:143:93:468:466:463:415:436:469:391:418:439:203:343:455:103:370:268:268:452:168:429:472:440:281:378:470:469:475:468:393:569:476:456:449:314:478:422:479:358:481:568:304:511:478:483:475:476:479:396:335:494:444:281:201:432:486:511:27:280:471:460:165:511:59:398:398:467:489:483:556:445:490:182:433:489:348:490:491:491:447:569:426:303:454:441:328:369:82:494:56:347:495:209:491:170:44:328:419:184:316:418:456:369:306:226:486:209:496:325:409:396:511:419:164:500:514:547:590:250:488:333:488:459:476:500:377:438:390:471:415:466:554:251:519:519:508:509:497:154:494:364:510:510:131:449:368:593:508:119:493:498:181:509:364:262:513:472:409:105:483:426:426:447:357:470:396:64:339:387:397:504:215:364:568:459:497:545:373:530:504:419:519:499:283:451:481:381:545:12:7:351:485:520:523:490:313:497:469:405:525:217:398:238:525:590:90:467:463:43:413:333:481:307:530:319:414:529:188:295:294:464:425:127:524:530:263:46:267:315:498:529:452:277:479:462:530:523:528:80:516:593:504:355:95:537:485:445:467:537:92:539:281:539:499:96:249:474:176:534:255:320:528:532:542:543:544:394:542:543:422:425:516:592:496:394:364:236:513:490:544:427:141:426:532:547:465:513:539:499:262:591:152:293:29:545:534:302:394:514:556:495:340:436:451:483:474:175:553:493:283:534:446:555:372:555:544:493:319:547:456:401:257:489:598:431:534:578:197:556:272:277:560:444:561:473:560:546:265:575:575:261:598:560:166:561:388:475:413:537:458:510:535:462:401:277:540:446:492:458:239:470:323:390:516:458:569:498:334:484:590:360:409:440:389:501:514:519:47:603:462:578:500:145:501:353:595:478:598:450:545:481:580:577:498:214:565:577:437:448:592:278:395:508:569:535:277:580:580:509:540:546:579:594:420:419:211:473:570:270:430:520:488:453:586:517:522:437:428:529:472:165:579:528:582:341:73:445:517:578:565:204:591:577:262:428:591:593:593:367:574:586:574:603:343:594:470:484:540:541:80:396:541:204:594:270:601:532:484:576:594:601:391:188:570:9:106:586:583:517:546:270:251:474:542:306:401:602:300:479:603:565:602:576:491:543:251:586:583:520:501:561:48:431:555:451:579:570:311:486:49:428:575:523:582:433:24
2267,2780,543,0,6331,43:1:2:32:2:4:187:6:7:4:8:63:36:9:10:160:10:12:215:312:12:14:9:8:15:16:20:15:18:19:503:19:81:22:48:7:23:18:14:503:24:4:16:6:25:12:38:26:0:28:131:25:29:29:503:492:45:24:26:31:606:7:60:21:28:33:20:492:23:4:34:32:16:34:312:48:36:312:22:0:37:46:33:492:38:23:39:39:606:171:41:171:42:43:2:38:215:41:33:44:160:20:89:21:75:45:606:49:108:190:10:50:49:44:51:77:34:47:52:51:53:54:55:36:53:32:57:28:48:94:93:42:60:49:61:47:62:120:55:64:65:54:52:62:43:64:93:66:67:1:73:67:68:31:37:69:57:65:548:182:69:22:89:8:60:217:72:56:40:68:29:120:19:74:124:74:65:75:37:43:76:61:77:0:45:78:233:81:72:596:61:80:596:11:82:83:84:56:64:596:548:85:86:85:80:233:86:80:73:87:83:63:69:55:88:89:78:90:88:91:67:91:89:14:548:78:81:88:94:21:95:40:11:31:52:44:55:94:87:95:97:192:40:97:72:21:144:50:136:223:100:101:102:103:82:104:25:103:101:105:106:103:73:107:105:104:108:98:109:108:51:109:39:100:128:15:160:71:107:111:112:113:114:54:159:116:102:126:83:116:94:114:36:107:117:118:68:119:77:71:132:112:58:63:536:121:122:122:119:111:42:90:5:123:113:159:606:124:125:31:118:41:5:124:127:126:128:129:130:29:130:131:122:132:125:133:123:117:133:127:18:126:129:33:34:132:109:19:134:97:135:58:134:137:135:76:109:96:139:127:78:140:141:186:142:84:96:137:130:101:141:142:144:145:136:146:129:91:146:139:27:84:119:147:5:138:121:149:61:147:233:95:192:53:151:123:147:120:125:87:152:153:41:153:145:152:149:100:186:39:154:155:150:50:157:107:156:133:155:223:136:158:154:157:75:158:151:190:142:160:143:146:161:162:163:59:162:161:11:37:143:128:150:140:190:112:167:153:168:169:58:124:169:168:170:11:6:84:131:56:1:172:172:137:156:322:167:536:173:66:174:173:175:174:165:166:17:166:170:536:175:164:66:187:178:536:503:179:180:180:181:181:182:158:183:26:134:184:179:175:185:116:186:186:151:95:159:173:185:164:46:62:139:187:189:171:191:150:24:113:93:90:191:179:193:191:134:105:194:110:138:189:183:67:110:195:194:196:197:312:27:132:197:198:195:199:143:74:184:106:98:155:196:200:166:152:192:181:5:57:183:201:141:138:202:200:51:203:253:199:190:205:205:104:206:46:176:207:208:201:168:203:198:243:209:66:6:211:2:111:172:208:211:110:209:411:212:202:213:194:212:117:411:176:193:167:210:206:170:114:201:137:135:168:20:147:122:161:188:169:213:216:144:217:85:153:55:218:219:360:151:146:92:22:221:220:219:221:165:195:222:223:224:180:229:221:163:222:215:174:156:182:184:225:226:227:218:144:150:228:226:155:218:210:230:123:225:136:231:50:74:224:554:231:212:230:197:102:45:77:98:234:234:235:234:236:221:237:238:154:88:236:199:239:118:208:165:237:554:241:240:241:242:308:239:235:62:27:223:219:63:243:133:243:176:230:242:76:108:227:244:226:245:217:246:222:228:247:248:246:416:235:249:224:247:210:249:252:135:225:316:239:248:229:233:250:252:110:249:209:166:97:17:86:231:240:242:254:255:257:216:402:255:258:185:259:256:254:258:257:260:32:261:360:162:263:264:178:265:259:213:263:59:238:266:259:267:211:254:260:248:71:268:252:268:269:244:264:245:272:243:9:57:193:196:273:269:26:267:227:274:275:276:440:276:275:278:290:272:81:273:274:595:163:282:86:71:38:192:17:284:278:285:239:282:116:286:246:247:149:287:274:286:284:220:266:220:139:266:202:384:289:411:265:260:180:92:300:285:169:292:289:279:271:279:293:199:294:284:206:149:287:295:294:296:121:91:40:292:297:273:298:162:299:300:286:524:324:157:295:302:231:303:300:69:268:297:140:271:293:260:219:98:265:304:305:304:261:205:86:279:292:188:308:302:309:298:305:205:237:295:308:287:296:191:310:311:24:198:311:313:189:314:315:142:316:266:250:313:314:317:306:314:92:298:230:299:253:14:303:111:158:318:289:309:257:238:317:320:321:320:113:299:318:317:315:321:198:322:267:60:323:323:323:203:157:324:325:326:140:68:310:316:319:324:214:104:305:325:288:328:329:285:330:244:294:331:331:332:207:332:334:337:336:99:338:334:339:222:339:321:525:335:128:341:171:338:330:329:342:214:229:342:343:335:282:336:188:235:337:72:326:240:344:345:346:347:269:345:341:348:271:382:85:346:350:348:351:351:343:352:241:255:299:342:310:353:344:1:159:354:525:524:23:350:339:189:352:315:355:355:353:96:356:328:335:65:347:464:356:318:358:40:359:354:354:324:83:595:94:199:361:288:449:311:121:365:361:556:359:355:553:581:367:368:332:256:102:264:365:358:581:252:338:370:371:272:206:368:372:438:373:370:337:25:125:297:375:338:376:404:100:263:273:145:371:8:377:378:245:376:375:377:322:373:333:367:368:378:126:372:52:276:376:311:345:379:380:370:284:215:382:225:106:383:344:554:383:336:384:309:200:296:386:360:524:129:207:595:200:290:244:387:319:333:200:258:388:342:389:213:380:329:42:356:389:382:16:390:310:581:388:390:347:17:274:346:391:385:306:392:374:386:58:138:304:371:395:395:367:280:291:99:229:357:392:256:397:397:320:376:54:245:398:399:406:374:156:163:402:400:403:350:365:391:399:404:251:290:276:414:0:406:326:404:375:406:130:361:28:403:369:407:385:341:408:291:336:313:410:216:379:372:278:297:322:408:357:18:291:407:359:178:464:399:118:283:380:218:99:377:348:400:386:290:400:253:414:356:416:415:416:53:417:353:110:373:351:418:106:330:420:350:434:173:421:417:262:307:212:382:379:424:553:275:402:425:420:303:308:282:66:161:112:410:283:406:353:325:429:254:302:429:329:374:421:10:432:430:194:357:387:280:397:352:285:208:431:427:432:228:420:258:430:433:434:241:434:405:220:234:433:468:406:432:383:410:437:384:438:383:384:439:198:440:424:425:417:441:415:442:15:307:499:450:120:437:250:47:450:399:185:321:381:405:447:424:448:427:265:441:447:445:444:389:413:446:385:422:408:340:452:247:407:496:393:434:436:439:453:411:454:454:275:340:453:455:331:179:427:237:495:465:293:99:455:456:442:288:287:449:253:403:459:448:448:416:454:459:421:59:392:444:236:164:429:463:424:460:381:464:465:143:81:460:421:442:390:369:465:466:280:467:227:143:93:468:466:463:415:436:469:391:418:439:203:343:455:103:370:268:268:452:168:429:472:440:281:378:470:469:475:468:393:569:476:456:449:314:478:422:479:358:481:568:304:511:478:483:475:476:479:396:335:494:444:281:201:432:486:511:27:280:471:460:165:511:59:398:398:467:489:483:556:445:490:182:433:489:348:490:491:491:447:569:426:303:454:441:328:369:82:494:56:347:495:209:491:170:44:328:419:184:316:418:456:369:306:226:486:209:496:325:409:396:511:419:164:500:514:547:590:250:488:333:488:459:476:500:377:438:390:471:415:466:554:251:519:519:508:509:497:154:494:364:510:510:131:449:368:593:508:119:493:498:181:509:364:262:513:472:409:105:483:426:426:447:357:470:396:64:339:387:397:504:215:364:568:459:497:545:373:530:504:419:519:499:283:451:481:381:545:12:7:351:485:520:523:490:313:497:469:405:525:217:398:238:525:590:90:467:463:43:413:333:481:307:530:319:414:529:188:295:294:464:425:127:524:530:263:46:267:315:498:529:452:277:479:462:530:523:528:80:516:593:504:355:95:537:485:445:467:537:92:539:281:539:499:96:249:474:176:534:255:320:528:532:542:543:544:394:542:543:422:425:516:592:496:394:364:236:513:490:544:427:141:426:532:547:465:513:539:499:262:591:152:293:29:545:534:302:394:514:556:495:340:436:451:483:474:175:553:493:283:534:446:555:372:555:544:493:319:547:456:401:257:489:598:431:534:578:197:556:272:277:560:444:561:473:560:546:265:575:575:261:598:560:166:561:388:475:413:537:458:510:535:462:401:277:540:446:492:458:239:470:323:390:516:458:569:498:334:484:590:360:409:440:389:501:514:519:47:603:462:578:500:145:501:353:595:478:598:450:545:481:580:577:498:214:565:577:437:448:592:278:395:508:569:535:277:580:580:509:540:546:579:594:420:419:211:473:570:270:430:520:488:453:586:517:522:437:428:529:472:165:579:528:582:341:73:445:517:578:565:204:591:577:262:428:591:593:593:367:574:586:574:603:343:594:470:484:540:541:80:396:541:204:594:270:601:532:484:576:594:601:391:188:570:9:106:586:583:517:546:270:251:474:542:306:401:602:300:479:603:565:602:576:491:543:251:586:583:520:501:561:48:431:555:451:579:570:311:486:49:428:575:523:582:433:24
2288,2809,542,0,6330,43:1:2:32:2:4:187:6:7:4:8:63:36:9:10:160:10:12:215:312:12:14:9:8:15:16:20:15:18:19:503:19:81:22:48:7:23:18:14:503:24:4:16:6:25:12:38:26:0:28:131:25:29:29:503:492:45:24:26:31:606:7:60:21:28:33:20:492:23:4:34:32:16:34:312:48:36:312:22:0:37:46:33:492:38:23:39:39:606:171:41:171:42:43:2:38:215:41:33:44:160:20:89:21:75:45:606:49:108:190:10:50:49:44:51:77:34:47:52:51:53:54:55:36:53:32:57:28:48:94:93:42:60:49:61:47:62:120:55:64:65:54:52:62:43:64:93:66:67:1:73:67:68:31:37:69:57:65:548:182:69:22:89:8:60:217:72:56:40:68:29:120:19:74:124:74:65:75:37:43:76:61:77:0:45:78:233:81:72:596:61:80:596:11:82:83:84:56:64:596:548:85:86:85:80:233:86:80:73:87:83:63:69:55:88:89:78:90:88:91:67:91:89:14:548:78:81:88:94:21:95:40:11:31:52:44:55:94:87:95:97:192:40:97:72:21:144:50:136:223:100:101:102:103:82:104:25:103:101:105:106:103:73:107:105:104:108:98:109:108:51:109:39:100:128:15:160:71:107:111:112:113:114:54:159:116:102:126:83:116:94:114:36:107:117:118:68:119:77:71:132:112:58:63:536:121:122:122:119:111:42:90:5:123:113:159:606:124:125:31:118:41:5:124:127:126:128:129:130:29:130:131:122:132:125:133:123:117:133:127:18:126:129:33:34:132:109:19:134:97:135:58:134:137:135:76:109:96:139:127:78:140:141:186:142:84:96:137:130:101:141:142:144:145:136:146:129:91:146:139:27:84:119:147:5:138:121:149:61:147:233:95:192:53:151:123:147:120:125:87:152:153:41:153:145:152:149:100:186:39:154:155:150:50:157:107:156:133:155:223:136:158:154:157:75:158:151:190:142:160:143:146:161:162:163:59:162:161:11:37:143:128:150:140:190:112:167:153:168:169:58:124:169:168:170:11:6:84:131:56:1:172:172:137:156:322:167:536:173:66:174:173:175:174:165:166:17:166:170:536:175:164:66:187:178:536:503:179:180:180:181:181:182:158:183:26:134:184:179:175:185:116:186:186:151:95:159:173:185:164:46:62:139:187:189:171:191:150:24:113:93:90:191:179:193:191:134:105:194:110:138:189:183:67:110:195:194:196:197:312:27:132:197:198:195:199:143:74:184:106:98:155:196:200:166:152:192:181:5:57:183:201:141:138:202:200:51:203:253:199:190:205:205:104:206:46:176:207:208:201:168:203:198:243:209:66:6:211:2:111:172:208:211:110:209:411:212:202:213:194:212:117:411:176:193:167:210:206:170:114:201:137:135:168:20:147:122:161:188:169:213:216:144:217:85:153:55:218:219:360:151:146:92:22:221:220:219:221:165:195:222:223:224:180:229:221:163:222:215:174:156:182:184:225:226:227:218:144:150:228:226:155:218:210:230:123:225:136:231:50:74:224:554:231:212:230:197:102:45:77:98:234:234:235:234:236:221:237:238:154:88:236:199:239:118:208:165:237:554:241:240:241:242:308:239:235:62:27:223:219:63:243:133:243:176:230:242:76:108:227:244:226:245:217:246:222:228:247:248:246:416:235:249:224:247:210:249:252:135:225:316:239:248:229:233:250:252:110:249:209:166:97:17:86:231:240:242:254:255:257:216:402:255:258:185:305:256:254:258:257:260:32:261:360:162:263:264:178:265:259:213:263:59:238:266:259:267:211:254:260:248:71:268:252:268:269:244:264:245:272:243:9:57:193:196:273:269:26:267:227:274:275:276:440:276:275:278:290:272:81:273:274:595:163:282:86:71:38:192:17:284:278:285:239:282:116:286:246:247:149:287:274:286:284:220:266:220:139:266:202:384:289:411:265:260:180:92:300:285:169:292:289:279:271:279:293:199:294:284:206:149:287:295:294:296:121:91:40:292:297:273:298:162:299:300:286:524:324:157:295:302:231:303:300:69:268:297:140:271:293:260:219:98:265:304:305:304:261:205:86:306:292:188:308:302:309:298:279:205:237:295:308:287:296:191:310:311:24:198:311:313:189:314:315:142:316:266:250:313:314:317:306:314:92:298:230:299:253:14:303:111:158:318:289:309:257:238:317:320:321:320:113:299:318:259:315:321:198:322:267:60:323:323:323:203:157:324:325:326:140:68:310:316:319:324:214:104:305:325:288:328:329:285:330:244:294:331:331:332:207:332:334:337:336:99:338:334:339:222:339:321:525:335:128:341:171:338:330:329:342:214:229:342:343:335:282:336:188:235:337:72:326:240:344:345:346:347:269:345:341:348:271:382:85:346:350:348:351:351:343:352:241:255:299:342:310:353:344:1:159:354:525:524:23:350:339:189:352:315:355:355:353:96:356:328:335:65:347:464:356:318:358:40:359:354:354:324:83:595:94:199:361:288:449:311:121:365:361:556:359:355:553:581:367:368:332:256:102:264:365:358:581:252:338:370:371:272:206:368:372:438:373:370:337:25:125:297:375:338:376:404:100:263:273:145:371:8:377:378:245:376:375:377:322:373:333:367:368:378:126:372:52:276:376:311:345:379:380:370:284:215:382:225:106:383:344:554:383:336:384:309:200:296:386:360:524:129:207:595:200:290:244:387:319:333:200:258:388:342:389:213:380:329:42:356:389:382:16:390:310:581:388:390:347:17:274:346:391:385:306:392:374:386:58:138:304:371:395:395:367:280:291:99:229:357:392:256:397:397:320:376:54:245:398:399:406:374:156:163:402:414:403:350:365:391:399:404:251:290:276:414:0:406:326:404:375:406:130:361:28:403:369:407:385:341:408:291:336:313:410:216:379:372:278:297:322:408:357:18:291:407:359:178:464:399:118:283:380:218:99:377:348:473:386:290:317:253:414:356:416:415:416:53:417:353:110:373:351:418:106:330:420:350:434:173:421:417:262:307:212:382:379:424:553:275:402:425:420:303:308:282:66:161:112:410:283:406:353:325:429:254:302:429:329:374:421:10:432:430:194:357:387:280:397:352:285:208:431:427:432:228:420:258:430:433:434:241:434:405:220:234:433:468:406:432:383:410:437:384:438:383:384:439:198:440:424:425:417:441:415:442:15:307:499:450:120:437:250:47:450:399:185:321:381:405:447:424:448:427:265:441:447:445:444:389:413:446:385:422:408:340:452:247:407:496:393:434:436:439:453:411:454:454:275:340:453:455:331:179:427:237:495:465:293:99:455:456:442:288:287:449:253:403:459:448:448:416:454:459:421:59:392:444:236:164:429:463:424:460:381:464:465:143:81:460:421:442:390:369:465:466:280:467:227:143:93:468:466:463:415:436:469:391:418:439:203:343:455:103:370:268:268:452:168:429:472:440:281:378:470:469:475:468:393:569:476:456:449:314:478:422:479:358:481:568:304:511:478:483:475:476:479:396:335:494:444:281:201:432:486:511:27:280:471:460:165:511:59:398:398:467:489:483:556:445:490:182:433:489:348:490:491:491:447:569:426:303:454:441:328:369:82:494:56:347:495:209:491:170:44:328:419:184:316:418:456:369:306:226:486:209:496:325:409:396:511:419:164:500:514:547:590:250:488:333:488:459:476:500:377:438:390:471:415:466:554:251:519:519:508:509:497:154:494:364:510:510:131:449:368:593:508:119:493:498:181:509:364:262:513:472:409:105:483:426:426:447:357:470:396:64:339:387:397:504:215:364:568:459:497:545:373:530:504:419:519:499:283:451:481:381:545:12:7:351:485:520:523:490:313:497:469:405:525:217:398:238:525:590:90:467:463:43:413:333:481:307:530:319:414:529:188:295:294:464:425:127:524:530:263:46:267:315:498:529:452:277:479:462:530:523:528:80:516:593:504:355:95:537:485:445:467:537:92:539:281:539:499:96:249:474:176:534:255:320:528:532:542:543:544:394:542:543:422:425:516:592:496:394:364:236:513:490:544:427:141:426:532:547:465:513:539:499:262:591:152:293:29:545:534:302:394:514:556:495:340:436:451:483:474:175:553:493:283:534:446:555:372:555:544:493:319:547:456:401:257:489:598:431:534:578:197:556:272:277:560:444:561:473:560:546:265:575:575:261:598:560:166:561:388:475:413:537:458:510:535:462:401:277:540:446:492:458:239:470:323:390:516:458:569:498:334:484:590:360:409:440:389:501:514:519:47:603:462:578:500:145:501:353:595:478:598:450:545:481:580:577:498:214:565:577:437:448:592:278:395:508:569:535:277:580:580:509:540:546:579:594:420:419:211:473:570:270:430:520:488:453:586:517:522:437:428:529:472:165:579:528:582:341:73:445:517:578:565:204:591:577:262:428:591:593:593:367:574:586:574:603:343:594:470:484:540:541:80:396:541:204:594:270:601:532:484:576:594:601:391:188:570:9:106:586:583:517:546:270:251:474:542:522:401:602:300:479:603:565:602:576:491:543:251:586:583:520:501:561:48:431:555:451:579:570:311:486:49:428:575:523:582:433:24
2385,2942,541,0,6328,43:1:2:32:2:4:187:6:7:4:8:63:36:9:10:160:10:12:215:312:12:14:9:8:15:16:20:15:18:19:503:19:81:22:48:7:23:18:14:503:24:4:16:6:25:12:38:26:0:28:131:25:29:29:503:492:45:24:26:31:606:7:60:21:28:33:20:492:23:4:34:32:16:34:312:48:36:312:22:0:37:46:33:492:38:23:39:39:606:171:41:171:42:43:2:38:215:41:33:44:160:20:89:21:75:45:606:49:108:190:10:50:49:44:51:77:34:47:52:51:53:54:55:36:53:32:57:28:48:94:93:42:60:49:61:47:62:120:55:64:65:54:52:62:43:64:93:66:67:1:73:67:68:31:37:69:57:65:548:182:69:22:89:8:60:217:72:56:40:68:29:120:19:74:124:74:65:75:37:43:76:61:77:0:45:78:233:81:72:596:61:80:596:11:82:83:84:56:64:596:548:85:86:85:80:233:86:80:73:87:83:63:69:55:88:89:78:90:88:91:67:91:89:14:548:78:81:88:94:21:95:40:11:31:52:44:55:94:87:95:97:192:40:97:72:21:144:50:136:223:100:101:102:103:82:104:25:103:101:105:106:103:73:107:105:104:108:98:109:108:51:109:39:100:128:15:160:71:107:111:112:113:114:54:159:116:102:126:83:116:94:114:36:107:117:118:68:119:77:71:132:112:58:63:536:121:122:122:119:111:42:90:5:123:113:159:606:124:125:31:118:41:5:124:127:126:128:129:130:29:130:131:122:132:125:133:123:117:133:127:18:126:129:33:34:132:109:19:134:97:135:58:134:137:135:76:109:96:139:127:78:140:141:186:142:84:96:137:130:101:141:142:144:145:136:146:129:91:146:139:27:84:119:147:5:138:121:149:61:147:233:95:192:53:151:123:147:120:125:87:152:153:41:153:145:152:149:100:186:39:154:155:150:50:157:107:156:133:155:223:136:158:154:157:75:158:151:190:142:160:143:146:161:162:163:59:162:161:11:37:143:128:150:140:190:112:167:153:168:169:58:124:169:168:170:11:6:84:131:56:1:172:172:137:156:322:167:536:173:66:174:173:175:174:165:166:17:166:170:536:175:164:66:187:178:536:503:179:180:180:181:181:182:158:183:26:134:184:179:175:185:116:186:186:151:95:159:173:185:164:46:62:139:187:189:171:191:150:24:113:93:90:191:179:193:191:134:105:194:110:138:189:183:67:110:195:194:196:197:312:27:132:197:198:195:199:143:74:184:106:98:155:196:200:166:152:192:181:5:57:183:201:141:138:202:200:51:203:253:199:190:205:205:104:206:46:176:207:208:201:168:203:198:243:209:66:6:211:2:111:172:208:211:110:209:411:212:202:213:194:212:117:411:176:193:167:210:206:170:114:201:137:135:168:20:147:122:161:188:169:213:216:144:217:85:153:55:218:219:360:151:146:92:22:221:220:219:221:165:195:222:223:224:180:229:221:163:222:215:174:156:182:184:225:226:227:218:144:150:228:226:155:218:210:230:123:225:136:231:50:74:224:554:231:212:230:197:102:45:77:98:234:234:235:234:236:221:237:238:154:88:236:199:239:118:208:165:237:554:241:240:241:242:308:239:235:62:27:223:219:63:243:133:243:176:230:242:76:108:227:244:226:245:217:246:222:228:247:248:246:416:235:249:224:247:210:249:252:135:225:316:239:248:229:233:250:252:110:249:209:166:97:17:86:231:240:242:254:255:257:216:402:255:258:185:305:256:254:258:257:260:32:261:360:162:263:264:178:265:259:213:263:59:238:266:259:267:211:254:260:248:71:268:252:268:269:244:264:245:272:243:9:57:193:196:273:269:26:267:227:274:275:276:440:276:275:278:290:272:81:273:274:595:163:282:86:71:38:192:17:284:278:285:239:282:116:286:246:247:149:287:274:286:284:220:266:220:139:266:202:384:289:411:265:260:180:92:300:285:169:292:289:279:271:279:293:199:294:284:206:149:287:295:294:296:121:91:40:292:297:273:298:162:299:300:286:524:324:157:295:302:231:303:300:69:268:297:140:271:293:260:219:98:265:304:305:304:261:205:86:306:292:188:308:302:309:298:279:205:237:295:308:287:296:191:310:311:24:198:311:313:189:314:315:142:316:266:250:313:314:317:306:314:92:298:230:299:253:14:303:111:158:318:289:309:257:238:317:320:321:320:113:299:318:259:315:321:198:322:267:60:323:323:323:203:157:324:325:326:140:68:310:316:319:324:214:104:305:325:288:328:329:285:330:244:294:331:331:332:207:332:334:337:336:99:338:334:339:222:339:321:525:335:128:341:171:338:330:329:342:214:229:342:343:335:282:336:188:235:337:72:326:240:344:345:346:347:269:345:341:348:271:382:85:346:350:348:351:351:343:352:241:255:299:342:310:353:344:1:159:354:525:524:23:350:339:189:352:315:355:355:353:96:356:328:335:65:347:464:356:318:358:40:359:354:354:324:83:595:94:199:361:288:449:311:121:365:361:556:359:355:553:568:367:368:332:256:102:264:365:358:568:252:338:370:371:272:206:368:372:438:373:370:337:25:125:297:375:338:376:404:100:263:273:145:371:8:377:378:245:376:375:377:322:373:333:367:368:378:126:372:52:276:376:311:345:379:380:370:284:215:382:225:106:383:344:554:383:336:384:309:200:296:386:360:524:129:207:595:200:290:244:387:319:333:200:258:388:342:389:213:380:329:42:356:389:382:16:390:310:374:388:390:347:17:274:346:391:385:306:392:473:386:58:138:304:371:395:395:367:280:291:99:229:357:392:256:397:397:320:376:54:245:398:399:406:374:156:163:402:414:403:350:365:391:399:404:251:290:276:414:0:406:326:404:375:406:130:361:28:403:369:407:385:341:408:291:336:313:410:216:379:372:278:297:322:408:357:18:291:407:359:178:464:399:118:283:380:218:99:377:348:473:386:290:317:253:414:356:416:415:416:53:417:353:110:373:351:418:106:330:420:350:434:173:421:417:262:307:212:382:379:424:553:275:402:425:420:303:308:282:66:161:112:410:283:406:353:325:429:254:302:429:329:374:421:10:432:430:194:357:387:280:397:352:285:208:431:427:432:228:420:258:430:433:434:241:434:405:220:234:433:468:406:432:383:410:437:384:438:383:384:439:198:440:424:425:417:441:415:442:15:307:499:450:120:437:250:47:450:399:185:321:381:405:447:424:448:427:265:441:447:445:444:389:413:446:385:422:408:340:452:247:407:496:393:434:436:439:453:411:454:454:275:340:453:455:331:179:427:237:495:465:293:99:455:456:442:288:287:449:253:403:459:448:448:416:454:459:421:59:392:444:236:164:429:463:424:460:381:464:465:143:81:460:421:442:390:369:465:466:280:467:227:143:93:468:466:463:415:436:469:391:418:439:203:343:455:103:370:268:268:452:168:429:472:440:281:378:470:469:475:468:393:569:476:456:449:314:478:422:479:358:481:568:304:511:478:483:475:476:479:396:335:494:444:281:201:432:486:511:27:280:471:460:165:511:59:398:398:467:489:483:556:445:490:182:433:489:348:490:491:491:447:569:426:303:454:441:328:369:82:494:56:347:495:209:491:170:44:328:419:184:316:418:456:369:306:226:486:209:496:325:409:396:511:419:164:500:514:547:590:250:488:333:488:459:476:500:377:438:390:471:415:466:554:251:519:519:508:509:497:154:494:364:510:510:131:449:368:593:508:119:493:498:181:509:364:262:513:472:409:105:483:426:426:447:357:470:396:64:339:387:397:504:215:364:575:459:497:545:373:530:504:419:519:499:283:451:481:381:545:12:7:351:485:520:523:490:313:497:469:405:525:217:398:238:525:590:90:467:463:43:413:333:481:307:530:319:414:529:188:295:294:464:425:127:524:530:263:46:267:315:498:529:452:277:479:462:530:523:528:80:516:593:504:355:95:537:485:445:467:537:92:539:281:539:499:96:249:474:176:534:255:320:528:532:542:543:544:394:542:543:422:425:516:592:496:394:364:236:513:490:544:427:141:426:532:547:465:513:539:499:262:591:152:293:29:545:534:302:394:514:556:495:340:436:451:483:474:175:553:493:283:534:446:555:372:555:544:493:319:547:456:401:257:489:598:431:534:578:197:556:272:277:560:444:561:473:560:546:265:575:575:261:598:560:166:561:388:475:413:537:458:510:535:462:401:277:540:446:492:458:239:470:323:390:516:458:569:498:334:484:590:360:409:440:389:501:514:519:47:603:462:578:500:145:501:353:595:478:598:450:545:481:580:577:498:214:565:577:437:448:592:278:395:508:569:535:277:580:580:509:540:546:579:594:420:419:211:473:570:270:430:520:488:453:586:517:522:437:428:529:472:165:579:528:582:341:73:445:517:578:565:204:591:577:262:428:591:593:593:367:574:586:574:603:343:594:470:484:540:541:80:396:541:204:594:270:601:532:484:576:594:601:391:188:570:9:106:586:583:517:546:270:251:474:542:522:401:602:300:479:603:565:602:576:491:543:251:586:583:520:501:561:48:431:555:451:579:570:311:486:49:428:279:523:582:433:24
2427,2998,540,0,6327,43:1:2:32:2:4:187:6:7:4:8:63:36:9:10:160:10:12:215:312:12:14:9:8:15:16:20:15:18:19:503:19:81:22:48:7:23:18:14:503:24:4:16:6:25:12:38:26:0:28:131:25:29:29:503:492:45:24:26:31:606:7:60:21:28:33:20:492:23:4:34:32:16:34:312:48:36:312:22:0:37:46:33:492:38:23:39:39:606:171:41:171:42:43:2:38:215:41:33:44:160:20:89:21:75:45:606:49:108:190:10:50:49:44:51:77:34:47:52:51:53:54:55:36:53:32:57:28:48:94:93:42:60:49:61:47:62:120:55:64:65:54:52:62:43:64:93:66:67:1:73:67:68:31:37:69:57:65:548:182:69:22:89:8:60:217:72:56:40:68:29:120:19:74:124:74:65:75:37:43:76:61:77:0:45:78:233:81:72:596:61:80:596:11:82:83:84:56:64:596:548:85:86:85:80:233:86:80:73:87:83:63:69:55:88:89:78:90:88:91:67:91:89:14:548:78:81:88:94:21:95:40:11:31:52:44:55:94:87:95:97:192:40:97:72:21:144:50:136:223:100:101:102:103:82:104:25:103:101:105:106:103:73:107:105:104:108:98:109:108:51:109:39:100:128:15:160:71:107:111:112:113:114:54:159:116:102:126:83:116:94:114:36:107:117:118:68:119:77:71:132:112:58:63:536:121:122:122:119:111:42:90:5:123:113:159:606:124:125:31:118:41:5:124:127:126:128:129:130:29:130:131:122:132:125:133:123:117:133:127:18:126:129:33:34:132:109:19:134:97:135:58:134:137:135:76:109:96:139:127:78:140:141:186:142:84:96:137:130:101:141:142:144:145:136:146:129:91:146:139:27:84:119:147:5:138:121:149:61:147:233:95:192:53:151:123:147:120:125:87:152:153:41:153:145:152:149:100:186:39:154:155:150:50:157:107:156:133:155:223:136:158:154:157:75:158:151:190:142:160:143:146:161:162:163:59:162:161:11:37:143:128:150:140:190:112:167:153:168:169:58:124:169:168:170:11:6:84:131:56:1:172:172:137:156:322:167:536:173:66:174:173:175:174:165:166:17:166:170:536:175:164:66:187:178:536:503:179:180:180:181:181:182:158:183:26:134:184:179:175:185:116:186:186:151:95:159:173:185:164:46:62:139:187:189:171:191:150:24:113:93:90:191:179:193:191:134:105:194:110:138:189:183:67:110:195:194:196:197:312:27:132:197:198:195:199:143:74:184:106:98:155:196:200:166:152:192:181:5:57:183:201:141:138:202:200:51:203:253:199:190:205:205:104:206:46:176:207:208:201:168:203:198:243:209:66:6:211:2:111:172:208:211:110:209:411:212:202:213:194:212:117:411:176:193:167:210:206:170:114:201:137:135:168:20:147:122:161:188:169:213:216:144:217:85:153:55:218:219:360:151:146:92:22:221:220:219:221:165:195:222:223:224:180:229:221:163:222:215:174:156:182:184:225:226:227:218:144:150:228:226:155:218:210:230:123:225:136:231:50:74:224:554:231:212:230:197:102:45:77:98:234:234:235:234:236:221:237:238:154:88:236:199:239:118:208:165:237:554:241:240:241:242:308:239:235:62:27:223:219:63:243:133:243:176:230:242:76:108:227:244:226:245:217:246:222:228:247:248:246:416:235:249:224:247:210:249:252:135:225:316:239:248:229:233:250:252:110:249:209:166:97:17:86:231:240:242:254:255:257:216:402:255:258:185:305:256:254:258:257:260:32:261:360:162:263:264:178:265:259:213:263:59:238:266:259:267:211:254:260:248:71:268:252:268:269:244:264:245:272:243:9:57:193:196:273:269:26:267:227:274:275:276:440:276:275:278:290:272:81:273:274:595:163:282:86:71:38:192:17:284:278:285:239:282:116:286:246:247:149:287:274:286:284:220:266:220:139:266:202:384:289:411:265:260:180:92:300:285:169:292:289:279:271:279:293:199:294:284:206:149:287:295:294:296:121:91:40:292:297:273:298:162:299:300:286:524:324:157:295:302:231:303:300:69:268:297:140:271:293:260:219:98:265:304:305:304:261:205:86:306:292:188:308:302:309:298:279:205:237:295:308:287:296:191:310:311:24:198:311:313:189:314:315:142:316:266:250:313:314:317:306:314:92:298:230:299:253:14:303:111:158:318:289:309:257:238:317:320:321:320:113:299:318:259:315:321:198:322:267:60:323:323:323:203:157:324:325:326:140:68:310:316:319:324:214:104:305:325:288:328:329:285:330:244:294:331:331:332:207:332:334:337:336:99:338:334:339:222:339:321:525:335:128:341:171:338:330:329:342:214:229:342:343:335:282:336:188:235:337:72:326:240:344:345:346:347:269:345:341:348:271:382:85:346:350:348:351:351:343:352:241:255:299:342:310:353:344:1:159:354:525:524:23:350:339:189:352:315:355:355:353:96:356:328:335:65:347:464:356:318:358:40:359:354:354:324:83:595:94:199:361:288:449:311:121:365:361:556:359:355:553:568:367:368:332:256:102:264:365:358:568:252:338:370:371:272:206:368:372:438:373:370:337:25:125:297:375:338:376:404:100:263:273:145:371:8:377:378:245:376:375:377:322:373:333:367:368:378:126:372:52:276:376:311:345:379:380:370:284:215:382:225:106:383:344:554:383:336:384:309:200:296:386:360:524:129:207:595:200:290:244:387:319:333:200:258:388:342:389:213:380:329:42:356:389:382:16:390:310:374:388:390:347:17:274:346:391:385:306:392:473:386:58:138:304:371:395:395:367:280:291:99:229:357:392:256:397:397:320:376:54:245:398:399:406:374:156:163:402:414:403:350:365:391:399:404:251:290:276:414:0:406:326:404:375:406:130:361:28:403:369:407:385:341:408:291:336:313:410:216:379:372:278:297:322:408:357:18:291:407:359:178:464:399:118:283:380:218:99:377:348:473:386:290:317:253:414:356:416:415:416:53:417:353:110:373:351:418:106:330:420:350:434:173:421:417:262:307:212:382:452:424:553:275:402:425:420:303:308:282:66:161:112:410:283:406:353:325:429:254:302:429:329:374:421:10:432:430:194:357:387:280:397:352:285:208:431:427:432:228:420:258:430:433:434:241:434:405:220:234:433:468:406:432:383:410:437:384:438:383:384:439:198:440:424:425:417:441:415:442:15:307:499:450:120:437:250:47:450:399:185:321:381:405:447:424:448:427:265:441:447:445:444:389:413:446:385:422:379:340:452:247:407:496:393:434:436:439:453:411:454:454:275:340:453:455:331:179:427:237:495:465:293:99:455:456:442:288:287:449:253:403:459:448:448:416:454:459:421:59:392:444:236:164:429:463:424:460:381:464:465:143:81:460:421:442:390:369:465:466:280:467:227:143:93:468:466:463:415:436:469:391:418:439:203:343:455:103:370:268:268:452:168:429:472:440:281:378:470:469:475:468:393:569:476:456:449:314:478:422:479:358:481:568:304:511:478:483:475:476:479:396:335:494:444:281:201:432:486:511:27:280:471:460:165:511:59:398:398:467:489:483:556:445:490:182:433:489:348:490:491:491:447:569:426:303:454:441:328:369:82:494:56:347:495:209:491:170:44:328:419:184:316:418:456:369:306:226:486:209:496:325:409:396:511:419:164:500:514:547:590:250:488:333:488:459:476:500:377:438:390:471:415:466:554:251:519:519:508:509:497:154:494:364:374:510:131:449:368:593:508:119:493:498:181:509:364:262:513:472:409:105:483:426:426:447:357:470:396:64:339:387:397:504:215:364:575:459:497:545:373:530:504:419:519:499:283:451:481:381:545:12:7:351:485:520:523:490:313:497:469:405:525:217:398:238:525:590:90:467:463:43:413:333:481:307:530:319:414:529:188:295:294:464:425:127:524:530:263:46:267:315:498:529:452:277:479:462:530:523:528:80:516:593:504:355:95:537:485:445:467:537:92:539:281:539:499:96:249:474:176:534:255:320:528:532:542:543:544:394:542:543:422:425:516:592:496:394:364:236:513:490:544:427:141:426:532:547:465:513:539:499:262:591:152:293:29:545:534:302:394:514:556:495:340:436:451:483:474:175:553:493:283:534:446:555:372:555:544:493:319:547:456:401:257:489:598:431:534:578:197:556:272:277:560:444:561:473:560:546:265:575:575:261:598:560:166:561:388:475:413:537:458:510:408:462:401:277:540:446:492:458:239:470:323:390:516:458:569:498:334:484:590:360:409:440:389:501:514:519:47:603:462:578:500:145:501:353:595:478:598:450:545:481:580:577:498:214:565:577:437:448:592:278:395:508:569:510:277:580:580:509:540:546:579:594:420:419:211:473:570:270:430:520:488:453:586:517:522:437:428:529:472:165:579:528:582:341:73:445:517:578:565:204:591:577:262:428:591:593:593:367:574:586:574:603:343:594:470:484:540:541:80:396:541:204:594:270:601:532:484:576:594:601:391:188:570:9:106:586:583:517:546:270:251:474:542:522:401:602:300:479:603:565:602:576:491:543:251:586:583:520:501:561:48:431:555:451:579:570:311:486:49:428:279:523:582:433:24
2487,3082,540,0,6326,43:1:2:32:2:4:187:6:7:4:8:63:36:9:10:160:10:12:215:312:12:14:9:8:15:16:20:15:18:19:503:19:81:22:48:7:23:18:14:503:24:4:16:6:25:12:38:26:0:28:131:25:29:29:503:492:45:24:26:31:606:7:60:21:28:33:20:492:23:4:34:32:16:34:312:48:36:312:22:0:37:46:33:492:38:23:39:39:606:171:41:171:42:43:2:38:215:41:33:44:160:20:89:21:75:45:606:49:108:190:10:50:76:44:51:77:34:47:52:51:53:54:55:36:53:32:57:28:48:94:93:42:60:49:61:47:62:120:55:64:65:54:52:62:43:64:93:66:67:1:73:67:68:31:37:69:57:65:548:182:69:22:89:8:60:217:72:56:40:68:29:120:19:74:124:74:65:75:37:43:76:61:77:0:45:78:233:81:72:596:49:80:596:11:82:83:84:56:64:596:548:85:86:85:80:233:86:80:73:87:83:63:69:55:88:89:78:90:88:91:67:91:89:14:548:78:81:88:94:21:95:40:11:31:52:44:55:94:87:95:97:192:40:97:72:21:144:50:136:223:100:101:102:103:82:104:25:103:101:105:106:103:73:107:105:104:108:98:109:108:51:109:39:100:128:15:160:71:107:111:112:113:114:54:159:116:102:126:83:116:94:114:36:107:117:118:68:119:77:71:132:112:58:63:536:121:122:122:119:111:42:90:5:123:113:159:606:124:125:31:118:41:5:124:127:126:128:129:130:29:130:131:122:132:125:133:123:117:133:127:18:126:129:33:34:132:109:19:134:97:135:58:134:137:135:138:109:96:139:127:78:140:141:186:142:84:96:137:130:101:141:142:144:145:136:146:129:91:146:139:27:84:119:147:5:138:121:149:61:147:233:95:192:53:151:123:147:120:125:87:152:153:41:153:145:152:149:100:186:39:154:155:150:50:157:107:156:133:155:223:136:158:154:157:75:158:151:190:142:160:143:146:161:162:163:59:162:161:11:37:143:128:150:140:190:112:167:153:168:169:58:124:169:168:170:11:6:84:131:56:1:172:172:137:156:322:167:536:173:66:174:173:175:174:165:166:17:166:170:536:175:164:66:187:416:536:503:179:180:180:181:181:182:158:183:26:134:184:179:175:185:116:186:186:151:95:159:173:185:164:46:62:139:187:189:171:191:150:24:113:93:90:191:179:193:191:134:105:194:110:138:189:183:67:110:195:194:196:197:312:27:132:197:198:195:199:143:74:184:106:98:155:196:200:166:152:192:181:5:57:183:201:141:138:202:200:51:203:253:199:190:205:205:104:206:46:176:207:208:201:168:203:198:243:209:66:6:211:2:111:172:208:211:110:209:411:212:202:213:194:212:117:411:176:193:167:210:206:170:114:201:137:135:168:20:147:122:161:188:169:213:216:144:217:85:153:55:218:219:360:151:146:92:22:221:220:219:221:165:195:222:223:224:180:229:221:163:222:215:174:156:182:184:225:226:227:218:144:150:228:226:155:218:210:230:123:225:136:231:50:74:224:554:231:212:230:197:102:45:77:98:234:234:235:234:236:221:237:238:154:88:236:199:239:118:208:165:237:554:241:240:241:242:308:239:235:62:27:223:219:63:243:133:243:176:230:242:76:108:227:244:226:245:217:246:222:228:247:248:246:416:235:249:224:247:210:249:252:135:225:316:239:248:229:233:250:252:110:249:209:166:97:17:86:231:240:242:254:255:257:216:402:255:258:185:305:256:254:258:257:260:32:261:360:162:263:264:178:265:61:213:263:59:238:266:178:267:211:254:260:248:71:268:252:268:269:244:264:245:272:243:9:57:193:196:273:269:26:267:227:274:275:276:440:276:275:278:290:272:81:273:274:595:163:282:86:71:38:192:17:284:278:285:239:282:116:286:246:247:149:287:274:286:284:220:266:220:139:266:202:384:289:411:265:260:180:92:300:285:169:292:289:279:271:279:293:199:294:284:206:149:287:295:294:296:121:91:40:292:297:273:298:162:299:300:286:524:324:157:295:302:231:303:300:69:268:297:140:271:293:260:219:98:265:304:305:304:261:205:86:306:292:188:308:302:309:298:279:205:237:295:308:287:296:191:310:311:24:198:311:313:189:314:315:142:316:266:250:313:314:317:306:314:92:298:230:299:253:14:303:111:158:318:289:76:257:238:317:320:321:320:113:299:318:259:315:321:198:322:267:60:323:323:323:203:157:324:325:326:140:68:310:316:319:324:214:104:305:325:288:328:329:285:330:244:294:331:331:332:207:332:334:337:336:99:338:334:339:222:339:321:525:335:128:341:171:338:330:329:342:214:229:342:343:335:282:336:188:235:337:72:326:240:344:345:346:347:269:345:341:348:271:382:85:346:350:348:351:351:343:352:241:255:299:342:310:353:344:1:159:354:525:524:23:350:339:189:352:315:355:355:353:96:356:328:335:65:347:464:356:318:358:40:359:354:354:324:83:595:94:199:361:288:449:311:121:365:361:556:359:355:553:568:367:368:332:256:102:264:365:358:568:252:338:370:371:272:206:368:372:438:373:370:337:25:125:297:375:338:376:404:100:263:273:145:371:8:377:378:245:376:375:377:322:373:333:367:368:378:126:372:52:276:376:311:345:379:380:370:284:215:382:225:106:383:344:554:383:336:384:309:200:296:386:360:524:129:207:595:200:290:244:387:319:333:200:258:388:342:389:213:380:329:42:356:389:382:16:390:310:374:388:390:347:17:274:346:391:385:306:392:473:386:58:309:304:371:395:395:367:280:291:99:229:357:392:256:397:397:320:376:54:245:398:399:406:374:156:163:402:414:403:350:365:391:399:404:251:290:276:414:0:406:326:404:375:406:130:361:28:403:369:407:385:341:408:291:336:313:410:216:379:372:278:297:322:408:357:18:291:407:359:178:464:399:118:283:380:218:99:377:348:473:386:290:317:253:414:356:416:415:416:53:417:353:110:373:351:418:106:330:420:350:434:173:421:417:262:307:212:382:452:424:553:275:402:425:420:303:308:282:66:161:112:410:283:406:353:325:429:254:302:429:329:374:421:10:432:430:194:357:387:280:397:352:285:208:431:427:432:228:420:258:430:433:434:241:434:405:220:234:433:468:406:432:383:410:437:384:438:383:384:439:198:440:424:425:417:441:415:442:15:307:499:450:120:437:250:47:450:399:185:321:381:405:447:424:448:427:265:441:447:445:444:389:413:446:385:422:379:340:452:247:407:496:393:434:436:439:453:411:454:454:275:340:453:455:331:179:427:237:495:465:293:99:455:456:442:288:287:449:253:403:459:448:448:259:454:459:421:59:392:444:236:164:429:463:424:460:381:464:465:143:81:460:421:442:390:369:465:466:280:467:227:143:93:468:466:463:415:436:469:391:418:439:203:343:455:103:370:268:268:452:168:429:472:440:281:378:470:469:475:468:393:569:476:456:449:314:478:422:479:358:481:568:304:511:478:483:475:476:479:396:335:494:444:281:201:432:486:511:27:280:471:460:165:511:59:398:398:467:489:483:556:445:490:182:433:489:348:490:491:491:447:569:426:303:454:441:328:369:82:494:56:347:495:209:491:170:44:328:419:184:316:418:456:369:306:226:486:209:496:325:409:396:511:419:164:500:514:547:590:250:488:333:488:459:476:500:377:438:390:471:415:466:554:251:519:519:508:509:497:154:494:364:374:510:131:449:368:593:508:119:493:498:181:509:364:262:513:472:409:105:483:426:426:447:357:470:396:64:339:387:397:504:215:364:575:459:497:545:373:530:504:419:519:499:283:451:481:381:545:12:7:351:485:520:523:490:313:497:469:405:525:217:398:238:525:590:90:467:463:43:413:333:481:307:530:319:414:529:188:295:294:464:425:127:524:530:263:46:267:315:498:529:452:277:479:462:530:523:528:80:516:593:504:355:95:537:485:445:467:537:92:539:281:539:499:96:249:474:176:534:255:320:528:532:542:543:544:394:542:543:422:425:516:592:496:394:364:236:513:490:544:427:141:426:532:547:465:513:539:499:262:591:152:293:29:545:534:302:394:514:556:495:340:436:451:483:474:175:553:493:283:534:446:555:372:555:544:493:319:547:456:401:257:489:598:431:534:578:197:556:272:277:560:444:561:473:560:546:265:575:575:261:598:560:166:561:388:475:413:537:458:510:408:462:401:277:540:446:492:458:239:470:323:390:516:458:569:498:334:484:590:360:409:440:389:501:514:519:47:603:462:578:500:145:501:353:595:478:598:450:545:481:580:577:498:214:565:577:437:448:592:278:395:508:569:510:277:580:580:509:540:546:579:594:420:419:211:473:570:270:430:520:488:453:586:517:522:437:428:529:472:165:579:528:582:341:73:445:517:578:565:204:591:577:262:428:591:593:593:367:574:586:574:603:343:594:470:484:540:541:80:396:541:204:594:270:601:532:484:576:594:601:391:188:570:9:106:586:583:517:546:270:251:474:542:522:401:602:300:479:603:565:602:576:491:543:251:586:583:520:501:561:48:431:555:451:579:570:311:486:484:428:279:523:582:433:24
2489,3083,540,0,6325,43:1:2:32:2:4:187:6:7:4:8:63:36:9:10:160:10:12:215:312:12:14:9:8:15:16:20:15:18:19:503:19:81:22:48:7:23:18:14:503:24:4:16:6:25:12:38:26:0:28:131:25:29:29:503:492:45:24:26:31:606:7:60:21:28:33:20:492:23:4:34:32:16:34:312:48:36:312:22:0:37:46:33:492:38:23:39:39:606:171:41:171:42:43:2:38:215:41:33:44:160:20:89:21:75:45:606:49:108:190:10:50:76:44:51:77:34:47:52:51:53:54:55:36:53:32:57:28:48:94:93:42:60:49:61:47:62:120:55:64:65:54:52:62:43:64:93:66:67:1:73:67:68:31:37:69:57:65:548:182:69:22:89:8:60:217:72:56:40:68:29:120:19:74:124:74:65:75:37:43:76:61:77:0:45:78:233:81:72:596:49:80:596:11:82:83:84:56:64:596:548:85:86:85:80:233:86:80:73:87:83:63:69:55:88:89:78:90:88:91:67:91:89:14:548:78:81:88:94:21:95:40:11:31:52:44:55:94:87:95:97:192:40:97:72:21:144:50:136:223:100:101:102:103:82:104:25:103:101:105:106:103:73:107:105:104:108:98:109:108:51:109:39:100:128:15:160:71:107:111:112:113:114:54:159:116:102:126:83:116:94:114:36:107:117:118:68:119:77:71:132:112:58:63:536:121:122:122:119:111:42:90:5:123:113:159:606:124:125:31:118:41:5:124:127:126:128:129:130:29:130:131:122:132:125:133:123:117:133:127:18:126:129:33:34:132:109:19:134:97:135:58:134:137:135:138:109:96:139:127:78:140:141:186:142:84:96:137:130:101:141:142:144:145:136:146:129:91:146:139:27:84:119:147:5:138:121:149:61:147:233:95:192:53:151:123:147:120:125:87:152:153:41:153:145:152:149:100:186:39:154:155:150:50:157:107:156:133:155:223:136:158:154:157:75:158:151:190:142:160:143:146:161:162:163:59:162:161:11:37:143:128:150:140:190:112:167:153:168:169:58:124:169:168:170:11:6:84:131:56:1:172:172:137:156:322:167:536:173:66:174:173:175:174:165:166:17:166:170:536:175:164:66:187:416:536:503:179:180:180:181:181:182:158:183:26:134:184:179:175:185:116:186:186:151:95:159:173:185:164:46:62:139:187:189:171:191:150:24:113:93:90:191:179:193:191:134:105:194:110:138:189:183:67:110:195:194:196:197:312:27:132:197:198:195:199:143:74:184:106:98:155:196:200:166:152:192:181:5:57:183:201:141:138:202:200:51:203:253:199:190:205:205:104:206:46:176:207:208:201:168:203:198:243:209:66:6:211:2:111:172:208:211:110:209:411:212:202:213:194:212:117:411:176:193:167:210:206:170:114:201:137:135:168:20:147:122:161:188:169:213:216:144:217:85:153:55:218:219:360:151:146:92:22:221:220:219:221:165:195:222:223:224:180:229:221:163:222:215:174:156:182:184:225:226:227:218:144:150:228:226:155:218:210:230:123:225:136:231:50:74:224:554:231:212:230:197:102:45:77:98:234:234:235:234:236:221:237:238:154:88:236:199:239:118:208:165:237:554:241:240:241:242:308:239:235:62:27:223:219:63:243:133:243:176:230:242:76:108:227:244:226:245:217:246:222:228:247:248:246:416:235:249:224:247:210:249:252:135:225:316:239:248:229:233:250:252:110:249:209:166:97:17:86:231:240:242:254:255:257:216:402:255:258:185:305:256:254:258:257:260:32:261:360:162:263:264:178:265:61:213:263:59:238:266:178:267:211:254:260:248:71:268:252:268:269:244:264:245:272:243:9:57:193:196:273:269:26:267:227:274:275:276:440:276:275:278:290:272:81:273:274:595:163:282:86:71:38:192:17:284:278:285:239:282:116:286:246:247:149:287:274:286:284:220:266:220:139:266:202:384:289:411:265:260:180:92:300:285:169:292:289:279:271:279:293:199:294:284:206:149:287:295:294:296:121:91:40:292:297:273:298:162:299:300:286:524:324:157:295:302:231:303:300:69:268:297:140:271:293:260:219:98:265:304:305:304:261:205:86:306:292:188:308:302:309:298:279:205:237:295:308:287:296:191:310:311:24:198:311:313:189:314:315:142:316:266:250:313:314:317:306:314:92:298:230:299:253:14:303:111:158:318:289:76:257:238:317:320:321:320:113:299:318:259:315:321:198:322:267:60:323:323:323:203:157:324:325:326:140:68:310:316:319:324:214:104:305:325:288:328:329:285:330:244:294:331:331:332:207:332:334:337:336:99:338:334:339:222:339:321:525:335:128:341:171:338:330:329:342:214:229:342:343:335:282:336:188:235:337:72:326:240:344:345:346:347:269:345:341:348:271:382:85:346:350:348:351:351:343:352:241:255:299:342:310:353:344:1:159:354:525:524:23:350:339:189:352:315:355:355:353:96:356:328:335:65:347:464:356:318:358:40:359:354:354:324:83:595:94:199:361:288:449:311:121:365:361:556:359:355:553:568:367:368:332:256:102:264:365:358:568:252:338:370:371:272:206:368:372:438:373:370:337:25:125:297:375:338:376:404:100:263:273:145:371:8:377:378:245:376:375:377:322:373:333:367:368:378:126:372:52:276:376:311:345:379:380:370:284:215:382:225:106:383:344:554:383:336:384:309:200:296:386:360:524:129:207:595:200:290:244:408:319:333:200:258:388:342:389:213:380:329:42:356:389:382:16:390:310:374:388:390:347:17:274:346:391:385:306:392:473:386:58:309:304:371:395:395:367:280:291:99:229:357:392:256:397:397:320:376:54:245:398:399:406:374:156:163:402:414:403:350:365:391:399:404:251:290:276:414:0:406:326:404:375:406:130:361:28:403:369:407:385:341:408:291:336:313:410:216:379:372:278:297:322:408:357:18:291:407:359:178:464:399:118:283:380:218:99:377:348:473:386:290:317:253:414:356:416:415:416:53:417:353:110:373:351:418:106:330:420:350:434:173:421:417:262:307:212:382:452:424:553:275:402:425:420:303:308:282:66:161:112:410:283:406:353:325:429:254:302:429:329:374:421:10:432:430:194:357:387:280:397:352:285:208:431:427:432:228:420:258:430:433:434:241:434:405:220:234:433:468:406:432:383:410:437:384:438:383:384:439:198:440:424:425:417:441:415:442:15:307:499:450:120:437:250:47:450:399:185:321:381:405:447:424:448:427:265:441:447:445:444:389:413:446:385:422:379:340:452:247:407:496:393:434:436:439:453:411:454:454:275:340:453:455:331:179:427:237:495:465:293:99:455:456:442:288:287:449:253:403:459:448:448:259:454:459:421:59:392:444:236:164:429:463:424:460:381:464:465:143:81:460:421:442:390:369:465:466:280:467:227:143:93:468:466:463:415:436:469:391:418:439:203:343:455:103:370:268:268:452:168:429:472:440:281:378:470:469:475:468:393:569:476:456:449:314:478:422:479:358:481:568:304:511:478:483:475:476:479:396:335:494:444:281:201:432:486:511:27:280:471:460:165:511:59:398:398:467:489:483:556:445:490:182:433:489:348:490:491:491:447:569:426:303:454:441:328:369:82:494:56:347:495:209:491:170:44:328:419:184:316:418:456:369:306:226:486:209:496:325:409:396:511:419:164:500:514:547:590:250:488:333:488:459:476:500:377:438:390:471:415:466:554:251:519:519:508:509:497:154:494:364:374:510:131:449:368:593:508:119:493:498:181:509:364:262:513:472:409:105:483:426:426:447:357:470:396:64:339:387:397:504:215:364:575:459:497:545:373:530:504:419:519:499:283:451:481:381:545:12:7:351:485:520:523:490:313:497:469:405:525:217:398:238:525:590:90:467:463:43:413:333:481:307:530:319:414:529:188:295:294:464:425:127:524:530:263:46:267:315:498:529:452:277:479:462:530:523:528:80:516:593:504:355:95:537:485:445:467:537:92:539:281:539:499:96:249:474:176:534:255:320:528:532:542:543:544:394:542:543:422:425:516:592:496:394:364:236:513:490:544:427:141:426:532:547:465:513:539:499:262:591:152:293:29:545:534:302:394:514:556:495:340:436:451:483:474:175:553:493:283:534:446:555:372:555:544:493:319:547:456:401:257:489:598:431:534:578:197:556:272:277:560:444:561:473:560:546:265:575:575:261:598:560:166:561:388:475:413:537:458:510:259:462:401:277:540:446:492:458:239:470:323:390:516:458:569:498:334:484:590:360:409:440:389:501:514:519:47:603:462:578:500:145:501:353:595:478:598:450:545:481:580:577:498:214:565:577:437:448:592:278:395:508:569:510:277:580:580:509:540:546:579:594:420:419:211:473:570:270:430:520:488:453:586:517:522:437:428:529:472:165:579:528:582:341:73:445:517:578:565:204:591:577:262:428:591:593:593:367:574:586:574:603:343:594:470:484:540:541:80:396:541:204:594:270:601:532:484:576:594:601:391:188:570:9:106:586:583:517:546:270:251:474:542:522:401:602:300:479:603:565:602:576:491:543:251:586:583:520:501:561:48:431:555:451:579:570:311:486:484:428:279:523:582:433:24
2492,3086,540,0,6324,43:1:2:32:2:4:187:6:7:4:8:63:36:9:10:160:10:12:215:312:12:14:9:8:15:16:20:15:18:19:503:19:81:22:48:7:23:18:14:503:24:4:16:6:25:12:38:26:0:28:131:25:29:29:503:492:45:24:26:31:606:7:60:21:28:33:20:492:23:4:34:32:16:34:312:48:36:312:22:0:37:46:33:492:38:23:39:39:606:171:41:171:42:43:2:38:215:41:33:44:160:20:89:21:75:45:606:49:108:190:10:50:76:44:51:77:34:47:52:51:53:54:55:36:53:32:57:28:48:94:93:42:60:49:61:47:62:120:55:64:65:54:52:62:43:64:93:66:67:1:73:67:68:31:37:69:57:65:548:182:69:22:89:8:60:217:72:56:40:68:29:120:19:74:124:74:65:75:37:43:76:61:77:0:45:78:233:81:72:596:49:80:596:11:82:83:84:56:64:596:548:85:86:85:80:233:86:80:73:87:83:63:69:55:88:89:78:90:88:91:67:91:89:14:548:78:81:88:94:21:95:40:11:31:52:44:55:94:87:95:97:192:40:97:72:21:144:50:136:223:100:101:102:103:82:104:25:103:101:105:106:103:73:107:105:104:108:98:109:108:51:109:39:100:128:15:160:71:107:111:112:113:114:54:159:116:102:126:83:116:94:114:36:107:117:118:68:119:77:71:132:112:58:63:536:121:122:122:119:111:42:90:5:123:113:159:606:124:125:31:118:41:5:124:127:126:128:129:130:29:130:131:122:132:125:133:123:117:133:127:18:126:129:33:34:132:109:19:134:97:135:58:134:137:135:138:109:96:139:127:78:140:141:186:142:84:96:137:130:101:141:142:144:145:136:146:129:91:146:139:27:84:119:147:5:138:121:149:61:147:233:95:192:53:151:123:147:120:125:87:152:153:41:153:145:152:149:100:186:39:154:155:150:50:157:107:156:133:155:223:136:158:154:157:75:158:151:190:142:160:143:146:161:162:163:59:162:161:11:37:143:128:150:140:190:112:167:153:168:169:58:124:169:168:170:11:6:84:131:56:1:172:172:137:156:322:167:536:173:66:174:173:175:174:165:166:17:166:170:536:175:164:66:187:416:536:503:179:180:180:181:181:182:158:183:26:134:184:179:175:185:116:186:186:151:95:159:173:185:164:46:62:139:187:189:171:191:150:24:113:93:90:191:179:193:191:134:105:194:110:138:189:183:67:110:195:194:196:197:312:27:132:197:198:195:199:143:74:184:106:98:155:196:200:166:152:192:181:5:57:183:201:141:138:202:200:51:203:253:199:190:205:205:104:206:46:176:207:208:201:168:203:198:243:209:66:6:211:2:111:172:208:211:110:209:411:212:202:213:194:212:117:411:176:193:167:210:206:170:114:201:137:135:168:20:147:122:161:188:169:213:216:144:217:85:153:55:218:219:360:151:146:92:22:221:220:219:221:165:195:222:223:224:180:229:221:163:222:215:174:156:182:184:225:49:227:218:144:150:228:226:155:218:210:230:123:225:136:231:50:74:224:554:231:212:230:197:102:45:77:98:234:234:235:234:236:221:237:238:154:88:236:199:239:118:208:165:237:554:241:240:241:242:308:239:235:62:27:223:219:63:243:133:243:176:230:242:76:108:227:244:226:245:217:246:222:228:247:248:246:416:235:249:224:247:210:249:252:135:225:316:239:248:229:233:250:252:110:249:209:166:97:17:86:231:240:242:254:255:257:216:402:255:258:185:305:256:254:258:257:260:32:261:360:162:263:264:178:265:61:213:263:59:238:266:178:267:211:254:260:248:71:268:252:268:269:244:264:245:272:243:9:57:193:196:273:269:26:267:227:274:275:276:440:276:275:278:290:272:81:273:274:595:163:282:86:71:38:192:17:284:278:285:239:282:116:286:246:247:149:287:274:286:284:220:266:220:139:266:202:384:289:411:265:260:180:92:300:285:169:292:289:279:271:279:293:199:294:284:206:149:287:295:294:296:121:91:40:292:297:273:298:162:299:300:286:524:324:157:295:302:231:303:300:69:268:297:140:271:293:260:219:98:265:304:305:304:261:205:86:306:292:188:308:302:309:298:279:205:237:295:308:287:296:191:310:311:24:198:311:313:189:314:315:142:316:266:250:313:314:317:306:314:92:298:230:299:253:14:303:111:158:318:289:76:257:238:317:320:321:320:113:299:318:259:315:321:198:322:267:60:323:323:323:203:157:324:325:326:140:68:310:316:319:324:214:104:305:325:288:328:329:285:330:244:294:331:331:332:207:332:334:337:336:99:338:334:339:222:339:321:525:335:128:341:171:338:330:329:342:214:229:342:343:335:282:336:188:235:337:72:326:240:344:345:346:347:269:345:341:348:271:382:85:346:350:348:351:351:343:352:241:255:299:342:310:353:344:1:159:354:525:524:23:350:339:189:352:315:355:355:353:96:356:328:335:65:347:464:356:318:358:40:359:354:354:324:83:595:94:199:361:288:449:311:121:365:361:556:359:355:553:568:367:368:332:256:102:264:365:358:568:252:338:370:371:272:206:368:372:438:373:370:337:25:125:297:375:338:376:404:100:263:273:145:371:8:377:378:245:376:375:377:322:373:333:367:368:378:126:372:52:276:376:311:345:379:380:370:284:215:382:225:106:383:344:554:383:336:384:309:200:296:386:360:524:129:207:595:200:290:244:408:319:333:200:258:388:342:389:213:380:329:42:356:389:382:16:390:310:374:388:390:347:17:274:346:391:385:306:392:473:386:58:309:304:371:395:395:367:280:291:99:229:357:392:256:397:397:320:376:54:245:398:399:406:374:156:163:402:414:403:350:365:391:399:404:251:290:276:414:0:406:326:404:375:406:130:361:28:403:369:407:385:341:408:291:336:313:410:216:379:372:278:297:322:408:357:18:291:407:359:178:464:399:118:283:380:218:99:377:348:473:386:290:317:253:414:356:416:415:416:53:417:353:110:373:351:418:106:330:420:350:434:173:421:417:262:307:212:382:452:424:553:275:402:425:420:303:308:282:66:161:112:410:283:406:353:325:429:254:302:429:329:374:421:10:432:430:194:357:387:280:397:352:285:208:431:427:432:228:420:258:430:433:434:241:434:405:220:234:433:468:406:432:383:410:437:384:438:383:384:439:198:440:424:425:417:441:415:442:15:307:499:450:120:437:250:47:450:399:185:321:381:405:447:424:448:427:265:441:447:445:444:389:413:446:385:422:379:340:452:247:407:496:393:434:436:439:453:411:454:454:275:340:453:455:331:179:427:237:495:465:293:99:455:456:442:288:287:449:253:403:459:448:448:259:454:459:421:59:392:444:236:164:429:463:424:460:381:464:465:143:81:460:421:442:390:369:465:466:280:467:227:143:93:468:466:463:415:436:469:391:418:439:203:343:455:103:370:268:268:452:168:429:472:440:281:378:470:469:475:468:393:569:476:456:449:314:478:422:479:358:481:568:304:511:478:483:475:476:479:396:335:494:444:281:201:432:486:511:27:280:471:460:165:511:59:398:398:467:489:483:556:445:490:182:433:489:348:490:491:491:447:569:426:303:454:441:328:369:82:494:56:347:495:209:491:170:44:328:419:184:316:418:456:369:306:393:486:209:496:325:409:396:511:419:164:500:514:547:590:250:488:333:488:459:476:500:377:438:390:471:415:466:554:251:519:519:508:509:497:154:494:364:374:510:131:449:368:593:508:119:493:498:181:509:364:262:513:472:409:105:483:426:426:447:357:470:396:64:339:387:397:504:215:364:575:459:497:545:373:530:504:419:519:499:283:451:481:381:545:12:7:351:485:520:523:490:313:497:469:405:525:217:398:238:525:590:90:467:463:43:413:333:481:307:530:319:414:529:188:295:294:464:425:127:524:530:263:46:267:315:498:529:452:277:479:462:530:523:528:80:516:593:504:355:95:537:485:445:467:537:92:539:281:539:499:96:249:474:176:534:255:320:528:532:542:543:544:394:542:543:422:425:516:592:496:394:364:236:513:490:544:427:141:426:532:547:465:513:539:499:262:591:152:293:29:545:534:302:394:514:556:495:340:436:451:483:474:175:553:493:283:534:446:555:372:555:544:493:319:547:456:401:257:489:598:431:534:578:197:556:272:277:560:444:561:473:560:546:265:575:575:261:598:560:166:561:388:475:413:537:458:510:259:462:401:277:540:446:492:458:239:470:323:390:516:458:569:498:334:484:590:360:409:440:389:501:514:519:47:603:462:578:500:145:501:353:595:478:598:450:545:481:580:577:498:214:565:577:437:448:592:278:395:508:569:510:277:580:580:509:540:546:579:594:420:419:211:473:570:270:430:520:488:453:586:517:522:437:428:529:472:165:579:528:582:341:73:445:517:578:565:204:591:577:262:428:591:593:593:367:574:586:574:603:343:594:470:484:540:541:80:396:541:204:594:270:601:532:484:576:594:601:391:188:570:9:106:586:583:517:546:270:251:474:542:522:401:602:300:479:603:565:602:576:491:543:251:586:583:520:501:561:48:431:555:451:579:570:311:486:484:428:279:523:582:433:24
2540,3149,540,0,6322,43:1:2:32:2:4:187:6:7:4:8:63:36:9:10:160:10:12:215:312:12:14:9:8:15:16:20:15:18:19:503:19:81:22:48:7:23:18:14:503:24:4:16:6:25:12:38:26:0:28:131:25:29:29:503:492:45:24:26:31:606:7:60:21:28:33:20:492:23:4:34:32:16:34:312:48:36:312:22:0:37:46:33:492:38:23:39:39:606:171:41:171:42:43:2:38:215:41:33:44:160:20:89:21:75:45:606:49:108:190:10:50:76:44:51:77:34:47:52:51:53:54:55:36:53:32:57:28:48:94:93:42:60:49:61:47:62:120:55:64:65:54:52:62:43:64:93:66:67:1:73:67:68:31:37:69:57:65:548:182:69:22:89:8:60:217:72:56:40:68:29:120:19:74:124:74:65:75:37:43:76:61:77:0:45:78:233:81:72:596:49:80:596:11:82:83:84:56:64:596:548:85:86:85:80:233:86:80:73:87:83:63:69:55:88:89:78:90:88:91:67:91:89:14:548:78:81:88:94:21:95:40:11:31:52:44:55:94:87:95:97:192:40:97:72:21:144:50:136:223:100:101:102:103:82:104:25:103:101:105:106:103:73:107:105:104:108:98:109:108:51:109:39:100:128:15:160:71:107:111:112:113:322:54:159:116:102:126:83:116:94:114:36:107:117:118:68:119:77:71:132:112:58:63:536:121:122:122:119:111:42:90:5:123:113:159:606:124:125:31:118:41:5:124:127:126:128:129:130:29:130:131:122:132:125:133:123:117:133:127:18:126:129:33:34:132:109:19:134:97:135:58:134:137:135:138:109:96:139:127:78:140:141:186:142:84:96:137:130:101:141:142:144:145:136:146:129:91:146:139:27:84:119:147:5:138:121:149:61:147:233:95:192:53:151:123:147:120:125:87:152:153:41:153:145:152:149:100:186:39:154:155:150:50:157:107:156:133:155:223:136:158:154:157:75:158:151:190:142:160:143:146:161:162:163:202:162:161:11:37:143:128:150:140:190:112:114:153:168:169:58:124:169:168:170:11:6:84:131:56:1:172:172:137:156:322:167:536:173:66:174:173:175:174:165:166:17:166:170:536:175:164:66:187:416:536:503:179:180:180:181:181:182:158:183:26:134:184:179:175:185:116:186:186:151:95:159:173:185:164:46:62:139:187:189:171:191:150:24:113:93:90:191:179:193:191:134:105:194:110:138:189:183:67:110:195:194:196:197:312:27:132:197:198:195:199:143:74:184:106:98:155:196:200:166:152:192:181:5:57:183:201:141:138:202:200:51:203:253:199:190:205:205:104:206:46:176:207:208:201:168:203:198:243:209:66:6:211:2:111:172:208:211:110:209:411:212:167:213:194:212:117:411:176:193:167:210:206:170:114:201:137:135:168:20:147:122:161:188:169:213:216:144:217:85:153:55:218:219:360:151:146:92:22:221:220:219:221:165:195:222:223:224:180:229:221:163:222:215:174:156:182:184:225:49:227:218:144:150:228:226:155:218:210:230:123:225:136:231:50:74:224:554:231:212:230:197:102:45:77:98:234:234:235:234:236:221:237:238:154:88:236:199:239:118:208:165:237:554:241:240:241:242:308:239:235:62:27:223:219:63:243:133:243:176:230:242:76:108:227:244:226:245:217:246:222:228:247:248:246:416:235:249:224:247:210:249:252:135:225:316:239:248:229:233:250:252:110:249:209:166:97:17:86:231:240:242:254:255:257:216:402:255:258:185:305:256:254:258:257:260:32:261:360:162:263:264:178:265:61:213:263:59:238:266:178:267:211:254:260:248:71:268:252:268:269:244:264:245:272:243:9:57:193:196:273:269:26:267:227:274:275:276:440:276:275:278:290:272:81:273:274:595:163:282:86:71:38:192:17:284:278:285:239:282:116:286:246:247:149:287:274:286:284:220:266:220:139:266:202:384:289:411:265:260:180:92:300:285:169:292:289:279:271:279:293:199:294:284:206:149:287:295:294:296:121:91:40:292:297:273:298:162:299:300:286:524:324:157:295:302:231:303:300:69:268:297:140:271:293:260:219:98:265:304:305:304:261:205:86:306:292:188:308:302:309:298:279:205:237:295:308:287:296:191:310:311:24:198:311:313:189:314:315:142:316:266:250:59:314:317:306:314:92:298:230:299:253:14:303:111:158:318:289:76:257:238:317:320:321:320:113:299:318:259:315:321:198:322:267:60:323:323:323:203:157:324:325:326:140:68:310:316:319:324:214:104:305:325:288:328:329:285:330:244:294:331:331:332:207:332:334:337:336:99:338:334:339:222:339:321:525:335:128:341:171:338:330:329:342:214:229:342:343:335:282:336:188:235:337:72:326:240:344:345:346:347:269:345:341:348:271:382:85:346:350:348:351:351:343:352:241:255:299:342:310:353:344:1:159:354:525:524:23:350:339:189:352:315:355:355:353:96:356:328:335:65:347:464:356:318:358:40:359:354:354:324:83:595:94:199:361:288:449:311:121:365:361:556:359:355:553:568:367:368:332:256:102:264:365:358:568:252:338:370:371:272:206:368:372:438:373:370:337:25:125:297:375:338:376:404:100:263:273:145:371:8:377:378:245:376:375:377:259:373:333:367:368:378:126:372:52:276:376:311:345:379:380:370:284:215:382:225:106:383:344:554:383:336:384:309:200:296:386:360:524:129:207:595:200:290:244:313:319:333:200:258:388:342:389:213:380:329:42:356:389:382:16:390:310:374:388:390:347:17:274:346:391:385:306:392:473:386:58:309:304:371:395:395:367:280:291:99:229:357:392:256:397:397:320:376:54:245:398:399:406:374:156:163:402:414:403:350:365:391:399:404:251:290:276:414:0:406:326:404:375:406:130:361:28:403:369:407:385:341:408:291:336:313:410:216:379:372:278:297:322:408:357:18:291:407:359:178:464:399:118:283:380:218:99:377:348:473:386:290:317:253:414:356:416:415:416:53:417:353:110:373:351:418:106:330:420:350:434:173:421:417:262:307:212:382:452:424:553:275:402:425:420:303:308:282:66:161:112:410:283:406:353:325:429:254:302:429:329:374:421:10:432:430:194:357:387:280:397:352:285:208:431:427:432:228:420:258:430:433:434:241:434:405:220:234:433:468:406:432:383:410:437:384:438:383:384:439:198:440:424:425:417:441:415:442:15:307:499:450:120:437:250:47:450:399:185:321:381:405:447:424:448:427:265:441:447:445:444:389:413:446:385:422:379:340:452:247:407:496:393:434:436:439:453:411:454:454:275:340:453:455:331:179:427:237:495:465:293:99:455:456:442:288:287:449:253:403:459:448:448:259:454:459:421:59:392:444:236:164:429:463:424:460:381:464:465:143:81:460:421:442:390:369:465:466:280:467:227:143:93:468:466:463:415:436:469:391:418:439:203:343:455:103:370:268:268:452:168:429:472:440:281:378:470:469:475:468:393:569:476:456:449:314:478:422:479:358:481:568:304:511:478:483:475:476:479:396:335:494:444:281:201:432:486:511:27:280:471:460:165:511:59:398:398:467:489:483:556:445:490:182:433:489:348:490:491:491:447:569:426:303:454:441:328:369:82:494:56:347:495:209:491:170:44:328:419:184:316:418:456:369:306:393:486:209:496:325:409:396:511:419:164:500:514:547:590:250:488:333:488:459:476:500:377:438:390:471:415:466:554:251:519:519:508:509:497:154:494:364:374:510:131:449:368:593:508:119:493:498:181:509:364:262:513:472:409:105:483:426:426:447:357:470:396:64:339:387:397:504:215:364:575:459:497:545:373:530:504:419:519:499:283:451:481:381:545:12:7:351:485:520:523:490:313:497:469:405:525:217:398:238:525:590:90:467:463:43:413:333:481:307:530:319:414:529:188:295:294:464:425:127:524:530:263:46:267:315:498:529:452:277:479:462:530:523:528:80:516:593:504:355:95:537:485:445:467:537:92:539:281:539:499:96:249:474:176:534:255:320:528:532:542:543:544:394:542:543:422:425:516:592:496:394:364:236:513:490:544:427:141:426:532:547:465:513:539:499:262:591:152:293:29:545:534:302:394:514:556:495:340:436:451:483:474:175:553:493:283:534:446:555:372:555:544:493:319:547:456:401:257:489:598:431:534:578:197:556:272:277:560:444:561:473:560:546:265:575:575:261:598:560:166:561:388:475:413:537:458:510:408:462:401:277:540:446:492:458:239:470:323:390:516:458:569:498:334:484:590:360:409:440:389:501:514:519:47:603:462:578:500:145:501:353:595:478:598:450:545:481:580:577:498:214:565:577:437:448:592:278:395:508:569:510:277:580:580:509:540:546:579:594:420:419:211:473:570:270:430:520:488:453:586:517:522:437:428:529:472:165:579:528:582:341:73:445:517:578:565:204:591:577:262:428:591:593:593:367:574:586:574:603:343:594:470:484:540:541:80:396:541:204:594:270:601:532:484:576:594:601:391:188:570:9:106:586:583:517:546:270:251:474:542:522:401:602:300:479:603:565:602:576:491:543:251:586:583:520:501:561:48:431:555:451:579:570:311:486:484:428:279:523:582:433:24
2573,3192,540,0,6320,43:1:2:32:2:4:187:6:7:4:8:63:36:9:10:160:10:12:215:312:12:14:9:8:15:16:20:15:18:19:503:19:81:22:48:7:23:18:14:503:24:4:16:6:25:12:38:26:0:28:131:25:29:29:503:492:45:24:26:31:606:7:60:21:28:33:20:492:23:4:34:32:16:34:312:48:36:312:22:0:37:46:33:492:38:23:39:39:606:171:41:171:42:43:2:38:215:41:33:44:160:20:89:21:75:45:606:49:108:190:10:50:76:44:51:77:34:47:52:51:53:54:55:36:53:32:57:28:48:94:93:42:60:49:61:47:62:120:55:64:65:54:52:62:43:64:93:66:67:1:73:67:68:31:37:69:57:65:548:182:69:22:89:8:60:217:72:56:40:68:29:120:19:74:124:74:65:75:37:43:76:61:77:0:45:78:233:81:72:596:49:80:596:11:82:83:84:56:64:596:548:85:86:85:80:233:86:80:73:87:83:63:69:55:88:89:78:90:88:91:67:91:89:14:548:78:81:88:94:21:95:40:11:31:52:44:55:94:87:95:97:192:40:97:72:21:144:50:136:223:100:101:102:103:82:104:25:103:101:105:106:103:73:107:105:104:108:98:109:108:51:109:39:100:128:15:160:71:107:111:112:113:322:54:159:116:102:126:83:116:94:114:36:107:117:118:68:119:77:71:132:112:58:63:536:121:122:122:119:111:42:90:5:123:113:159:606:124:125:31:118:41:5:124:127:126:128:129:130:29:130:131:122:132:125:133:123:117:133:127:18:126:129:33:34:132:109:19:134:97:135:58:134:137:135:138:109:96:139:127:78:140:141:186:142:84:96:137:130:101:141:142:144:145:136:146:129:91:146:139:27:84:119:147:5:138:121:149:61:147:233:95:192:53:151:123:147:120:125:87:152:153:41:153:145:152:149:100:186:39:154:155:150:50:157:107:156:133:155:223:136:158:154:157:75:158:151:190:142:160:143:146:161:162:163:202:162:161:11:37:143:128:150:140:190:112:114:153:168:169:58:124:169:168:170:11:6:84:131:56:1:172:172:137:156:322:167:536:173:66:174:173:175:174:165:166:17:166:170:536:175:164:66:187:416:536:503:179:180:180:181:181:182:158:183:26:134:184:179:175:185:116:186:186:151:95:159:173:185:164:46:62:139:187:189:171:191:150:24:113:93:90:191:179:193:191:134:105:194:110:138:189:183:67:110:195:194:196:197:312:27:132:197:198:195:199:143:74:184:106:98:155:196:200:166:152:192:181:5:57:183:201:141:138:202:200:51:203:253:199:190:205:205:104:206:46:176:207:208:201:168:203:198:243:209:66:6:211:2:111:172:208:211:110:209:411:212:167:213:194:212:117:411:176:193:167:210:206:170:114:201:137:135:168:20:147:122:161:188:169:213:216:144:217:85:153:55:218:219:360:151:146:92:22:221:220:219:221:165:195:222:223:224:180:229:221:163:222:215:174:156:182:184:225:49:227:218:144:150:228:226:155:218:210:230:123:225:136:231:50:74:224:554:231:212:230:197:102:45:77:98:234:234:235:234:236:221:237:238:154:88:236:199:239:118:208:165:237:554:241:240:241:242:308:239:235:62:27:223:219:63:243:133:243:176:230:242:76:108:227:244:226:245:217:246:222:228:247:248:246:416:235:249:224:247:210:249:252:135:225:316:239:248:229:233:250:252:110:249:209:166:97:17:86:231:240:242:254:255:257:216:402:255:258:185:305:256:254:258:257:260:32:261:360:162:263:264:178:265:61:213:263:59:238:266:178:267:211:254:260:248:71:268:252:268:269:244:264:245:272:243:9:57:193:196:273:269:26:267:227:274:275:276:440:276:275:278:290:272:81:273:274:595:163:282:86:71:38:192:17:284:278:285:239:282:116:286:246:247:149:287:274:286:284:220:266:220:139:266:202:384:289:411:265:260:180:92:300:285:169:292:289:279:271:279:293:199:294:284:206:149:287:295:294:296:121:91:40:292:297:273:298:162:299:300:286:524:324:157:295:302:231:303:300:69:268:297:140:271:293:260:219:98:265:304:305:304:261:205:86:306:292:188:308:302:309:298:279:205:237:295:308:287:296:191:310:311:24:198:311:313:189:314:315:142:316:266:250:59:314:317:306:314:92:298:230:299:253:14:303:111:158:318:289:76:257:238:317:320:321:320:113:299:318:259:315:321:198:322:267:60:323:323:323:203:157:324:325:326:140:68:310:316:319:324:214:104:305:325:288:328:329:285:330:244:294:331:331:332:207:332:334:337:336:99:338:334:339:222:339:321:525:335:128:341:171:338:330:329:342:214:229:342:343:335:282:336:188:235:337:72:326:240:344:345:346:347:269:345:341:348:271:382:85:346:350:348:351:351:343:352:241:255:299:342:310:353:344:1:159:354:525:524:23:350:339:189:352:315:355:355:353:96:356:328:335:65:347:464:356:318:358:40:359:354:354:324:83:595:94:199:361:288:449:311:121:365:361:556:359:355:553:568:367:368:332:256:102:264:365:358:568:252:338:370:371:272:206:368:372:438:373:370:337:25:125:297:375:338:376:404:100:263:273:145:371:8:377:378:245:376:375:377:259:373:333:367:368:378:126:372:52:276:376:311:345:379:380:370:284:215:382:225:106:383:344:554:383:336:384:309:200:296:386:360:524:129:207:595:200:290:244:313:319:333:200:258:388:342:389:213:380:329:42:356:389:382:16:390:310:374:388:390:347:17:274:346:391:385:306:392:473:386:58:309:304:371:395:395:367:280:291:99:229:357:392:256:397:397:320:376:54:245:398:399:406:374:156:163:402:414:403:350:365:391:399:404:251:290:276:414:0:406:326:404:375:406:130:361:28:403:369:407:385:341:408:291:336:313:410:216:379:372:278:297:322:408:357:18:291:407:359:178:464:399:118:283:380:218:99:377:348:473:386:290:317:253:414:356:416:415:416:53:417:353:110:373:351:418:106:330:420:350:434:173:421:417:262:307:212:382:452:424:553:275:402:425:420:303:308:282:66:161:112:410:283:406:353:325:429:254:302:429:329:374:421:10:432:430:194:357:387:280:397:352:285:208:431:427:432:228:420:258:430:433:434:241:434:405:220:234:433:468:406:432:383:410:437:384:438:383:384:439:198:440:424:425:417:441:415:442:15:307:499:508:120:437:250:47:226:399:185:321:381:405:447:424:448:427:265:441:447:445:444:389:413:446:385:422:379:340:452:247:407:496:393:434:436:439:453:411:454:454:275:340:453:455:331:179:427:237:495:465:293:99:455:456:442:288:287:449:253:403:459:448:448:259:454:459:421:59:392:444:236:164:429:463:424:460:381:464:465:143:81:460:421:442:390:369:465:466:280:467:227:143:93:468:466:463:415:436:469:391:418:439:203:343:455:103:370:268:268:452:168:429:472:440:281:378:470:469:475:468:393:569:476:456:449:314:478:422:479:358:481:568:304:511:478:483:475:476:479:396:335:494:444:281:201:432:486:511:27:280:471:460:165:511:59:398:398:467:489:483:556:445:490:182:433:489:348:490:491:491:447:569:426:303:454:441:328:369:82:494:56:347:495:209:491:170:44:328:419:184:316:418:456:369:306:393:486:209:496:325:409:396:511:419:164:500:514:547:590:250:488:333:488:459:476:500:377:438:390:471:415:466:554:251:519:519:485:509:497:154:494:364:374:510:131:449:368:593:508:119:493:498:181:509:364:262:513:472:409:105:483:426:426:447:357:470:396:64:339:387:397:504:215:364:575:459:497:545:373:530:504:419:519:499:283:451:481:381:545:12:7:351:485:520:523:490:313:497:469:405:525:217:398:238:525:590:90:467:463:43:413:333:481:307:530:319:414:529:188:295:294:464:425:127:524:530:263:46:267:315:498:529:452:277:479:462:530:523:528:80:516:593:504:355:95:537:485:445:467:537:92:539:281:539:499:96:249:474:176:534:255:320:528:532:542:543:544:394:542:543:422:425:516:592:496:394:364:236:513:490:544:427:141:426:532:547:465:513:539:499:262:591:152:293:29:545:534:302:394:514:556:495:340:436:451:483:474:175:553:493:283:534:446:555:372:555:544:493:319:547:456:401:257:489:598:431:534:578:197:556:272:277:560:444:561:473:560:546:265:575:575:261:598:560:166:561:388:475:413:537:458:510:408:462:401:277:540:446:492:458:239:470:323:390:516:458:569:498:334:484:590:360:409:440:389:501:514:519:47:603:462:578:500:145:501:353:595:478:598:450:545:481:580:577:498:214:565:577:437:448:592:278:395:450:569:510:277:580:580:509:540:546:579:594:420:419:211:473:570:270:430:520:488:453:586:517:522:437:428:529:472:165:579:528:582:341:73:445:517:578:565:204:591:577:262:428:591:593:593:367:574:586:574:603:343:594:470:484:540:541:80:396:541:204:594:270:601:532:484:576:594:601:391:188:570:9:106:586:583:517:546:270:251:474:542:522:401:602:300:479:603:565:602:576:491:543:251:586:583:520:501:561:48:431:555:451:579:570:311:486:484:428:279:523:582:433:24
2577,3196,540,0,6317,43:1:2:32:2:4:187:6:7:4:8:63:36:9:10:160:10:12:215:312:12:14:9:8:15:16:20:15:18:19:503:19:81:22:48:7:23:18:14:503:24:4:16:6:25:12:38:26:0:28:131:25:29:29:503:492:45:24:26:31:606:7:60:21:28:33:20:492:23:4:34:32:16:34:312:48:36:312:22:0:37:46:33:492:38:23:39:39:606:171:41:171:42:43:2:38:215:41:33:44:160:20:89:21:75:45:606:49:108:190:10:50:76:44:51:77:34:47:52:51:53:54:55:36:53:32:57:28:48:94:93:42:60:49:61:47:62:120:55:64:65:54:52:62:43:64:93:66:67:1:73:67:68:31:37:69:57:65:548:182:69:22:89:8:60:217:72:56:40:68:29:120:19:74:124:74:65:75:37:43:76:61:77:0:45:78:233:81:72:596:49:80:596:11:82:83:84:56:64:596:548:85:86:85:80:233:86:80:73:87:83:63:69:55:88:89:78:90:88:91:67:91:89:14:548:78:81:88:94:21:95:40:11:31:52:44:55:94:87:95:97:192:40:97:72:21:144:50:136:223:100:101:102:103:82:104:25:103:101:105:106:103:73:107:105:104:108:98:109:108:51:109:39:100:128:15:160:71:107:111:112:113:322:54:159:116:102:126:83:116:94:114:36:107:117:118:68:119:77:71:132:112:58:63:536:121:122:122:119:111:42:90:5:123:113:159:606:124:125:31:118:41:5:124:127:126:128:129:130:29:130:131:122:132:125:133:123:117:133:127:18:126:129:33:34:132:109:19:134:97:135:58:134:137:135:138:109:96:139:127:78:140:141:186:142:84:96:137:130:101:141:142:144:145:136:146:129:91:146:139:27:84:119:147:5:138:121:149:61:147:233:95:192:53:151:123:147:120:125:87:152:153:41:153:145:152:149:100:186:39:154:155:150:50:157:107:156:133:155:223:136:158:154:157:75:158:151:190:142:160:143:146:161:162:163:202:162:161:11:37:143:128:150:140:190:112:114:153:168:169:58:124:169:168:170:11:6:84:131:56:1:172:172:137:156:322:167:536:173:66:174:173:175:174:165:166:17:166:170:536:175:164:66:187:416:536:503:179:180:180:181:181:182:158:183:26:134:184:179:175:185:116:186:186:151:95:159:173:185:164:46:62:139:187:189:171:191:150:24:113:93:90:191:179:193:191:134:105:194:110:138:189:183:67:110:195:194:196:197:312:27:132:197:198:195:199:143:74:184:106:98:155:196:200:166:152:192:181:5:57:183:201:141:138:202:200:51:203:253:199:190:205:205:104:206:46:176:207:208:201:168:203:198:243:209:66:6:211:2:111:172:208:211:110:209:411:212:167:213:194:212:117:411:176:193:167:210:206:170:114:201:137:135:168:20:147:122:161:188:169:213:216:144:217:85:153:55:218:219:360:151:146:92:22:221:220:219:221:165:195:222:223:224:180:229:221:163:222:215:174:156:182:184:225:49:227:218:144:150:228:226:155:218:210:230:123:225:136:231:50:74:224:554:231:212:230:197:102:45:77:98:234:234:235:234:236:221:237:238:154:88:236:199:239:118:208:165:237:554:241:240:241:242:308:239:235:62:27:223:219:63:243:133:243:176:230:242:76:108:227:244:226:245:217:246:222:228:247:248:246:416:235:249:224:247:210:249:252:135:225:316:239:248:229:233:250:252:110:249:209:166:97:17:86:231:240:242:254:255:257:216:287:255:258:185:305:256:254:258:257:260:32:261:360:162:263:264:178:265:61:213:263:59:238:266:178:267:211:254:260:248:71:268:252:268:269:244:264:245:272:243:9:57:193:196:273:269:26:267:227:274:275:276:440:276:275:278:290:272:81:273:274:595:163:282:86:71:38:192:17:284:278:285:239:282:116:286:246:247:149:317:274:286:284:220:266:220:139:266:202:384:289:411:265:260:180:92:300:285:169:292:289:279:271:279:293:199:294:284:206:149:75:295:294:296:121:91:40:292:297:273:298:162:299:300:286:524:324:157:295:302:231:303:300:69:268:297:140:271:293:260:219:98:265:304:305:304:261:205:86:306:292:188:308:302:309:298:279:205:237:295:308:287:296:191:310:311:24:198:311:313:189:314:315:142:316:266:250:59:314:317:306:314:92:298:230:299:253:14:303:111:158:318:289:76:257:238:317:320:321:320:113:299:318:259:315:321:198:322:267:60:323:323:323:203:157:324:325:326:140:68:310:316:319:324:214:104:305:325:288:328:329:285:330:244:294:331:331:332:207:332:334:337:336:99:338:334:339:222:339:321:525:335:128:341:171:338:330:329:342:214:229:342:343:335:282:336:188:235:337:72:326:240:344:345:346:347:269:345:341:348:271:382:85:346:350:348:351:351:343:352:241:255:299:342:310:353:344:1:159:354:525:524:23:350:339:189:352:315:355:355:353:96:356:328:335:65:347:464:356:318:358:40:359:354:354:324:83:595:94:199:361:288:449:311:121:365:361:556:359:355:553:568:367:368:332:256:102:264:365:358:568:252:338:370:371:272:206:368:372:438:373:370:337:25:125:297:375:338:376:404:100:263:273:145:371:8:377:378:245:376:375:377:259:373:333:367:368:378:126:372:52:276:376:311:345:379:380:370:284:215:382:225:106:383:344:554:383:336:384:309:200:296:386:360:524:129:207:595:200:290:244:313:319:333:200:258:388:342:389:213:380:329:42:356:389:382:16:390:310:374:388:390:347:17:274:346:391:385:306:392:473:386:58:309:304:371:395:395:367:280:291:99:229:357:392:256:397:397:320:376:54:245:398:399:406:374:156:163:402:414:403:350:365:391:399:404:251:290:276:414:0:406:326:404:375:406:130:361:28:403:369:407:385:341:408:291:336:313:410:216:379:372:278:297:322:408:357:18:291:407:359:178:464:399:118:283:380:218:99:377:348:473:386:290:317:253:414:356:416:415:416:53:417:353:110:373:351:418:106:330:420:350:434:173:421:417:262:307:212:382:452:424:553:275:402:425:420:303:308:282:66:161:112:410:283:406:353:325:429:254:302:429:329:374:421:10:432:430:194:357:387:280:397:352:285:208:431:427:432:228:420:258:430:433:434:241:434:405:220:234:433:468:406:432:383:410:437:384:438:383:384:439:198:440:424:425:417:441:415:442:15:307:499:508:120:437:250:47:226:399:185:321:381:405:447:424:448:427:265:441:447:445:444:389:413:446:385:422:379:340:452:247:407:496:393:434:436:439:453:411:454:454:275:340:453:455:331:179:427:237:495:465:293:99:455:456:442:288:508:449:253:403:459:448:448:259:454:459:421:59:392:444:236:164:429:463:424:460:381:464:465:143:81:460:421:442:390:369:465:466:280:467:227:143:93:468:466:463:415:436:469:391:418:439:203:343:455:103:370:268:268:452:168:429:472:440:281:378:470:469:475:468:393:569:476:456:449:314:478:422:479:358:481:568:304:511:478:483:475:476:479:396:335:494:444:281:201:432:486:511:27:280:471:460:165:511:59:398:398:467:489:483:556:445:490:182:433:489:348:490:491:491:447:569:426:303:454:441:328:369:82:494:56:347:495:209:491:170:44:328:419:184:316:418:456:369:306:393:486:209:496:325:409:396:511:419:164:500:514:547:590:250:488:333:488:459:476:500:377:438:390:471:415:466:554:251:519:519:485:509:497:154:494:364:374:510:131:449:368:593:508:119:493:498:181:509:364:262:513:472:409:105:483:426:426:447:357:470:396:64:339:387:397:504:215:364:575:459:497:545:373:530:504:419:519:499:283:451:481:381:545:12:7:351:485:520:523:490:313:497:469:405:525:217:398:238:525:590:90:467:463:43:413:333:481:307:530:319:414:529:188:295:294:464:425:127:524:530:263:46:267:315:498:529:452:277:479:462:530:523:528:80:516:593:504:355:95:537:485:445:467:537:92:539:281:539:499:96:249:474:176:534:255:320:528:532:542:543:544:394:542:543:422:425:516:592:496:394:364:236:513:490:544:427:141:426:532:547:465:513:539:499:262:591:152:293:29:545:534:302:394:514:556:495:340:436:451:483:474:175:553:493:283:534:446:555:372:555:544:493:319:547:456:401:257:489:598:431:534:578:197:556:272:277:560:444:561:473:560:546:265:575:575:261:598:560:166:561:388:475:413:537:458:510:408:462:401:277:540:446:492:458:239:470:323:390:516:458:569:498:334:484:590:360:409:440:389:501:514:519:47:603:462:578:500:145:501:353:595:478:598:450:545:481:580:577:498:214:565:577:437:448:592:278:395:450:569:510:277:580:580:509:540:546:579:594:420:419:211:473:570:270:430:520:488:453:586:517:522:437:428:529:472:165:579:528:582:341:73:445:517:578:565:204:591:577:262:428:591:593:593:367:574:586:574:603:343:594:470:484:540:541:80:396:541:204:594:270:601:532:484:576:594:601:391:188:570:9:106:586:583:517:546:270:251:474:542:522:401:602:300:479:603:565:602:576:491:543:251:586:583:520:501:561:48:431:555:451:579:570:311:486:484:428:279:523:582:433:24
2591,3214,540,0,6316,43:1:2:32:2:4:5:6:7:4:8:63:36:9:10:160:10:12:215:312:12:14:9:8:15:16:20:15:18:19:503:19:81:22:48:7:23:18:14:503:187:4:16:6:25:12:38:26:0:28:131:25:29:29:503:492:45:187:26:31:606:7:60:21:28:33:20:492:23:4:34:32:16:34:312:48:36:312:22:0:37:46:33:492:38:23:39:39:606:171:41:171:42:43:2:38:215:41:33:44:160:20:89:21:75:45:606:49:108:190:10:50:76:44:51:77:34:47:52:51:53:54:55:36:53:32:57:28:48:94:93:42:60:49:61:47:62:120:55:64:65:54:52:62:43:64:93:66:67:1:73:67:68:31:37:69:57:65:548:182:69:22:89:8:60:217:72:56:40:68:29:120:19:74:124:74:65:75:37:43:76:61:77:0:45:78:233:81:72:596:49:80:596:11:82:83:84:56:64:596:548:85:86:85:80:233:86:80:73:87:83:63:69:55:88:89:78:90:88:91:67:91:89:14:548:78:81:88:94:21:95:40:11:31:52:44:55:94:87:95:97:192:40:97:72:21:144:50:136:223:100:101:102:103:82:104:25:103:101:105:106:103:73:107:105:104:108:98:109:108:51:109:39:100:128:15:160:71:107:111:112:113:322:54:159:116:102:126:83:116:94:114:36:107:117:118:68:119:77:71:132:112:58:63:536:121:122:122:119:111:42:90:5:123:113:159:606:124:125:31:118:41:5:124:127:126:128:129:202:29:130:131:122:132:125:133:123:117:133:127:18:126:129:33:34:132:109:19:134:97:135:58:134:137:135:138:109:96:139:127:78:140:141:186:142:84:96:137:130:101:141:142:144:145:136:146:129:91:146:139:27:84:119:147:130:138:121:149:61:147:233:95:192:53:151:123:147:120:125:87:152:153:41:153:145:152:149:100:186:39:154:155:150:50:157:107:156:133:155:223:136:158:154:157:75:158:151:190:142:160:143:146:161:162:163:202:162:161:11:37:143:128:150:140:190:112:114:153:168:169:58:124:169:168:170:11:6:84:131:56:1:172:172:137:156:322:167:536:173:66:174:173:175:174:165:166:17:166:170:536:175:164:66:24:416:536:503:179:180:180:181:181:182:158:183:26:134:184:179:175:185:116:186:186:151:95:159:173:185:164:46:62:139:24:189:171:191:150:187:113:93:90:191:179:193:191:134:105:194:110:138:189:183:67:110:195:194:196:197:312:27:132:197:198:195:199:143:74:184:106:98:155:196:200:166:152:192:181:5:57:183:201:141:138:202:200:51:203:253:199:190:205:205:104:206:46:176:207:208:201:168:203:198:243:209:66:6:211:2:111:172:208:211:110:209:411:212:167:213:194:212:117:411:176:193:167:210:206:170:114:201:137:135:168:20:147:122:161:188:169:213:216:144:217:85:153:55:218:219:360:151:146:92:22:221:220:219:221:165:195:222:223:224:180:229:221:163:222:215:174:156:182:184:225:49:227:218:144:150:228:226:155:218:210:230:123:225:136:231:50:74:224:554:231:212:230:197:102:45:77:98:234:234:235:234:236:221:237:238:154:88:236:199:239:118:208:165:237:554:241:240:241:242:308:239:235:62:27:223:219:63:243:133:243:176:230:242:76:108:227:244:226:245:217:246:222:228:247:248:246:416:235:249:224:247:210:249:252:135:225:316:239:248:229:233:250:252:110:249:209:166:97:17:86:231:240:242:254:255:257:216:287:255:258:185:305:256:254:258:257:260:32:261:360:162:263:264:178:265:61:213:263:59:238:266:178:267:211:254:260:248:71:268:252:268:269:244:264:245:272:243:9:57:193:196:273:269:26:267:227:274:275:276:440:276:275:278:290:272:81:273:274:595:163:282:86:71:38:192:17:284:278:285:239:282:116:286:246:247:149:317:274:286:284:220:266:220:139:266:202:384:289:411:265:260:180:92:300:285:169:292:289:279:271:279:293:199:294:284:206:149:75:295:294:296:121:91:40:292:297:273:298:162:299:300:286:524:324:157:295:302:231:303:300:69:268:297:140:271:293:260:219:98:265:304:305:304:261:205:86:306:292:188:308:302:309:298:279:205:237:295:308:287:296:191:310:311:187:198:311:313:189:314:315:142:316:266:250:59:314:317:306:314:92:298:230:299:253:178:303:111:158:318:289:76:257:238:317:320:321:320:113:299:318:259:315:321:198:322:267:60:323:323:323:203:157:324:325:326:140:68:310:316:319:324:214:104:305:325:288:328:329:285:330:244:294:331:331:332:207:332:334:337:336:99:338:334:339:222:339:321:525:335:128:341:171:338:330:329:342:214:229:342:343:335:282:336:188:235:337:72:326:240:344:345:346:347:269:345:341:348:271:382:85:346:350:348:351:351:343:352:241:255:299:342:310:353:344:1:159:354:525:524:23:350:339:189:352:315:355:355:353:96:356:328:335:65:347:464:356:318:358:40:359:354:354:324:83:595:94:199:361:288:449:311:121:365:361:556:359:355:553:568:367:368:332:256:102:264:365:358:568:252:338:370:371:272:206:368:372:438:373:370:337:25:125:297:375:338:376:404:100:263:273:145:371:8:377:378:245:376:375:377:259:373:333:367:368:378:126:372:52:276:376:311:345:379:380:370:284:215:382:225:106:383:344:554:383:336:384:309:200:296:386:360:524:129:207:595:200:290:244:313:319:333:200:258:388:342:389:213:380:329:42:356:389:382:16:390:310:374:388:390:347:17:274:346:391:385:306:392:473:386:58:309:304:371:395:395:367:280:291:99:229:357:392:256:397:397:320:376:54:245:398:399:406:374:156:163:402:414:403:350:365:391:399:404:251:290:276:414:0:406:326:404:375:406:402:361:28:403:369:407:385:341:408:291:336:313:410:216:379:372:278:297:322:408:357:18:291:407:359:178:464:399:118:283:380:218:99:377:348:473:386:290:317:253:414:356:416:415:416:53:417:353:110:373:351:418:106:330:420:350:434:173:421:417:262:307:212:382:452:424:553:275:402:425:420:303:308:282:66:161:112:410:283:406:353:325:429:254:302:429:329:374:421:10:432:430:194:357:387:280:397:352:285:208:431:427:432:228:420:258:430:433:434:241:434:405:220:234:433:468:406:432:383:410:437:384:438:383:384:439:198:440:424:425:417:441:415:442:15:307:499:508:120:437:250:47:226:399:185:321:381:405:447:424:448:427:265:441:447:445:444:389:413:446:385:422:379:340:452:247:407:496:393:434:436:439:453:411:454:454:275:340:453:455:331:179:427:237:495:465:293:99:455:456:442:288:508:449:253:403:459:448:448:259:454:459:421:59:392:444:236:164:429:463:424:460:381:464:465:143:81:460:421:442:390:369:465:466:280:467:227:143:93:468:466:463:415:436:469:391:418:439:203:343:455:103:370:268:268:452:168:429:472:440:281:378:470:469:475:468:393:569:476:456:449:314:478:422:479:358:481:568:304:511:478:483:475:476:479:396:335:494:444:281:201:432:486:511:27:280:471:460:165:511:59:398:398:467:489:483:556:445:490:182:433:489:348:490:491:491:447:569:426:303:454:441:328:369:82:494:56:347:495:209:491:170:44:328:419:184:316:418:456:369:306:393:486:209:496:325:409:396:511:419:164:500:514:547:590:250:488:333:488:459:476:500:377:438:390:471:415:466:554:251:519:519:485:509:497:154:494:364:374:510:131:449:368:593:508:119:493:498:181:509:364:262:513:472:409:105:483:426:426:447:357:470:396:64:339:387:397:504:215:364:575:459:497:545:373:530:504:419:519:499:283:451:481:381:545:12:7:351:485:520:523:490:313:497:469:405:525:217:398:238:525:590:90:467:463:43:413:333:481:307:530:319:414:529:188:295:294:464:425:127:524:530:263:46:267:315:498:529:452:277:479:462:530:523:528:80:516:593:504:355:95:537:485:445:467:537:92:539:281:539:499:96:249:474:176:534:255:320:528:532:542:543:544:394:542:543:422:425:516:592:496:394:364:236:513:490:544:427:141:426:532:547:465:513:539:499:262:591:152:293:29:545:534:302:394:514:556:495:340:436:451:483:474:175:553:493:283:534:446:555:372:555:544:493:319:547:456:401:257:489:598:431:534:578:197:556:272:277:560:444:561:473:560:546:265:575:575:261:598:560:166:561:388:475:413:537:458:510:408:462:401:277:540:446:492:458:239:470:323:390:516:458:569:498:334:484:590:360:409:440:389:501:514:519:47:603:462:578:500:145:501:353:595:478:598:450:545:481:580:577:498:214:565:577:437:448:592:278:395:450:569:510:277:580:580:509:540:546:579:594:420:419:211:473:570:270:430:520:488:453:586:517:522:437:428:529:472:165:579:528:582:341:73:445:517:578:565:204:591:577:262:428:591:593:593:367:574:586:574:603:343:594:470:484:540:541:80:396:541:204:594:270:601:532:484:576:594:601:391:188:570:9:106:586:583:517:546:270:251:474:542:522:401:602:300:479:603:565:602:576:491:543:251:586:583:520:501:561:48:431:555:451:579:570:311:486:484:428:279:523:582:433:187
2599,3223,540,0,6315,43:1:2:32:2:4:5:6:7:4:8:63:36:9:10:160:10:12:215:312:12:14:9:8:15:16:20:15:18:19:503:19:81:22:48:7:23:18:14:503:187:4:16:6:25:12:38:26:0:28:131:25:29:29:503:492:45:187:26:31:606:7:60:21:28:33:20:492:23:4:34:32:16:34:312:48:36:312:22:0:37:46:33:492:38:23:39:39:606:171:41:171:42:43:2:38:215:41:33:44:160:20:89:21:75:45:606:49:108:190:10:50:76:44:51:77:34:47:52:51:53:54:55:36:53:32:57:28:48:94:93:42:60:49:61:47:62:120:55:64:65:54:52:62:43:64:93:66:67:1:73:67:68:31:37:69:57:65:548:182:69:22:89:8:60:217:72:56:40:68:29:120:19:74:124:74:65:75:37:43:76:61:77:0:45:78:233:81:72:596:49:80:596:11:82:83:84:56:64:596:548:85:86:85:80:233:86:80:73:87:83:63:69:55:88:89:78:90:88:91:67:91:89:14:548:78:81:88:94:21:95:40:11:31:52:44:55:94:87:95:97:192:40:97:72:21:144:50:136:223:100:101:102:103:82:104:25:103:101:105:106:103:73:107:105:104:108:98:109:108:51:109:39:100:128:15:160:71:107:111:112:113:322:54:159:116:102:126:83:116:94:114:36:107:117:118:68:119:77:71:132:112:58:63:536:121:122:122:119:111:42:90:5:123:113:159:606:124:125:31:118:41:5:124:127:126:128:129:202:29:130:131:122:132:125:133:123:117:133:127:18:126:129:33:34:132:109:19:134:97:135:58:134:137:135:138:109:96:139:127:78:140:141:186:142:84:96:137:130:101:141:142:144:145:136:146:129:91:146:139:27:84:119:147:130:138:121:149:61:147:233:95:192:53:151:123:147:120:125:87:152:153:41:153:145:152:149:100:186:39:154:155:150:50:157:107:156:133:155:223:136:158:154:157:75:158:151:190:142:160:143:146:161:162:163:202:162:161:11:37:143:128:150:140:190:112:114:153:168:169:58:124:169:168:170:11:6:84:131:56:1:172:172:137:156:322:167:536:173:66:174:173:175:174:165:166:17:166:170:536:175:164:66:24:416:536:503:179:180:180:181:181:182:158:183:26:134:184:179:175:185:116:186:186:151:95:159:173:185:164:46:62:139:24:189:171:191:150:187:113:93:90:191:179:193:191:134:105:194:110:138:189:183:67:110:195:194:196:197:312:27:132:197:198:195:199:143:74:184:106:98:155:196:200:166:152:192:181:5:57:183:201:141:138:202:200:51:203:253:199:190:205:205:104:206:46:176:207:208:201:168:203:198:243:209:66:6:211:2:111:172:208:211:110:209:411:212:167:213:194:212:117:411:176:193:167:210:206:170:114:201:137:135:168:20:147:122:161:188:169:213:216:144:217:85:153:55:218:219:360:151:146:92:22:221:220:219:221:165:195:222:223:224:180:229:221:163:222:215:174:156:182:184:225:49:227:218:144:150:228:226:155:218:210:230:123:225:136:231:50:74:224:554:231:212:230:197:102:45:77:98:234:234:235:234:236:221:237:238:154:88:236:199:239:118:208:165:237:554:241:240:241:242:308:239:235:62:27:223:219:63:243:133:243:176:230:242:76:108:227:244:226:245:217:246:222:228:247:248:246:416:235:249:224:247:210:249:252:135:225:316:239:248:229:233:250:252:110:249:209:166:97:17:86:231:240:242:254:255:257:216:287:255:258:185:305:256:254:258:257:260:32:261:360:162:263:264:178:265:61:213:263:59:238:266:178:267:211:254:260:248:71:268:252:268:269:244:264:245:272:243:9:57:193:196:273:269:26:267:227:274:275:276:440:276:275:278:290:272:81:273:274:595:163:282:86:71:38:192:17:284:278:285:239:282:116:286:246:247:149:317:274:286:284:220:266:220:139:266:202:384:289:411:265:260:180:92:300:285:169:292:289:279:271:279:293:199:294:284:206:149:75:295:294:296:121:91:40:292:297:273:298:162:299:300:286:524:324:157:295:302:231:303:300:69:268:297:140:271:293:260:219:98:265:304:305:304:261:205:86:306:292:188:308:302:309:298:279:205:237:295:308:287:296:191:310:311:187:198:311:313:189:314:315:142:316:266:250:59:314:317:306:314:92:298:230:299:253:178:303:111:158:318:289:76:257:238:317:320:321:320:113:299:318:259:315:321:198:322:267:60:323:323:323:203:157:324:325:326:140:68:310:316:319:324:214:104:305:325:288:328:329:285:330:244:294:331:331:332:207:332:334:337:336:99:338:334:339:222:339:321:525:335:128:341:171:338:330:329:342:214:229:342:343:335:282:336:188:235:337:72:326:240:344:345:346:347:269:345:341:348:271:382:85:346:350:348:351:351:343:352:241:255:299:342:310:353:344:1:159:354:525:524:23:350:339:189:352:315:355:355:353:96:356:328:335:65:347:464:356:287:358:40:359:354:354:324:83:595:94:199:361:288:449:311:121:365:361:556:359:355:553:568:367:368:332:256:102:264:365:358:568:252:338:370:371:272:206:368:372:438:373:370:337:25:125:297:375:338:376:404:100:263:273:145:371:8:377:378:245:376:375:377:259:373:333:367:368:378:126:372:52:276:376:311:345:379:380:370:284:215:382:225:106:383:344:554:383:336:384:309:200:296:318:360:524:129:207:595:200:290:244:313:319:333:200:258:388:342:389:213:380:329:42:356:389:382:16:390:310:374:388:390:347:17:274:346:391:385:306:392:473:386:58:309:304:371:395:395:367:280:291:99:229:357:392:256:397:397:320:376:54:245:398:399:406:374:156:163:402:414:403:350:365:391:399:404:251:290:276:414:0:406:326:404:375:406:402:361:28:403:369:407:385:341:408:291:336:313:410:216:379:372:278:297:322:408:357:18:291:407:359:178:464:399:118:283:380:218:99:377:348:473:386:290:317:253:414:356:416:415:416:53:417:353:110:373:351:418:106:330:420:350:434:173:421:417:262:307:212:382:452:424:553:275:402:425:420:303:308:282:66:161:112:410:283:406:353:325:429:254:302:429:329:374:421:10:432:430:194:357:387:280:397:352:285:208:431:427:432:228:420:258:430:433:434:241:434:405:220:234:433:468:406:432:383:410:437:384:438:383:384:439:198:440:424:425:417:441:415:442:15:307:499:508:120:437:250:47:226:399:185:321:381:405:447:424:448:427:265:441:447:445:444:389:413:446:385:422:379:340:452:247:407:496:393:434:436:439:453:411:454:454:275:340:453:455:331:179:427:237:495:465:293:99:455:456:442:288:508:449:253:403:459:448:448:259:454:459:421:59:392:444:236:164:429:463:424:460:381:464:465:143:81:460:421:442:390:369:465:466:280:467:227:143:93:468:466:463:415:436:469:391:418:439:203:343:455:103:370:268:268:452:168:429:472:440:281:378:470:469:475:468:393:569:476:456:449:314:478:422:479:358:481:568:304:511:478:483:475:476:479:396:335:494:444:281:201:432:486:511:27:280:471:460:165:511:59:398:398:467:489:483:556:445:490:182:433:489:348:490:491:491:447:569:426:303:454:441:328:369:82:494:56:347:495:209:491:170:44:328:419:184:316:418:456:369:306:393:486:209:496:325:409:396:511:419:164:500:514:547:590:250:488:333:488:459:476:500:377:438:390:471:415:466:554:251:519:519:485:509:497:154:494:364:374:510:131:449:368:593:508:119:493:498:181:509:364:262:513:472:409:105:483:426:426:447:357:470:396:64:339:387:397:504:215:364:575:459:497:545:373:530:504:419:519:499:283:451:481:381:545:12:7:351:485:520:523:490:313:497:469:405:525:217:398:238:525:590:90:467:463:43:413:333:481:307:530:319:414:529:188:295:294:464:425:127:524:530:263:46:267:315:498:529:452:277:479:462:530:523:528:80:516:593:504:355:95:537:485:445:467:537:92:539:281:539:499:96:249:474:176:534:255:320:528:532:542:543:544:394:542:543:422:425:516:592:496:394:364:236:513:490:544:427:141:426:532:547:465:513:539:499:262:591:152:293:29:545:534:302:394:514:556:495:340:436:451:483:474:175:553:493:283:534:446:555:372:555:544:493:319:547:456:401:257:489:598:431:534:578:197:556:272:277:560:444:561:473:560:546:265:575:575:261:598:560:166:561:388:475:413:537:458:510:408:462:401:277:540:446:492:458:239:470:323:390:516:458:569:498:334:484:590:360:409:440:389:501:514:519:47:603:462:578:500:145:501:353:595:478:598:450:545:481:580:577:498:214:565:577:437:448:592:278:395:450:569:510:277:580:580:509:540:546:579:594:420:419:211:473:570:270:430:520:488:453:586:517:522:437:428:529:472:165:579:528:582:341:73:445:517:578:565:204:591:577:262:428:591:593:593:367:574:586:574:603:343:594:470:484:540:541:80:396:541:204:594:270:601:532:484:576:594:601:391:188:570:9:106:586:583:517:546:270:251:474:542:522:401:602:300:479:603:565:602:576:491:543:251:586:583:520:501:561:48:431:555:451:579:570:311:486:484:428:279:523:582:433:187
2703,3358,540,0,6314,43:1:2:32:2:4:5:6:7:4:8:63:36:9:10:160:10:12:215:312:12:14:9:8:15:16:20:15:18:19:503:19:81:22:48:7:23:18:14:503:187:4:16:6:25:12:38:26:0:28:131:25:29:29:503:492:45:187:26:31:606:7:60:21:28:33:20:492:23:4:34:32:16:34:312:48:36:312:22:0:37:46:33:492:38:23:39:39:606:171:41:171:42:43:2:38:215:41:33:44:160:20:89:21:75:45:606:49:108:190:10:50:76:44:51:77:34:47:52:51:53:54:55:36:53:32:57:28:48:94:93:42:60:49:61:47:62:120:55:64:65:54:52:62:43:64:93:66:67:1:73:67:68:31:37:69:57:65:548:182:69:22:89:8:60:217:72:56:40:68:29:120:19:74:124:74:65:75:37:43:76:61:77:0:45:78:233:81:72:596:49:80:596:11:82:83:84:56:64:596:548:85:86:85:80:233:86:80:73:87:83:63:69:55:88:89:78:90:88:91:67:91:89:14:548:78:81:88:94:21:95:40:11:31:52:44:55:94:87:95:97:192:40:97:72:21:144:50:136:223:100:101:102:103:82:104:25:103:101:105:106:103:73:107:105:104:108:98:109:108:51:109:39:100:128:15:160:71:107:111:112:113:322:54:159:116:102:126:83:116:94:114:36:107:117:118:68:119:77:71:132:112:58:63:536:121:122:122:119:111:42:90:5:123:113:159:606:124:125:31:118:41:5:124:127:126:128:129:202:29:130:131:122:132:125:133:123:117:133:127:18:126:129:33:34:132:109:19:134:97:135:58:134:137:135:138:109:96:139:127:78:140:141:186:142:84:96:137:130:101:141:142:144:145:136:146:129:91:146:139:27:84:119:147:130:138:121:149:61:147:233:95:192:53:151:123:147:120:125:87:152:153:41:153:145:152:149:100:186:39:154:155:150:50:157:107:156:133:155:223:136:158:154:157:75:158:151:190:142:160:143:146:161:162:163:202:162:161:11:37:143:128:150:140:190:112:114:153:168:169:58:124:169:168:170:11:6:84:131:56:1:172:172:137:156:322:167:536:173:66:174:173:175:174:165:166:17:166:170:536:175:164:66:24:416:536:503:179:180:180:181:181:182:158:183:26:134:184:179:175:185:116:186:186:151:95:159:173:185:164:46:62:139:24:189:171:191:150:187:113:93:90:191:179:193:191:134:105:194:110:138:189:183:67:110:195:194:196:197:312:27:132:197:198:195:199:143:74:184:106:98:155:196:200:166:152:192:181:5:57:183:201:141:138:202:200:51:203:253:199:190:205:205:104:206:46:176:207:208:201:168:203:198:243:209:66:6:211:2:111:172:208:211:110:209:411:212:167:213:194:212:117:411:176:193:167:210:206:170:114:201:137:135:168:20:147:122:161:188:169:213:216:144:217:85:153:55:218:219:360:151:146:92:22:221:220:219:221:165:195:222:223:224:180:229:221:163:222:215:174:156:182:184:225:49:227:218:144:150:228:226:155:218:210:230:123:225:136:231:50:74:224:554:231:212:230:197:102:45:77:98:234:234:235:234:236:221:237:238:154:88:236:199:239:118:208:165:237:554:241:240:241:242:308:239:235:62:27:223:219:63:243:133:243:176:230:242:76:108:227:244:226:245:217:246:222:228:247:248:246:416:235:249:224:247:210:249:252:135:225:316:239:248:229:233:250:252:110:249:209:166:97:17:86:231:240:242:254:255:257:216:287:255:258:185:305:256:254:258:257:260:32:261:360:162:263:264:178:265:61:213:263:59:238:266:178:267:211:254:260:248:71:268:252:268:269:244:264:245:272:243:9:57:193:196:273:269:26:267:227:274:275:276:440:276:275:278:290:272:81:273:274:595:163:282:86:71:38:192:17:284:278:285:239:282:116:286:246:247:149:317:274:286:284:220:266:220:139:266:202:384:289:411:265:260:180:92:300:285:169:292:289:279:271:279:293:199:294:284:206:149:75:295:294:296:121:91:40:292:297:273:298:162:299:300:286:524:324:157:295:302:231:303:300:69:268:297:140:271:293:260:219:98:265:304:305:304:261:205:86:306:292:188:308:302:309:298:279:205:237:295:308:287:296:191:310:311:187:198:311:313:189:314:315:142:316:266:250:59:314:317:306:314:92:298:230:299:253:178:303:111:158:318:289:76:257:238:317:320:321:320:113:299:318:259:315:321:198:322:267:60:323:323:323:203:157:324:325:326:140:68:310:316:319:324:214:104:305:325:288:328:329:285:330:244:294:331:331:332:207:332:334:337:336:99:338:334:339:222:339:321:525:335:128:341:171:338:330:329:342:214:229:342:343:335:282:336:188:235:337:72:326:240:344:345:346:347:269:345:341:348:271:382:85:346:350:348:351:351:343:352:241:255:299:342:310:353:344:1:159:354:525:524:23:350:339:189:352:315:355:355:353:96:356:328:335:65:347:464:356:287:358:40:359:354:354:324:83:595:94:199:361:288:449:311:121:365:361:556:359:355:553:568:367:368:332:256:102:264:365:358:568:252:338:370:371:272:206:368:372:438:373:370:337:25:125:297:375:338:376:404:100:263:273:145:371:8:377:378:245:376:375:377:259:373:333:367:368:378:126:372:52:276:376:311:345:379:380:370:284:215:382:225:106:383:344:554:383:336:384:309:200:296:318:360:524:129:207:595:200:290:244:313:319:333:200:258:388:342:389:213:380:329:42:356:389:382:16:390:310:374:388:390:347:17:274:346:391:385:306:392:473:386:58:309:304:371:395:395:367:280:291:99:229:357:392:256:397:397:320:376:54:245:398:399:406:374:156:163:402:414:403:350:365:391:399:404:251:290:276:414:0:406:326:404:375:406:402:361:28:403:369:407:385:341:408:291:336:313:410:216:379:372:278:297:322:408:357:18:291:407:359:178:464:399:118:283:380:218:99:377:348:473:386:290:317:253:414:356:416:415:416:53:417:353:110:373:351:418:106:330:420:350:434:173:421:417:262:307:212:382:452:424:553:275:402:425:420:303:308:282:66:161:112:410:283:406:353:325:429:254:302:429:329:374:421:10:432:430:194:357:387:280:397:352:285:208:431:427:432:228:420:258:430:433:434:241:434:405:220:234:433:468:406:432:383:410:437:384:438:383:384:439:198:440:424:425:417:441:415:442:15:307:499:508:120:437:250:47:226:399:185:321:381:405:447:424:448:427:265:441:447:445:444:389:413:446:385:422:379:340:452:247:407:496:393:434:436:439:453:411:454:454:275:340:453:455:331:179:427:237:495:465:293:99:455:456:442:288:508:449:253:403:459:448:448:259:454:459:421:59:392:444:236:164:429:463:424:460:381:464:465:143:81:460:421:442:390:369:465:466:280:467:227:143:93:468:466:463:415:436:469:391:418:439:203:343:455:103:370:268:268:452:168:429:472:440:281:378:470:469:475:468:393:569:476:456:449:314:478:422:479:358:481:568:304:511:478:483:475:476:479:396:335:494:444:281:201:432:486:511:27:280:471:460:165:511:59:398:398:467:489:483:556:445:490:182:433:489:348:490:491:491:447:569:426:303:454:441:328:369:82:494:56:347:495:209:491:170:44:328:419:184:316:418:456:369:306:393:486:209:496:325:409:396:511:419:164:500:514:547:590:250:488:333:488:459:476:500:377:438:390:471:415:466:554:251:519:519:485:509:497:154:494:364:374:510:131:449:368:481:508:119:493:498:181:509:364:262:513:472:409:105:483:426:426:447:357:470:396:64:339:387:397:504:215:364:575:459:497:545:373:530:504:419:519:499:283:451:408:381:545:12:7:351:485:520:523:490:313:497:469:405:525:217:398:238:525:590:90:467:463:43:413:333:481:307:530:319:414:529:188:295:294:464:425:127:524:530:263:46:267:315:498:529:452:277:479:462:530:523:528:80:516:593:504:355:95:537:485:445:467:537:92:539:281:539:499:96:249:474:176:534:255:320:528:532:542:543:544:394:542:543:422:425:516:592:496:394:364:236:513:490:544:427:141:426:532:547:465:513:539:499:262:591:152:293:29:545:534:302:394:514:556:495:340:436:451:483:474:175:553:493:283:534:446:555:372:555:544:493:319:547:456:401:257:489:598:431:534:578:197:556:272:277:560:444:561:473:560:546:265:575:575:261:598:560:166:561:388:475:413:537:458:510:408:462:401:277:540:446:492:458:239:470:323:390:516:458:569:498:334:484:590:360:409:440:389:501:514:519:47:603:462:578:500:145:501:353:595:478:598:450:545:579:580:577:498:214:565:577:437:448:592:278:395:450:569:510:277:580:580:509:540:546:579:594:420:419:211:473:570:270:430:520:488:453:586:517:522:437:428:529:472:165:579:528:582:341:73:445:517:578:565:204:591:577:262:428:591:593:593:367:574:586:574:603:343:594:470:484:540:541:80:396:541:204:594:270:601:532:484:576:594:601:391:188:570:9:106:586:583:517:546:270:251:474:542:522:401:602:300:479:603:565:602:576:491:543:251:586:583:520:501:561:48:431:555:451:579:570:311:486:484:428:279:523:582:433:187
2713,3370,540,0,6313,43:1:2:32:2:4:5:6:7:4:8:63:36:9:10:160:10:12:215:312:12:14:9:8:15:16:20:15:18:19:503:19:81:22:48:7:23:18:14:503:187:4:16:6:25:12:38:26:0:28:131:25:29:29:503:492:45:187:26:31:606:7:60:21:28:33:20:492:23:4:34:32:16:34:312:48:36:312:22:0:37:46:33:492:38:23:39:39:606:171:41:171:42:43:2:38:215:41:33:44:160:20:89:21:75:45:606:49:108:190:10:50:76:44:51:77:34:47:52:51:53:54:55:36:53:32:57:28:48:94:93:42:60:49:61:47:62:120:55:64:65:54:52:62:43:64:93:66:67:1:73:67:68:31:37:69:57:65:548:182:69:22:89:8:60:217:72:56:40:68:29:120:19:74:124:74:65:75:37:43:76:61:77:0:45:78:233:81:72:596:49:80:596:11:82:83:84:56:64:596:548:85:86:85:80:233:86:80:73:87:83:63:69:55:88:89:78:90:88:91:67:91:89:14:548:78:81:88:94:21:95:40:11:31:52:44:55:94:87:95:97:192:40:97:72:21:144:50:136:223:100:101:102:103:82:104:25:103:101:105:106:103:73:107:105:104:108:98:109:108:51:109:39:100:128:15:160:71:107:111:112:113:322:54:159:116:102:126:83:116:94:114:36:107:117:118:68:119:77:71:132:112:58:63:536:121:122:122:119:111:42:90:5:123:113:159:606:124:125:31:118:41:5:124:127:126:128:129:202:29:130:131:122:132:125:133:123:117:133:127:18:126:129:33:34:132:109:19:134:97:135:58:134:137:135:138:109:96:139:127:78:140:141:186:142:84:96:137:130:101:141:142:144:145:136:146:129:91:146:139:27:84:119:147:130:138:121:149:61:147:233:95:192:53:151:123:147:120:125:87:152:153:41:153:145:152:149:100:186:39:154:155:150:50:157:107:156:133:155:223:136:158:154:157:75:158:151:190:142:160:143:146:161:162:163:202:162:161:11:37:143:128:150:140:190:112:114:153:168:169:58:124:169:168:170:11:6:84:131:56:1:172:172:137:156:322:167:536:173:66:174:173:175:174:165:166:17:166:170:536:175:164:66:24:416:536:503:179:180:180:181:181:182:158:183:26:134:184:179:175:185:116:186:186:151:95:159:173:185:164:46:62:139:24:189:171:191:150:187:113:93:90:191:179:193:191:134:105:194:110:138:189:183:67:110:195:194:196:197:312:27:132:197:198:195:199:143:74:184:106:98:155:196:200:166:152:192:181:5:57:183:201:141:138:202:200:51:203:253:199:190:205:205:104:206:46:176:207:208:201:168:203:198:243:209:66:6:211:2:111:172:208:211:110:209:411:212:167:213:194:212:117:411:176:193:167:210:206:170:114:201:137:135:168:20:147:122:161:188:169:213:216:144:217:85:153:55:218:219:360:151:146:92:22:221:220:219:221:165:195:222:223:224:180:229:221:163:222:215:174:156:182:184:225:49:227:218:144:150:228:226:155:218:210:230:123:225:136:231:50:74:224:554:231:212:230:56:102:45:77:98:234:234:235:234:236:221:237:238:154:88:236:199:239:118:208:165:237:554:241:240:241:242:308:239:235:62:27:223:219:63:243:133:243:176:230:242:76:108:227:244:226:245:217:246:222:228:247:248:246:416:235:249:224:247:210:249:252:135:225:316:239:248:229:233:250:252:110:249:209:166:97:17:86:231:240:242:254:255:257:216:287:255:258:185:305:256:254:258:257:260:32:261:360:162:263:264:178:265:61:213:263:59:238:266:178:267:211:254:260:248:71:268:252:268:269:244:264:245:272:243:9:57:193:196:273:269:26:267:227:274:275:276:440:276:275:278:290:272:81:273:274:595:163:282:86:71:38:192:17:284:278:285:239:282:116:286:246:247:149:317:274:286:284:220:266:220:139:266:202:384:289:411:265:260:180:92:300:285:169:292:289:279:271:279:197:199:294:284:206:149:75:295:294:296:121:91:40:292:297:273:298:162:299:300:286:524:324:157:295:302:231:303:300:69:268:297:140:271:293:260:219:98:265:304:305:304:261:205:86:306:292:188:308:302:309:298:279:205:237:295:308:287:296:191:310:311:187:198:311:313:189:314:315:142:316:266:250:59:314:317:306:314:92:298:230:299:253:178:303:111:158:318:289:76:257:238:317:320:321:320:113:299:318:259:315:321:198:322:267:60:323:323:323:203:157:324:325:326:140:68:310:316:319:324:214:104:305:325:288:328:329:285:330:244:294:331:331:332:207:332:334:337:336:99:338:334:339:222:339:321:525:335:128:341:171:338:330:329:342:214:229:342:343:335:282:336:188:235:337:72:326:240:344:345:346:347:269:345:341:348:271:382:85:346:350:348:351:351:343:352:241:255:299:342:310:353:344:1:159:354:525:524:23:350:339:189:352:315:355:355:353:96:356:328:335:65:347:464:356:287:358:40:359:354:354:324:83:595:94:199:361:288:449:311:121:365:361:556:359:355:553:568:367:368:332:256:102:264:365:358:568:252:338:370:371:272:206:368:372:438:373:370:337:25:125:297:375:338:376:404:100:263:273:145:371:8:377:378:245:376:375:377:259:373:333:367:368:378:126:372:52:276:376:311:345:379:380:370:284:215:382:225:106:383:344:554:383:336:384:309:200:296:318:360:524:129:207:595:200:290:244:313:319:333:200:258:388:342:389:213:380:329:42:356:389:382:16:390:310:374:388:390:347:17:274:346:391:385:306:392:473:386:58:309:304:371:395:395:367:280:291:99:229:357:392:256:397:397:320:376:54:245:398:399:406:374:156:163:402:414:403:350:365:391:399:404:251:290:276:414:0:406:326:404:375:406:402:361:28:403:369:407:385:341:408:291:336:313:410:216:379:372:278:297:322:408:357:18:291:407:359:178:464:399:118:283:380:218:99:377:348:473:386:290:317:253:414:356:416:415:416:53:417:353:110:373:351:418:106:330:420:350:434:173:421:417:262:307:212:382:452:424:553:275:402:425:420:303:308:282:66:161:112:410:283:406:353:325:429:254:302:429:329:374:421:10:432:430:194:357:387:280:397:352:285:208:431:427:432:228:420:258:430:433:434:241:434:405:220:234:433:468:406:432:383:410:437:384:438:383:384:439:198:440:424:425:417:441:415:442:15:307:499:508:120:437:250:47:226:399:185:321:381:405:447:424:448:427:265:441:447:445:444:389:413:446:385:422:379:340:452:247:407:496:393:434:436:439:453:411:454:454:275:340:453:455:331:179:427:237:495:465:293:99:455:456:442:288:508:449:253:403:459:448:448:259:454:459:421:59:392:444:236:164:429:463:424:460:381:464:465:143:81:460:421:442:390:369:465:466:280:467:227:143:93:468:466:463:415:436:469:391:418:439:203:343:455:103:370:268:268:452:168:429:472:440:281:378:470:469:475:468:393:569:476:456:449:314:478:422:479:358:481:568:304:511:478:483:475:476:479:396:335:494:444:281:201:432:486:511:27:280:471:460:165:511:59:398:398:467:489:483:556:445:490:182:433:489:348:490:491:491:447:569:426:303:454:441:328:369:82:494:437:347:495:209:491:170:44:328:419:184:316:418:456:369:306:393:486:209:496:325:409:396:511:419:164:500:514:547:590:250:488:333:488:459:476:500:377:438:390:471:415:466:554:251:519:519:485:509:497:154:494:364:374:510:131:449:368:481:508:119:493:498:181:509:364:262:513:472:409:105:483:426:426:447:357:470:396:64:339:387:397:504:215:364:575:459:497:545:373:530:504:419:519:499:283:451:408:381:545:12:7:351:485:520:523:490:313:497:469:405:525:217:398:238:525:590:90:467:463:43:413:333:481:307:530:319:414:529:188:295:294:464:425:127:524:530:263:46:267:315:498:529:452:277:479:462:530:523:528:80:516:593:504:355:95:537:485:445:467:537:92:539:281:539:499:96:249:474:176:534:255:320:528:532:542:543:544:394:542:543:422:425:516:592:496:394:364:236:513:490:544:427:141:426:532:547:465:513:539:499:262:591:1:293:29:545:534:302:394:514:556:495:340:436:451:483:474:175:553:493:283:534:446:555:372:555:544:493:319:547:456:401:257:489:598:431:534:578:24:556:272:277:560:444:561:473:560:546:265:575:575:261:598:560:166:561:388:475:413:537:458:510:408:462:401:277:540:446:492:458:239:470:323:390:516:458:569:498:334:484:590:360:409:440:389:501:514:519:47:603:462:578:500:145:501:353:595:478:598:450:545:579:580:577:498:214:565:577:437:448:592:278:395:450:569:510:277:580:580:509:540:546:579:594:420:419:211:473:570:270:430:520:488:453:586:517:522:335:428:529:472:165:579:528:582:341:73:445:517:578:565:204:591:577:262:428:591:593:593:367:574:586:574:603:343:594:470:484:540:541:80:396:541:204:594:270:601:532:484:576:594:601:391:188:570:9:106:586:583:517:546:270:251:474:542:522:401:602:300:479:603:565:602:576:491:543:251:586:583:520:501:561:48:431:555:451:579:570:311:486:484:428:279:523:582:433:187
2785,3471,540,0,6312,43:1:2:32:2:4:5:6:7:4:8:63:36:9:10:160:10:12:215:312:12:14:9:8:15:16:20:15:18:19:503:19:81:22:48:7:23:18:14:503:187:4:16:6:25:12:38:26:0:28:131:25:29:29:503:492:45:187:26:31:606:7:60:21:28:33:20:492:23:4:34:32:16:34:312:48:36:312:22:0:37:46:33:492:38:23:39:39:606:171:41:171:42:43:2:38:215:41:33:44:160:20:89:21:75:45:606:49:108:190:10:50:76:44:51:77:34:47:52:51:53:54:55:36:53:32:57:28:48:94:93:42:60:49:61:47:62:120:55:64:65:54:52:62:43:64:93:66:67:1:73:67:68:31:37:69:57:65:548:182:69:22:89:8:60:217:72:56:40:68:29:120:19:74:124:74:65:75:37:43:76:61:77:0:45:78:233:81:72:596:49:80:596:11:82:83:84:56:64:596:548:85:86:85:80:233:86:80:73:87:83:63:69:55:88:89:78:90:88:91:67:91:89:14:548:78:81:88:94:21:95:40:11:31:52:44:55:94:87:95:97:192:40:97:72:21:144:50:136:223:100:101:102:103:82:104:25:103:101:105:106:103:73:107:105:104:108:98:109:108:51:109:39:100:128:15:160:71:107:111:112:113:322:54:159:116:102:126:83:116:94:114:36:107:117:118:68:119:77:71:132:112:58:63:536:121:122:122:119:111:42:90:5:123:113:159:606:124:125:31:118:41:5:124:127:126:128:129:202:29:130:131:122:132:125:133:123:117:133:127:18:126:129:33:34:132:109:19:134:97:135:58:134:137:135:138:109:96:139:127:78:140:141:186:142:84:96:137:130:101:141:142:144:145:136:146:129:91:146:139:27:84:119:147:130:138:121:149:61:147:233:95:192:53:151:123:147:120:125:87:152:153:41:153:145:152:149:100:186:39:154:155:150:50:157:107:156:133:155:223:136:158:154:157:75:158:151:190:142:160:143:146:161:162:163:202:162:161:11:37:143:128:150:140:190:112:114:153:168:169:58:124:169:168:170:11:6:84:131:56:1:172:172:137:156:322:167:536:173:66:174:173:175:174:165:166:17:166:170:536:175:164:66:24:416:536:503:179:180:180:181:181:182:158:183:26:134:184:179:175:185:116:186:186:151:95:159:173:185:164:46:62:139:24:189:171:191:150:187:113:93:90:191:179:193:191:134:105:194:110:138:189:183:67:110:195:194:196:197:312:27:132:197:198:195:199:143:74:184:106:98:155:196:200:166:152:192:181:5:57:183:201:141:138:202:200:51:203:253:199:190:205:205:104:206:46:176:207:208:201:168:203:198:243:209:66:6:211:2:111:172:208:211:110:209:411:212:167:213:194:212:117:411:176:193:167:210:206:170:114:201:137:135:168:20:147:122:161:188:169:213:216:144:217:85:153:55:218:219:360:151:146:92:22:221:220:219:221:165:195:222:223:224:180:229:221:163:222:215:174:156:182:184:225:49:227:218:144:150:228:226:155:218:210:230:123:225:136:231:50:74:224:554:231:212:230:56:102:45:77:98:234:234:235:234:236:221:237:238:154:88:236:199:239:118:208:165:237:554:241:240:241:242:308:239:235:62:27:223:219:63:243:133:243:176:230:242:76:108:227:244:226:245:217:246:222:228:247:248:246:416:235:249:224:247:210:249:252:135:225:316:239:248:229:233:250:252:110:249:209:166:97:17:86:231:240:242:254:255:257:216:287:255:258:185:305:256:254:258:257:260:32:261:360:162:263:264:178:265:61:213:263:59:238:266:178:267:211:254:260:248:71:268:252:268:269:244:264:245:272:243:9:57:193:196:273:269:26:267:227:274:275:276:440:276:275:278:290:272:81:273:274:595:163:282:86:71:38:192:17:284:278:285:239:282:116:286:246:247:149:317:274:286:284:220:266:220:139:266:202:384:289:411:265:260:180:92:300:285:169:292:289:279:271:279:197:199:294:284:206:149:75:295:294:296:121:91:40:292:297:273:298:162:299:300:286:524:324:157:295:302:231:303:300:69:268:297:140:271:293:260:219:98:265:304:305:304:261:205:86:306:292:188:308:302:309:298:279:205:237:295:308:287:296:191:310:311:187:198:311:313:189:314:315:142:316:266:250:59:314:317:306:314:92:298:230:299:253:178:303:111:158:318:289:76:257:238:317:320:321:320:113:299:318:259:315:321:198:322:267:60:323:323:323:203:157:324:325:326:140:68:310:316:319:324:214:104:305:325:288:328:329:285:330:244:294:331:331:332:207:332:334:337:336:99:338:334:339:222:339:321:525:335:128:341:171:338:330:329:342:214:229:342:343:335:282:336:188:235:337:72:326:240:344:345:346:347:269:345:341:348:271:382:85:346:350:348:351:351:343:352:241:255:299:342:310:353:344:1:159:354:525:524:23:350:339:189:352:315:355:355:353:96:356:328:335:65:347:464:356:287:358:40:359:354:354:324:83:595:94:199:361:288:449:311:121:365:361:556:359:355:553:568:367:368:332:256:102:264:365:358:568:252:338:370:371:272:206:368:372:438:373:370:337:25:125:297:375:338:376:404:100:263:273:145:371:8:377:378:245:376:375:377:259:373:333:367:368:378:126:372:52:276:376:311:345:379:380:370:284:215:382:225:106:383:344:554:383:336:384:309:200:296:318:360:524:129:207:595:200:290:244:313:319:333:200:258:388:342:389:213:380:329:42:356:389:382:16:390:310:374:388:390:347:17:274:346:391:385:306:392:473:386:58:309:304:371:395:395:367:280:291:99:229:357:392:256:397:397:320:376:54:245:398:399:406:374:156:163:402:414:403:350:365:391:399:404:251:290:276:414:0:406:326:404:375:406:402:361:28:403:369:407:385:341:408:291:336:313:410:216:379:372:278:297:322:408:357:18:291:407:359:178:464:399:118:283:380:218:99:377:348:473:386:290:317:253:414:356:416:415:416:53:417:353:110:373:351:418:106:330:420:350:434:173:421:417:262:307:212:382:452:424:553:275:402:425:420:303:308:282:66:161:112:410:283:406:353:325:429:254:302:429:329:374:421:10:432:430:194:357:387:280:397:352:285:208:431:427:432:228:420:258:430:433:434:241:434:405:220:234:433:468:406:432:383:410:437:384:438:383:384:439:198:440:424:425:417:441:415:442:15:307:499:508:120:437:250:47:226:399:185:321:381:405:447:424:448:427:265:441:447:445:444:389:413:446:385:422:379:340:452:247:407:496:393:434:436:439:453:411:454:454:275:340:453:455:331:179:427:237:495:465:293:99:455:456:442:288:508:449:253:403:459:448:448:259:454:459:421:59:392:444:236:164:429:463:424:460:381:464:465:143:81:460:421:442:390:369:465:466:280:467:227:143:93:468:466:463:415:436:469:391:418:439:203:343:455:103:370:268:268:452:168:429:472:440:281:378:470:469:475:468:393:569:476:456:449:314:478:422:479:358:481:568:304:511:478:483:475:471:479:396:335:494:444:281:201:432:486:511:27:280:471:460:165:511:59:398:398:467:489:483:556:445:490:182:433:489:348:490:491:491:447:569:426:303:454:441:328:369:82:494:437:347:495:209:491:170:44:328:419:184:316:418:456:369:306:393:486:209:496:325:409:396:511:419:164:476:514:547:590:250:488:333:488:459:500:500:377:438:390:471:415:466:554:251:519:519:485:509:497:154:494:364:374:510:131:449:368:481:508:119:493:498:181:509:364:262:513:472:409:105:483:426:426:447:357:470:396:64:339:387:397:504:215:364:575:459:497:545:373:530:504:419:519:499:283:451:408:381:545:12:7:351:485:520:523:490:313:497:469:405:525:217:398:238:525:590:90:467:463:43:413:333:481:307:530:319:414:529:188:295:294:464:425:127:524:530:263:46:267:315:498:529:452:277:479:462:530:523:528:80:516:593:504:355:95:537:485:445:467:537:92:539:281:539:499:96:249:474:176:534:255:320:528:532:542:543:544:394:542:543:422:425:516:592:496:394:364:236:513:490:544:427:141:426:532:547:465:513:539:499:262:591:1:293:29:545:534:302:394:514:556:495:340:436:451:483:474:175:553:493:283:534:446:555:372:555:544:493:319:547:456:401:257:489:598:431:534:578:24:556:272:277:560:444:561:473:560:546:265:575:575:261:598:560:166:561:388:475:413:537:458:510:408:462:401:277:540:446:492:458:239:470:323:390:516:458:569:498:334:484:590:360:409:440:389:501:514:519:47:603:462:578:500:145:501:353:595:478:598:450:545:579:580:577:498:214:565:577:437:448:592:278:395:450:569:510:277:580:580:509:540:546:579:594:420:419:211:473:570:270:430:520:488:453:586:517:522:335:428:529:472:165:579:528:582:341:73:445:517:578:565:204:591:577:262:428:591:593:593:367:574:586:574:603:343:594:470:484:540:541:80:396:541:204:594:270:601:532:484:576:594:601:391:188:570:9:106:586:583:517:546:270:251:474:542:522:401:602:300:479:603:565:602:576:491:543:251:586:583:520:501:561:48:431:555:451:579:570:311:486:484:428:279:523:582:433:187
2855,3567,540,0,6308,43:1:2:32:2:4:5:6:7:4:8:63:36:9:10:160:10:12:215:312:12:14:9:8:15:16:20:15:18:19:503:19:81:22:48:7:23:18:14:503:187:4:16:6:25:12:38:26:0:28:131:25:29:29:503:492:45:187:26:31:606:7:60:21:28:33:20:492:23:4:34:32:16:34:312:48:36:312:22:0:37:46:33:492:38:23:39:39:606:171:41:171:42:43:2:38:215:41:33:44:160:20:89:21:75:45:606:49:108:190:10:50:76:44:51:77:34:47:52:51:53:54:55:36:53:32:57:28:48:94:93:42:60:49:61:47:62:120:55:64:65:54:52:62:43:64:93:66:67:1:73:67:68:31:37:69:57:65:548:182:69:22:89:8:60:217:72:56:40:68:29:120:19:74:124:74:65:75:37:43:76:61:77:0:45:78:233:81:72:596:49:80:596:11:82:83:84:56:64:596:548:85:86:85:80:233:86:80:73:87:83:63:69:55:88:89:78:90:88:91:67:91:89:14:548:78:81:88:94:21:95:40:11:31:52:44:55:94:87:95:97:192:40:97:72:21:144:50:136:223:100:101:102:103:82:104:25:103:101:105:106:103:73:107:105:104:108:98:109:108:51:109:39:100:128:15:160:71:107:111:112:113:322:54:159:116:102:126:83:116:94:114:36:107:117:118:68:119:77:71:132:112:58:63:536:121:122:122:119:111:42:90:5:123:113:159:606:124:125:31:118:41:5:124:127:126:128:129:202:29:130:131:122:132:125:133:123:117:133:127:18:126:129:33:34:132:109:19:134:97:135:58:134:137:135:138:109:96:139:127:78:140:141:186:142:84:96:137:130:101:141:142:144:145:136:146:129:91:146:139:27:84:119:147:130:138:121:149:61:147:233:95:192:53:151:123:147:120:125:87:152:153:41:153:145:152:149:100:186:39:154:155:150:50:157:107:156:133:155:223:136:158:154:157:75:158:151:190:142:160:143:146:161:162:163:202:162:161:11:37:143:128:150:140:190:112:114:153:168:169:58:124:169:168:170:11:6:84:131:56:1:172:172:137:156:322:167:536:173:66:174:173:175:174:165:166:17:166:170:536:175:164:66:24:416:536:503:179:180:180:181:181:182:158:183:26:134:184:179:175:185:116:186:186:151:95:159:173:185:164:46:62:139:24:189:171:191:150:187:113:93:90:191:179:193:191:134:105:194:110:138:189:183:67:110:195:194:196:197:312:27:132:197:198:195:199:143:74:184:106:98:155:196:200:166:152:192:181:5:57:183:201:141:138:202:200:51:203:253:199:190:205:205:104:206:46:176:207:208:201:168:203:198:243:209:66:6:211:2:111:172:208:211:110:209:411:212:167:213:194:212:117:411:176:193:167:210:206:170:114:201:137:135:168:20:147:122:161:188:169:213:216:144:217:85:153:55:218:219:360:151:146:92:22:221:220:219:221:165:195:222:223:224:180:229:221:163:222:215:174:156:182:184:225:49:227:218:144:150:228:226:155:218:210:230:123:225:136:231:50:74:224:554:231:212:230:56:102:45:77:98:234:234:235:234:236:221:237:238:154:88:236:199:239:118:208:165:237:554:241:240:241:242:308:239:235:62:27:223:219:63:243:133:243:176:230:242:76:108:227:244:226:245:217:246:222:228:247:248:246:416:235:249:224:247:210:249:252:135:225:316:239:248:229:233:250:252:110:249:209:166:97:17:86:231:240:242:254:255:257:216:287:255:258:185:305:256:254:258:257:260:32:261:360:162:263:264:178:265:61:213:263:59:238:266:178:267:211:254:260:248:71:268:252:268:269:244:264:245:272:243:9:57:193:196:273:269:26:267:227:274:275:276:440:276:275:278:290:272:81:273:274:595:163:282:86:71:38:192:17:284:278:285:239:282:116:286:246:247:149:317:274:286:284:220:266:220:139:266:202:384:289:411:265:260:180:92:300:285:169:292:289:279:271:279:197:199:294:284:206:149:75:295:294:296:121:91:40:292:297:273:298:162:299:300:286:524:324:157:295:302:231:303:300:69:268:297:140:271:293:260:219:98:265:304:305:304:261:205:86:306:292:188:308:302:309:298:279:205:237:295:308:287:296:191:310:311:187:198:311:313:189:314:315:142:316:266:250:59:314:317:306:314:92:298:230:299:253:178:303:111:158:318:289:76:257:238:317:320:321:320:113:299:318:259:315:321:198:322:267:60:323:323:323:203:157:324:325:326:140:68:310:316:319:324:214:104:305:325:288:328:329:285:330:244:294:331:331:332:207:332:334:337:336:99:338:334:339:222:339:321:525:335:128:341:171:338:330:329:342:214:229:342:343:335:282:336:188:235:337:72:326:240:344:345:346:347:269:345:341:348:271:382:85:346:350:348:351:351:343:352:241:255:299:342:310:353:344:1:159:354:525:524:23:350:339:189:352:315:355:355:353:96:356:328:335:65:347:464:356:287:358:40:359:354:354:324:83:595:94:199:361:288:449:311:121:365:361:293:359:355:553:568:367:368:332:256:102:264:365:358:568:252:338:370:371:272:206:368:372:438:373:370:337:25:125:297:375:338:376:404:100:263:273:145:371:8:377:378:245:376:375:377:259:373:333:367:368:378:126:372:52:276:376:311:345:379:380:370:284:215:382:225:106:383:344:554:383:336:384:309:200:296:318:360:524:129:207:595:200:290:244:313:319:333:200:258:388:342:389:213:380:329:42:356:389:382:16:390:310:374:388:390:347:17:274:346:391:385:306:392:473:386:58:309:304:371:395:395:367:280:291:99:229:357:392:256:397:397:320:376:54:245:398:399:406:374:156:163:402:414:403:350:365:391:399:404:251:290:276:414:0:406:326:404:375:406:402:361:28:403:369:407:385:341:408:291:336:313:410:216:379:372:278:297:322:408:357:18:291:407:359:178:464:399:118:283:380:218:99:377:348:473:386:290:317:253:414:356:416:415:416:53:417:353:110:373:351:418:106:330:420:350:434:173:421:417:262:307:212:382:452:424:553:275:402:425:420:303:308:282:66:161:112:410:283:406:353:325:429:254:302:429:329:374:421:10:432:430:194:357:387:280:397:352:285:208:431:427:432:228:420:258:430:433:434:241:434:405:220:234:433:468:406:432:383:410:437:384:438:383:384:439:198:440:424:425:417:441:415:442:15:307:499:508:120:437:250:47:226:399:185:321:381:405:447:424:448:427:265:441:447:445:444:389:413:446:385:422:379:340:452:247:407:496:393:434:436:439:453:411:454:454:275:340:453:455:331:179:427:237:495:465:293:99:455:456:442:288:508:449:253:403:459:448:448:259:454:459:421:59:392:444:236:164:429:463:424:460:381:464:465:143:81:460:421:442:390:369:465:466:280:467:227:143:93:468:466:463:415:436:469:391:418:439:203:343:455:103:370:268:268:452:168:429:472:440:281:378:470:469:475:468:393:569:476:456:449:314:478:422:479:358:481:568:304:511:478:483:475:471:479:396:335:494:444:281:201:432:486:511:27:280:471:460:165:511:59:398:398:467:489:483:556:445:490:182:433:489:348:490:491:491:447:569:426:303:454:441:328:369:82:494:437:347:495:209:491:170:44:328:419:184:316:418:456:369:306:393:486:209:496:325:409:396:511:419:164:476:514:547:590:250:488:333:488:459:500:500:377:438:390:471:415:466:554:251:519:519:485:509:497:154:494:364:374:510:131:449:368:481:508:119:493:498:181:509:364:262:513:472:409:105:483:426:426:447:357:470:396:64:339:387:397:504:215:364:575:459:497:545:373:530:504:419:519:499:283:451:408:381:545:12:7:351:485:520:523:490:313:497:469:405:525:217:398:238:525:590:90:467:463:43:413:333:481:307:530:319:414:529:188:295:294:464:425:127:524:530:263:46:267:315:498:529:452:277:479:462:530:523:528:80:516:593:504:355:95:537:485:445:467:537:92:539:281:539:499:96:249:474:176:534:255:320:528:532:542:543:544:394:542:543:422:425:516:592:496:394:364:236:513:490:544:427:141:426:532:547:465:513:539:499:262:591:1:197:29:545:534:302:394:514:556:495:340:436:451:483:474:175:553:493:283:534:446:555:372:555:544:493:319:547:456:401:257:489:598:431:534:578:24:556:272:277:560:444:561:473:560:546:265:575:575:261:598:560:166:561:388:475:413:537:458:510:408:462:401:277:540:446:492:458:239:470:323:390:516:458:569:498:334:484:590:360:409:440:389:501:514:519:47:603:462:578:500:145:501:353:595:478:598:450:545:579:580:577:498:214:565:577:437:448:592:278:395:450:569:510:277:580:580:509:540:546:579:594:420:419:211:473:570:270:430:520:488:453:586:517:522:335:428:529:472:165:579:528:582:341:73:445:517:578:565:204:591:577:262:428:591:593:593:367:574:586:574:603:343:594:470:484:540:541:80:396:541:204:594:270:601:532:484:576:594:601:391:188:570:9:106:586:583:517:546:270:251:474:542:522:401:602:300:479:603:565:602:576:491:543:251:586:583:520:501:561:48:431:555:451:579:570:311:486:484:428:279:523:582:433:187
2880,3567,540,0,6308,43:1:2:32:2:4:5:6:7:4:8:63:36:9:10:160:10:12:215:312:12:14:9:8:15:16:20:15:18:19:503:19:81:22:48:7:23:18:14:503:187:4:16:6:25:12:38:26:0:28:131:25:29:29:503:492:45:187:26:31:606:7:60:21:28:33:20:492:23:4:34:32:16:34:312:48:36:312:22:0:37:46:33:492:38:23:39:39:606:171:41:171:42:43:2:38:215:41:33:44:160:20:89:21:75:45:606:49:108:190:10:50:76:44:51:77:34:47:52:51:53:54:55:36:53:32:57:28:48:94:93:42:60:49:61:47:62:120:55:64:65:54:52:62:43:64:93:66:67:1:73:67:68:31:37:69:57:65:548:182:69:22:89:8:60:217:72:56:40:68:29:120:19:74:124:74:65:75:37:43:76:61:77:0:45:78:233:81:72:596:49:80:596:11:82:83:84:56:64:596:548:85:86:85:80:233:86:80:73:87:83:63:69:55:88:89:78:90:88:91:67:91:89:14:548:78:81:88:94:21:95:40:11:31:52:44:55:94:87:95:97:192:40:97:72:21:144:50:136:223:100:101:102:103:82:104:25:103:101:105:106:103:73:107:105:104:108:98:109:108:51:109:39:100:128:15:160:71:107:111:112:113:322:54:159:116:102:126:83:116:94:114:36:107:117:118:68:119:77:71:132:112:58:63:536:121:122:122:119:111:42:90:5:123:113:159:606:124:125:31:118:41:5:124:127:126:128:129:202:29:130:131:122:132:125:133:123:117:133:127:18:126:129:33:34:132:109:19:134:97:135:58:134:137:135:138:109:96:139:127:78:140:141:186:142:84:96:137:130:101:141:142:144:145:136:146:129:91:146:139:27:84:119:147:130:138:121:149:61:147:233:95:192:53:151:123:147:120:125:87:152:153:41:153:145:152:149:100:186:39:154:155:150:50:157:107:156:133:155:223:136:158:154:157:75:158:151:190:142:160:143:146:161:162:163:202:162:161:11:37:143:128:150:140:190:112:114:153:168:169:58:124:169:168:170:11:6:84:131:56:1:172:172:137:156:322:167:536:173:66:174:173:175:174:165:166:17:166:170:536:175:164:66:24:416:536:503:179:180:180:181:181:182:158:183:26:134:184:179:175:185:116:186:186:151:95:159:173:185:164:46:62:139:24:189:171:191:150:187:113:93:90:191:179:193:191:134:105:194:110:138:189:183:67:110:195:194:196:197:312:27:132:197:198:195:199:143:74:184:106:98:155:196:200:166:152:192:181:5:57:183:201:141:138:202:200:51:203:253:199:190:205:205:104:206:46:176:207:208:201:168:203:198:243:209:66:6:211:2:111:172:208:211:110:209:411:212:167:213:194:212:117:411:176:193:167:210:206:170:114:201:137:135:168:20:147:122:161:188:169:213:216:144:217:85:153:55:218:219:360:151:146:92:22:221:220:219:221:165:195:222:223:224:180:229:221:163:222:215:174:156:182:184:225:49:227:218:144:150:228:226:155:218:210:230:123:225:136:231:50:74:224:554:231:212:230:56:102:45:77:98:234:234:235:234:236:221:237:238:154:88:236:199:239:118:208:165:237:554:241:240:241:242:308:239:235:62:27:223:219:63:243:133:243:176:230:242:76:108:227:244:226:245:217:246:222:228:247:248:246:416:235:249:224:247:210:249:252:135:225:316:239:248:229:233:250:252:110:249:209:166:97:17:86:231:240:242:254:255:257:216:287:255:258:185:305:256:254:258:257:260:32:261:360:162:263:264:178:265:61:213:263:59:238:266:178:267:211:254:260:248:71:268:252:268:269:244:264:245:272:243:9:57:193:196:273:269:26:267:227:274:275:276:440:276:275:278:290:272:81:273:274:595:163:282:86:71:38:192:17:284:278:285:239:282:116:286:246:247:149:317:274:286:284:220:266:220:139:266:202:384:289:411:265:260:180:92:300:285:169:292:289:279:271:279:197:199:294:284:206:149:75:295:294:296:121:91:40:292:297:273:298:162:299:300:286:524:324:157:295:302:231:303:300:69:268:297:140:271:293:260:219:98:265:304:305:304:261:205:86:306:292:188:308:302:309:298:279:205:237:295:308:287:296:191:310:311:187:198:311:313:189:314:315:142:316:266:250:59:314:317:306:314:92:298:230:299:253:178:303:111:158:318:289:76:257:238:317:320:321:320:113:299:318:259:315:321:198:322:267:60:323:323:323:203:157:324:325:326:140:68:310:316:319:324:214:104:305:325:288:328:329:285:330:244:294:331:331:332:207:332:334:337:336:99:338:334:339:222:339:321:525:335:128:341:171:338:330:329:342:214:229:342:343:335:282:336:188:235:337:72:326:240:344:345:346:347:269:345:341:348:271:382:85:346:350:348:351:351:343:352:241:255:299:342:310:353:344:1:159:354:525:524:23:350:339:189:352:315:355:355:353:96:356:328:335:65:347:464:356:287:358:40:359:354:354:324:83:595:94:199:361:288:449:311:121:365:361:293:359:355:553:568:367:368:332:256:102:264:365:358:568:252:338:370:371:272:206:368:372:438:373:370:337:25:125:297:375:338:376:404:100:263:273:145:371:8:377:378:245:376:375:377:259:373:333:367:368:378:126:372:52:276:376:311:345:379:380:370:284:215:382:225:106:383:344:554:383:336:384:309:200:296:318:360:524:129:207:595:200:290:244:313:319:333:200:258:388:342:389:213:380:329:42:356:389:382:16:390:310:374:388:390:347:17:274:346:391:385:306:392:473:386:58:309:304:371:395:395:367:280:291:99:229:357:392:256:397:397:320:376:54:245:398:399:406:374:156:163:402:414:403:350:365:391:399:404:251:290:276:414:0:406:326:404:375:406:402:361:28:403:369:407:385:341:408:291:336:313:410:216:379:372:278:297:322:408:357:18:291:407:359:178:464:399:118:283:380:218:99:377:348:473:386:290:317:253:414:356:416:415:416:53:417:353:110:373:351:418:106:330:420:350:434:173:421:417:262:307:212:382:452:424:553:275:402:425:420:303:308:282:66:161:112:410:283:406:353:325:429:254:302:429:329:374:421:10:432:430:194:357:387:280:397:352:285:208:431:427:432:228:420:258:430:433:434:241:434:405:220:234:433:468:406:432:383:410:437:384:438:383:384:439:198:440:424:425:417:441:415:442:15:307:499:508:120:437:250:47:226:399:185:321:381:405:447:424:448:427:265:441:447:445:444:389:413:446:385:422:379:340:452:247:407:496:393:434:436:439:453:411:454:454:275:340:453:455:331:179:427:237:495:465:293:99:455:456:442:288:508:449:253:403:459:448:448:259:454:459:421:59:392:444:236:164:429:463:424:460:381:464:465:143:81:460:421:442:390:369:465:466:280:467:227:143:93:468:466:463:415:436:469:391:418:439:203:343:455:103:370:268:268:452:168:429:472:440:281:378:470:469:475:468:393:569:476:456:449:314:478:422:479:358:481:568:304:511:478:483:475:471:479:396:335:494:444:281:201:432:486:511:27:280:471:460:165:511:59:398:398:467:489:483:556:445:490:182:433:489:348:490:491:491:447:569:426:303:454:441:328:369:82:494:437:347:495:209:491:170:44:328:419:184:316:418:456:369:306:393:486:209:496:325:409:396:511:419:164:476:514:547:590:250:488:333:488:459:500:500:377:438:390:471:415:466:554:251:519:519:485:509:497:154:494:364:374:510:131:449:368:481:508:119:493:498:181:509:364:262:513:472:409:105:483:426:426:447:357:470:396:64:339:387:397:504:215:364:575:459:497:545:373:530:504:419:519:499:283:451:408:381:545:12:7:351:485:520:523:490:313:497:469:405:525:217:398:238:525:590:90:467:463:43:413:333:481:307:530:319:414:529:188:295:294:464:425:127:524:530:263:46:267:315:498:529:452:277:479:462:530:523:528:80:516:593:504:355:95:537:485:445:467:537:92:539:281:539:499:96:249:474:176:534:255:320:528:532:542:543:544:394:542:543:422:425:516:592:496:394:364:236:513:490:544:427:141:426:532:547:465:513:539:499:262:591:1:197:29:545:534:302:394:514:556:495:340:436:451:483:474:175:553:493:283:534:446:555:372:555:544:493:319:547:456:401:257:489:598:431:534:578:24:556:272:277:560:444:561:473:560:546:265:575:575:261:598:560:166:561:388:475:413:537:458:510:408:462:401:277:540:446:492:458:239:470:323:390:516:458:569:498:334:484:590:360:409:440:389:501:514:519:47:603:462:578:500:145:501:353:595:478:598:450:545:579:580:577:498:214:565:577:437:448:592:278:395:450:569:510:277:580:580:509:540:546:579:594:420:419:211:473:570:270:430:520:488:453:586:517:522:335:428:529:472:165:579:528:582:341:73:445:517:578:565:204:591:577:262:428:591:593:593:367:574:586:574:603:343:594:470:484:540:541:80:396:541:204:594:270:601:532:484:576:594:601:391:188:570:9:106:586:583:517:546:270:251:474:542:522:401:602:300:479:603:565:602:576:491:543:251:586:583:520:501:561:48:431:555:451:579:570:311:486:484:428:279:523:582:433:187
#2022-10-11 21:29:53
